8.11227
8.05776
7.98779
7.85619
7.44538
8.06005
8.23203
7.72054
8.08196
8.45904
7.98679
7.9025
7.60792
7.83362
8.29776
8.16857
7.32663
7.2779
8.04195
8.01953
7.08123
7.9522
7.95388
inf
7.95366
inf
7.24865
6.89544
7.20417
7.79546
7.39208
7.4402
7.72869
6.9459
7.84817
7.28364
7.29602
7.76811
inf
7.65603
7.6952
7.73954
inf
7.03402
inf
7.17726
inf
7.24328
7.66833
7.64944
7.66606
6.77628
7.55126
7.11413
inf
7.61398
7.6144
7.13025
7.18834
7.53684
7.13888
7.15394
inf
inf
7.57572
6.85675
7.4531
6.91341
7.15067
inf
7.41914
7.5548
inf
inf
6.83677
7.40206
7.07544
6.53038
7.07935
6.81414
6.66652
6.50723
inf
7.49045
7.02221
7.05791
6.79583
7.10524
inf
inf
7.47515
7.08408
inf
7.48373
6.72325
7.50837
6.75109
7.01716
7.50459
7.42446
7.33056
6.21884
7.4487
7.13995
6.77362
7.16196
7.47856
6.52893
6.81959
6.54857
7.33528
6.45407
6.76323
inf
7.06585
6.91918
7.57496
7.38449
6.76863
6.98506
6.70905
inf
6.76716
6.42929
6.50366
6.72865
6.77301
inf
inf
6.97515
7.14664
7.52096
inf
6.96717
7.16623
7.25262
6.63236
6.73921
6.76272
6.82673
inf
6.63205
6.68469
7.03514
7.05173
7.09067
7.08223
7.15764
6.72913
7.504
6.82441
7.36165
6.45047
6.93587
7.45831
7.51957
6.62806
inf
6.55778
6.84212
6.81225
7.22436
7.55367
7.16521
6.434
6.86465
6.96436
6.28491
7.24681
6.28848
6.39219
6.94385
6.8506
6.82063
7.06892
6.95394
6.77009
6.43061
6.96141
7.29384
6.56457
6.78508
6.97876
6.6311
6.94668
7.10895
6.77416
6.32455
6.39282
6.44066
6.44131
6.79499
7.14435
6.63395
6.83191
6.61543
6.83471
7.00405
7.41302
6.89135
6.65475
6.56623
6.92959
6.42804
6.56934
6.51459
6.92294
6.83454
6.54767
6.84066
6.3677
6.80593
6.55373
6.74441
6.88595
6.57088
6.61083
6.75083
6.76762
6.78245
6.47577
6.56742
6.7259
6.67607
6.51713
6.59615
6.76967
6.49529
6.39774
7.2085
7.23545
7.51864
6.74334
6.87825
6.97975
6.16198
6.74804
6.45361
6.91316
6.44706
6.50452
6.49138
6.88582
6.82244
6.83573
6.8649
6.25125
6.84017
6.26742
6.5046
6.60869
6.28953
6.3863
6.54018
7.43314
6.3206
6.55503
6.3049
6.62946
6.60362
6.47069
6.5557
6.82138
6.70625
6.4694
6.58123
6.42147
6.40583
6.73378
6.35087
6.69833
6.51641
6.46792
6.28006
6.55263
7.15073
6.56388
6.59985
6.86599
6.6313
6.87032
6.49135
6.62219
6.47376
6.80909
6.84995
6.9655
6.73418
6.48473
7.38684
6.33208
6.63483
6.64351
7.49887
6.25112
6.72877
6.65006
6.71358
6.59722
6.62081
6.42031
6.72876
6.64711
7.05333
6.94363
6.55455
6.52307
6.55649
6.6384
6.79409
6.64315
6.9095
6.96513
6.94557
6.73229
6.61906
6.46469
6.63034
6.54554
6.5718
6.60136
6.6402
6.53621
6.69478
6.73317
6.51546
6.67937
6.68911
6.48361
6.4522
6.90858
6.84971
6.4971
6.77665
6.97293
6.6965
6.36162
6.98142
6.66385
6.76898
6.65783
6.44026
6.6339
6.66517
6.76019
6.84229
6.33418
6.36041
6.86344
6.63244
6.81377
6.49624
6.54684
6.39567
6.41214
6.58672
6.51632
7.02022
6.49403
6.59947
6.40299
6.43738
6.5248
6.28972
6.54991
6.56875
6.56993
6.43379
6.45275
6.38051
6.60521
6.26171
6.29744
6.71273
6.18802
6.41336
6.25989
6.32709
6.6686
6.53342
6.34939
6.41374
6.31621
6.46223
6.35012
6.42371
6.24496
6.51701
6.3822
6.36523
6.45898
6.46737
6.36177
6.50683
6.53252
6.58822
6.54474
6.55725
6.59145
6.6833
