7.3515
7.3597
7.36774
7.38002
7.1301
7.32749
6.95215
7.17129
6.97997
7.09573
6.95565
6.81645
7.18022
7.22078
6.88123
7.12929
7.11886
6.87533
8.24838
7.19752
6.86531
7.3163
6.98726
6.94811
8.30298
7.09273
7.52414
7.09556
inf
6.92311
7.26592
7.1991
7.10503
6.93473
7.13145
7.41956
7.70363
7.70463
7.54171
7.0699
7.8961
7.05825
7.62929
7.14519
7.34908
7.8068
7.27129
7.33406
7.62544
7.54442
7.72542
6.70659
7.68708
7.20618
7.65588
7.66353
7.75975
7.48622
7.16978
7.48148
7.56751
inf
7.52037
7.53647
inf
7.05782
7.60473
inf
inf
7.15812
7.06008
inf
7.5434
inf
7.08997
7.40665
7.03735
inf
inf
inf
inf
inf
6.76557
inf
inf
inf
inf
inf
inf
inf
inf
inf
inf
inf
inf
inf
inf
7.45964
inf
inf
7.42469
inf
inf
inf
6.96785
inf
inf
inf
inf
inf
inf
inf
7.32115
inf
inf
inf
7.54349
7.35007
inf
inf
7.44106
inf
inf
6.96085
inf
inf
inf
inf
inf
inf
inf
inf
inf
inf
inf
inf
7.32733
inf
7.32563
inf
7.34247
inf
7.40224
inf
inf
inf
inf
inf
inf
inf
inf
inf
inf
inf
7.38833
inf
inf
inf
inf
7.50165
inf
inf
inf
inf
inf
7.44838
inf
inf
inf
inf
inf
inf
7.51656
inf
inf
inf
inf
inf
inf
inf
inf
inf
inf
inf
7.72022
inf
inf
inf
inf
7.58589
inf
7.65636
inf
7.74637
inf
7.33419
inf
7.83973
inf
8.01319
8.00252
inf
inf
7.82289
inf
inf
inf
7.71704
inf
7.68205
7.63987
inf
inf
inf
inf
inf
inf
inf
inf
inf
inf
7.57599
inf
inf
inf
inf
7.55584
inf
inf
inf
inf
inf
inf
inf
7.5855
inf
inf
inf
inf
inf
6.98974
inf
inf
inf
inf
inf
inf
7.49188
inf
inf
inf
inf
7.43747
inf
inf
inf
inf
inf
inf
inf
inf
inf
inf
inf
7.39836
inf
inf
7.44958
inf
7.50828
inf
inf
inf
inf
inf
inf
inf
inf
inf
inf
inf
inf
7.50238
inf
6.96393
7.32359
7.53329
7.55992
inf
inf
inf
7.40501
7.42477
inf
7.40609
7.03217
7.32046
7.38861
inf
inf
6.97116
7.33317
inf
inf
6.93678
7.04471
7.03259
inf
7.49902
6.94462
7.5098
inf
inf
inf
6.98074
7.39886
inf
6.61223
6.62649
6.81964
7.41347
7.49491
inf
7.39747
inf
6.64224
6.69083
inf
7.04694
7.01855
7.0891
7.13186
7.1491
7.03658
6.61863
7.45252
7.11316
7.13569
7.16208
7.17094
7.16958
6.63025
6.67277
6.75474
6.9695
6.82448
inf
7.10176
6.85229
7.53748
6.76432
7.27166
7.17981
6.49631
6.88324
6.70055
6.90883
6.64321
6.60651
6.31557
6.87254
6.28329
6.73226
6.44887
6.75831
6.34762
6.59678
6.687
6.6301
6.61329
6.69531
6.17843
6.72679
6.49005
6.90357
6.54038
6.18561
6.69828
6.56269
6.54141
6.71591
6.32539
6.74303
6.53236
6.10532
6.51225
6.53696
6.45564
6.57845
6.58246
6.38189
6.38833
6.642
6.55151
6.41891
6.40203
6.51027
6.56453
6.56691
6.62083
