7.5235
7.48401
7.47707
7.46507
7.10372
7.51329
7.18539
7.26105
7.16686
7.41992
7.0893
7.13502
7.2042
7.20015
7.29273
7.26862
7.06106
7.05471
7.77468
7.20285
6.87511
7.22625
7.52648
7.35877
8.00197
7.40201
7.15233
6.89326
7.15572
7.45469
7.02189
7.12973
7.54307
6.85443
7.25683
7.44295
7.08826
inf
7.85561
7.19062
7.2371
7.58516
7.36066
7.26369
8.0873
7.32089
7.18618
7.03145
7.55028
7.30565
8.05828
6.77944
7.3109
7.18162
7.96416
7.92277
7.12239
7.44126
6.9122
7.84929
7.20689
7.91113
7.83283
7.84592
7.14972
7.17741
7.23038
7.41173
7.2285
7.87883
7.11507
7.86603
7.86033
7.91467
6.80462
7.11556
6.99644
6.9762
7.2037
7.29309
6.96528
6.59206
inf
7.33632
7.43905
7.35214
7.31631
7.41768
inf
7.8723
7.79017
7.75519
7.4866
inf
7.17976
7.37575
7.30813
7.1103
7.36875
7.29456
7.0267
6.79181
7.30251
7.33519
6.98351
7.88812
6.90563
7.03567
7.14963
6.88453
7.25896
6.93782
6.91001
7.39595
7.6753
7.14698
7.77009
7.04818
7.79084
7.70513
6.73346
7.66116
6.69776
7.10496
6.80427
7.33961
7.11532
7.7998
7.702
7.37062
7.06512
inf
7.49045
7.38867
7.29645
7.69714
6.74299
6.79912
7.77578
6.80918
inf
7.00562
7.13574
6.96184
inf
7.13729
7.19981
7.47896
7.01063
7.9016
7.13501
7.02865
7.0799
7.10383
7.79552
7.07226
7.32416
7.13156
7.12012
6.95952
6.80612
8.01889
7.64593
6.9794
6.49521
6.71486
6.55601
6.82139
7.20421
6.6409
6.53225
7.05568
6.65005
6.93956
7.07642
7.29084
6.39905
6.79721
7.50064
7.83171
6.4413
7.11677
6.93908
6.55869
6.40862
6.54113
7.14233
6.4658
6.45696
6.50294
6.55627
6.56757
7.03372
6.65258
6.77375
6.32068
6.95828
7.01019
6.50979
6.56309
6.42082
6.39356
6.65081
6.81049
6.19079
6.89192
6.76351
6.81361
6.69976
6.4608
6.35704
6.48565
6.39019
6.53359
6.80766
6.46188
6.42702
6.78481
6.54377
6.70229
6.60214
6.75649
6.52273
6.54603
6.60115
6.36954
6.7848
6.44757
6.54524
6.76025
6.6547
6.51536
6.29741
6.15464
6.71523
6.42412
6.87861
6.35787
6.72083
6.34645
6.52947
6.3756
6.50899
6.45327
6.16274
6.49931
6.30513
6.71432
6.38897
6.61554
6.41991
6.03032
6.35
6.57583
6.45088
6.21043
6.21867
6.16964
6.64202
6.40707
6.31832
6.06677
6.31896
6.19756
6.23844
6.23435
6.25658
6.49677
6.17058
6.03712
6.26938
6.52459
6.16947
6.71359
6.30699
6.49811
6.27725
6.33807
6.67272
6.55248
6.28054
6.30795
6.81585
6.40519
6.30161
6.57051
6.16561
6.47588
6.54587
6.45585
6.15314
6.03633
5.90085
6.00602
5.82418
6.01606
6.24149
6.32362
6.02781
6.20187
5.91582
6.1062
6.18082
6.15717
5.97619
6.11332
5.84206
6.30138
5.8908
6.30435
6.13499
5.73441
5.78587
6.06046
6.12261
5.92103
6.18206
5.67735
6.21328
5.86059
5.84105
5.63344
6.85915
5.70896
6.28838
6.18445
5.95855
6.21127
6.25479
5.78847
5.97472
5.90587
5.9589
5.7754
5.69664
5.92163
5.84255
5.91455
5.80012
5.73436
5.92677
5.82839
5.77932
5.76404
5.83646
5.78626
5.67053
5.50095
5.77959
5.75069
5.81471
5.77035
5.65449
5.60954
5.83964
5.80764
5.53298
5.74575
5.7249
5.49676
5.62279
5.51922
5.71558
5.60159
5.61587
5.43792
5.64146
5.58862
5.78591
5.56361
5.5684
5.52709
5.54979
5.52081
5.6388
5.572
5.48572
5.67727
5.60141
5.89909
5.66366
5.63979
5.5708
5.49732
5.60798
5.52172
5.65027
5.60897
5.62513
5.66405
5.75881
5.61829
5.58877
5.77767
5.65185
5.60478
5.65197
5.78677
5.81981
5.7864
