6.45903
6.56185
6.59963
6.59072
6.70199
6.84029
6.87017
6.8545
6.75982
6.87948
6.82956
6.79347
7.0223
6.9339
6.98575
7.33564
6.94659
7.05478
6.97366
6.9987
6.70033
7.20108
6.96112
6.98612
7.10124
6.95129
6.62579
6.68056
7.15495
6.81534
6.80791
7.18886
7.18136
7.2218
7.39172
6.99992
6.8606
6.88594
7.27271
7.2416
6.96664
6.84276
7.18326
7.17498
7.21345
6.88588
7.21767
7.5689
6.89211
6.9862
6.96279
6.94787
7.02953
6.74021
7.21298
7.44414
6.68366
7.23512
7.06998
7.2785
6.88048
6.91391
6.94115
7.5371
7.01968
6.83665
7.72304
7.07902
6.89222
7.04571
6.99532
7.07061
7.47923
7.14759
7.67196
7.30837
6.97853
7.2761
7.0357
7.07318
7.58977
7.05433
7.28838
6.97172
7.39374
7.56615
7.01618
7.85642
7.15216
7.52465
7.64587
7.04503
7.19466
7.56564
7.33853
8.27494
7.05409
7.06381
7.84314
7.02441
7.40343
7.1892
7.11891
7.47309
7.12859
7.2277
7.24925
8.09913
7.85293
7.11106
7.51839
inf
7.23623
7.7864
7.86235
7.42972
6.99099
7.82281
7.39786
7.48729
7.86804
7.45008
7.51721
7.24444
7.4405
7.32585
7.04451
7.24634
8.02377
7.90408
7.24418
7.54772
7.12227
inf
7.98522
7.43508
7.37447
7.80336
8.20163
inf
inf
7.89587
8.12993
inf
7.48617
7.9809
7.77238
7.55308
7.21264
7.15346
7.88782
7.33425
7.46631
inf
inf
7.86075
7.9293
inf
inf
7.72948
7.34981
7.85987
7.71653
7.52024
7.38802
7.67152
7.29542
inf
7.2597
7.95699
7.66681
7.65537
7.08772
inf
inf
7.70892
7.78342
inf
inf
inf
inf
inf
7.31296
7.81207
7.0528
7.67783
inf
7.31436
7.86846
7.34656
7.2593
7.88715
inf
7.30262
7.63788
7.81302
7.69014
7.74176
7.85016
7.85739
7.74436
7.78022
7.58116
7.69439
7.54444
inf
7.51967
inf
7.51566
inf
inf
7.45589
7.49872
inf
inf
7.45428
inf
7.41064
inf
inf
inf
7.38953
inf
inf
inf
inf
inf
7.45427
inf
inf
inf
inf
inf
inf
inf
inf
inf
inf
7.29282
inf
inf
inf
inf
inf
inf
inf
inf
inf
inf
inf
inf
inf
inf
inf
inf
inf
inf
inf
inf
inf
inf
inf
inf
inf
inf
inf
inf
inf
inf
inf
inf
inf
inf
inf
inf
inf
inf
inf
inf
inf
inf
inf
inf
inf
inf
inf
7.1595
inf
inf
inf
inf
inf
inf
inf
inf
inf
inf
inf
inf
inf
inf
inf
inf
inf
inf
inf
inf
inf
inf
inf
inf
inf
inf
inf
inf
inf
inf
inf
inf
inf
inf
inf
inf
inf
inf
inf
inf
inf
inf
inf
inf
inf
inf
inf
inf
inf
inf
inf
inf
inf
inf
inf
inf
inf
inf
inf
inf
inf
inf
inf
inf
inf
inf
inf
inf
inf
inf
inf
inf
inf
inf
inf
inf
inf
inf
inf
inf
inf
inf
inf
inf
inf
inf
inf
inf
inf
inf
inf
inf
inf
inf
inf
inf
inf
inf
inf
inf
inf
inf
inf
inf
inf
inf
inf
inf
inf
inf
inf
inf
inf
