7.8256
7.73163
7.67406
7.7079
7.51619
7.64831
7.62295
7.68317
7.9427
7.63777
7.68959
7.78436
inf
8.11033
7.2309
7.49258
7.58423
7.71861
7.68009
7.90129
7.34076
7.4423
7.28717
7.56614
7.54422
8.19201
7.51137
7.50011
7.70932
inf
8.11641
7.42522
7.11381
7.09754
8.02508
7.62293
7.35422
7.04463
7.35105
6.75462
7.31761
6.79754
7.12232
6.98826
6.866
7.26606
7.09067
inf
7.23369
inf
inf
7.89659
7.03995
6.92081
inf
7.86313
6.78232
7.41191
6.8749
7.0188
7.80641
7.40172
7.167
inf
6.9737
7.12797
7.38951
6.96412
7.12522
6.96161
7.12003
6.72349
6.53081
6.6191
6.94235
6.94428
7.75121
7.35513
7.34713
6.59607
7.34635
7.0829
inf
7.33547
7.7795
7.31096
7.09096
7.11152
6.50415
6.81636
7.08959
6.7962
6.91377
7.08297
6.44724
6.91642
7.31967
7.07663
7.08756
7.3266
7.08287
6.59116
6.91002
6.33143
6.95131
6.92189
6.4217
7.32399
6.60785
6.62016
7.32965
7.08907
6.54662
6.90318
7.7404
7.1047
7.31237
6.83266
6.80649
6.69905
6.70501
7.11857
6.83169
6.96812
7.09584
6.4615
6.63488
6.94762
6.71188
6.93533
6.8442
6.96579
7.17534
6.97787
7.37792
6.74519
6.48507
6.94937
7.13448
7.81586
6.79105
6.7352
6.96271
7.35456
6.61806
6.55991
6.93641
6.63112
7.14019
7.08834
6.79693
6.54012
6.94692
6.46027
6.55601
7.33418
6.80295
6.44406
7.73111
6.48924
7.05608
6.8271
6.47077
6.77688
6.6985
6.73485
6.63915
6.69508
6.42941
6.6784
6.55659
6.7268
6.65039
6.67905
6.77231
6.66336
6.22804
7.14638
6.62792
6.63864
6.38723
6.46884
6.32274
6.67314
6.45711
6.33758
6.77105
6.59387
6.51601
6.66423
6.60977
6.34145
6.18046
6.32032
6.49943
6.60614
6.17576
6.28126
6.29879
6.21191
6.24204
6.0356
6.15556
6.19397
6.10117
6.21942
6.26077
5.97132
6.22392
6.20019
5.94346
6.29295
6.52968
6.32688
6.10661
6.32374
6.18462
6.07554
6.13007
6.44653
6.07228
6.63667
6.01081
6.3917
6.13376
6.12656
6.28386
6.09684
6.19711
5.90891
6.32959
6.34024
6.18587
5.94515
6.04472
5.97074
6.26418
6.32203
6.2039
6.20894
6.06275
6.04176
6.40521
6.26868
6.28074
5.85511
6.03706
5.98509
6.05281
6.05351
6.2693
6.01853
6.29993
5.88265
6.08738
5.99446
5.90922
6.16489
6.19808
5.94539
6.35463
5.6331
6.13156
5.96855
6.05023
6.01418
5.96842
5.79728
6.22593
5.52786
5.86757
5.80279
5.69953
6.16357
5.83882
6.14914
6.08537
6.29645
5.89146
5.90481
5.90202
6.00552
5.95143
5.84578
5.97688
5.87317
5.92391
5.80435
5.78837
5.82537
5.61574
6.19682
5.77596
5.66522
5.90932
5.89862
5.55028
5.77662
5.74385
5.79024
6.06376
5.77193
5.91765
5.6871
5.90121
5.98415
5.75378
5.8864
5.92013
5.85999
5.8781
5.71174
5.8547
5.94116
6.10828
5.98036
6.17054
5.83027
5.78121
5.64234
5.95413
6.23493
5.75625
5.62302
5.77319
5.73776
5.91585
5.85438
5.60905
5.54589
5.69374
5.73956
5.90435
5.6698
5.69796
5.61618
5.6502
5.6155
5.62263
5.50628
5.86724
6.11875
5.63289
5.57281
5.70596
5.88269
5.58336
5.77486
5.55323
5.60987
5.83336
5.6837
5.6095
5.60208
5.70098
5.49239
5.63221
5.39346
5.6979
5.53696
5.66944
5.44611
5.48586
5.47895
5.91709
5.61815
5.5694
5.61751
5.59039
5.34818
5.48675
5.60734
5.52368
5.52016
5.54304
5.45957
5.30356
5.41321
5.51927
5.70929
5.40511
5.52683
5.49278
5.67965
5.50282
5.52961
5.48467
5.48272
5.42111
5.59986
5.52307
5.41406
5.59972
5.45756
5.49074
5.41657
5.47684
5.41915
5.36099
5.36813
