7.12224
7.07321
7.01382
6.99985
6.8977
6.96196
6.83803
6.81669
6.93634
6.74783
6.64258
6.82753
6.71925
6.58813
6.68096
6.60857
6.72873
6.61711
6.74766
6.56854
6.4544
6.76774
6.65573
6.53529
6.63651
6.933
6.77745
6.68998
6.7861
6.74625
6.38649
6.4465
6.67202
6.87323
6.7218
6.68395
6.70519
6.68852
6.66231
6.61029
6.52938
6.81539
6.76098
6.94024
6.55368
6.74787
6.66363
6.64132
6.76295
6.82586
6.64469
6.96337
6.87974
6.46993
6.6718
6.68734
6.5264
6.50799
6.5901
6.56773
6.74685
6.99008
6.89803
6.42076
6.5796
6.54471
6.74892
6.76303
6.69978
6.65694
7.01856
6.38655
6.72108
6.59751
6.87258
7.03447
6.45789
6.91373
6.84314
6.36176
6.75319
6.80761
6.96972
6.55885
6.68703
6.69781
6.43184
6.56927
6.8058
6.3984
6.65853
6.46841
6.43364
6.61183
6.88564
6.6029
6.54771
6.7567
6.70545
6.58257
6.42439
6.42971
6.52438
6.76452
6.84778
6.82403
6.37578
6.72469
6.57398
6.80447
6.55706
6.6125
6.51168
6.84828
6.52376
6.57591
6.95673
6.42391
6.57699
6.62465
6.79581
6.59196
6.52833
6.633
6.98482
6.52256
6.73752
6.97346
6.65456
6.56619
6.62374
6.7215
6.83798
6.69454
7.08154
6.73783
6.55871
6.64963
6.7658
6.75898
6.58218
6.64288
6.28812
6.82926
6.50321
6.4768
6.63951
6.46177
6.70104
6.75479
6.6916
6.8944
6.76201
6.45457
6.71723
6.74231
6.57438
6.42287
6.76242
6.61816
6.50297
6.50669
6.72491
6.66204
6.27473
6.71829
6.84802
6.53928
6.84269
6.58217
7.18003
6.90033
6.53513
6.7139
6.59614
6.79391
6.23302
6.52081
6.76137
6.59344
6.55725
6.25988
6.8241
6.24961
6.59467
6.51574
6.5866
6.69383
6.0144
6.55012
6.54372
6.55161
6.39009
6.63356
6.51275
6.22564
6.21095
6.10665
6.59012
6.2411
6.2084
6.51127
6.15139
6.45578
6.50125
6.16086
6.20059
6.39007
6.55107
6.64666
6.57103
6.22059
6.63466
6.47651
6.30756
6.37437
6.31335
6.48199
6.01068
6.16365
6.64923
6.69864
6.32163
6.39465
6.11369
6.21885
6.52396
6.38364
6.64234
6.34539
6.80553
6.35115
6.25263
6.12742
6.32631
6.96244
6.23531
7.48155
6.29132
6.1789
6.20718
6.20119
6.69395
6.19109
6.53242
6.04336
6.37068
6.07769
6.67646
6.26413
6.46154
6.51705
6.20176
7.27798
6.33382
6.21508
6.59984
6.22107
6.57749
6.41894
6.62499
6.2888
6.30491
6.31978
6.85653
6.59438
6.63238
6.15308
6.00549
7.24204
5.90413
6.06057
6.17141
6.16012
6.83525
6.78482
6.25181
6.54926
6.82442
6.0503
6.77302
6.14448
6.79996
6.74858
6.51627
6.40218
5.95475
6.14462
6.52989
6.24547
6.79643
6.10055
6.24356
6.02615
5.99481
6.75959
6.01418
6.52209
6.09044
6.723
6.33951
6.50122
6.08489
6.09743
6.00791
6.51204
6.1983
6.73625
6.51022
6.33548
7.13645
5.99593
6.70824
6.1844
6.47992
7.17795
7.1236
6.32162
6.73293
7.17139
6.47149
6.33328
6.19367
6.73387
6.00011
5.83484
6.08142
5.98948
6.19357
6.48755
6.72121
6.72062
6.18769
inf
6.50169
7.14089
7.18278
6.73996
6.74413
7.15836
6.51309
6.511
6.75504
5.93579
inf
6.34607
6.35736
6.35337
inf
inf
6.76091
6.51162
inf
6.37014
6.54023
6.24138
6.37823
5.96188
6.25962
6.38871
6.39808
6.27377
6.27372
6.57579
6.82205
6.82917
6.28931
6.83744
6.86535
inf
7.26889
6.47753
6.45411
6.66441
6.49553
6.36091
6.38113
6.51226
6.93611
6.55613
6.14349
6.57755
6.74379
6.3635
6.48466
6.40017
6.82746
6.26574
6.37549
6.1818
5.93689
6.37254
6.33514
5.96806
5.90634
5.90187
5.56137
5.50454
5.62788
5.64922
