6.72093
6.64037
6.62076
6.63746
6.63724
6.65858
6.51023
6.54035
6.67905
6.68443
6.55776
6.57188
6.57368
6.49503
6.6075
6.51703
6.62365
6.65276
6.63696
6.62586
6.73688
6.52374
6.56381
6.61828
6.82389
6.67634
6.82018
6.56335
6.73471
6.65682
6.63474
6.86779
6.88443
6.76712
6.9005
6.72034
6.68971
6.78591
6.82118
6.68062
6.83964
7.05586
6.67587
6.85582
6.83506
6.59901
6.92783
6.73717
6.79423
7.02869
6.92881
6.96109
6.90915
6.93275
7.09114
6.8932
6.70067
6.90585
6.93827
7.37291
6.81308
7.37823
6.98994
6.94985
7.03324
6.77897
6.84755
7.0252
6.93645
6.8706
6.71826
6.87534
7.34221
6.85197
7.59719
7.20543
6.89753
7.04869
6.66536
7.15018
6.85587
6.66381
7.17074
6.89468
6.75657
7.17373
6.81799
6.85726
7.69243
7.04725
7.45716
6.79493
7.06366
6.85965
6.86232
7.22747
7.11964
6.98538
7.02035
6.78504
6.63102
7.39419
7.02534
6.73077
6.76439
6.75443
7.28105
6.88736
7.14715
6.83238
7.99163
6.61801
7.33791
6.98923
6.99308
7.17425
7.42828
6.77587
6.91849
7.04709
7.07559
7.14461
6.67082
6.92461
6.89581
7.30055
6.79252
6.57469
7.13116
6.74701
6.70696
6.82122
7.09601
6.8161
6.80134
6.80266
6.97357
7.49943
6.98493
6.76109
6.92437
6.76798
6.57649
6.79979
6.93552
6.78455
6.83353
6.98422
6.64776
6.74158
7.13454
6.61632
6.90193
6.58866
7.2329
7.00613
6.64356
6.67861
6.58725
6.59326
6.87815
7.15479
6.66901
6.77983
6.93937
6.89749
7.14953
7.28142
7.74007
7.75144
6.69633
6.70638
6.7743
6.8009
6.78584
6.74257
6.92981
6.75417
6.83397
6.80282
6.85463
7.36936
6.98088
6.57352
7.0208
6.79106
6.42118
6.98154
6.47868
6.47389
6.8448
6.57794
6.81646
6.91288
6.38142
6.56255
6.95846
6.96171
6.69079
6.73325
6.96745
6.51886
6.87075
6.80169
6.58883
6.5927
6.52715
7.05534
6.81005
6.20673
6.59219
6.6107
6.55218
7.02142
6.78276
6.82524
6.62559
7.2862
6.64174
6.44049
7.12297
7.68356
6.71192
6.57803
6.62105
6.97862
6.34695
7.34044
6.65668
6.29685
6.89211
6.6369
6.55454
6.84842
6.72475
6.80597
7.12906
7.17671
7.25194
6.58449
7.35593
6.49943
6.81788
7.47639
7.48042
6.78641
7.16935
6.47988
6.69882
6.81466
6.64714
6.63233
7.39129
7.318
6.83957
inf
6.51887
7.10034
6.72553
6.73612
6.4604
7.04714
6.94652
7.47802
6.80651
7.36133
7.46305
inf
7.55921
6.97125
7.36811
6.9668
inf
6.52651
6.30877
6.28036
7.38518
7.34163
6.87663
7.31516
7.38397
7.51005
6.87889
6.9273
7.29306
7.37805
6.50319
7.5654
6.37572
7.38696
6.36876
inf
6.34361
7.48577
6.74802
6.90999
7.02837
6.54308
6.3509
inf
7.57342
7.0196
6.70161
6.41417
inf
6.96503
inf
7.33176
7.37097
7.48476
inf
7.02344
6.51421
6.99478
7.25886
7.39386
6.9486
6.69691
6.29774
6.86529
7.27178
6.72576
6.48583
6.91073
6.96969
6.98307
inf
inf
6.92352
7.30952
inf
6.71232
6.92488
6.56539
inf
inf
inf
7.3513
7.03164
7.30938
6.73676
7.33207
7.38699
7.42606
7.41675
7.31927
7.33243
6.94049
6.73515
inf
6.75576
7.40516
6.9953
inf
6.73801
7.05358
7.3622
7.48847
7.4934
6.59542
7.37423
inf
inf
7.40583
6.7815
7.42377
6.83823
7.10957
7.07367
7.07263
7.1035
7.55274
6.45014
7.22038
7.17012
7.59637
7.54642
inf
inf
7.00294
7.61365
7.60856
6.74161
6.85631
7.1035
inf
6.93124
7.74025
7.38799
7.90892
6.88952
7.26187
7.13948
6.71152
6.76323
6.76215
6.75662
6.59452
6.48377
6.74494
