6.62479
6.7051
6.72358
6.71977
6.82742
6.74178
6.91913
6.92446
6.89408
6.81024
6.79648
6.75346
6.85234
6.89227
6.91511
6.88975
7.0873
6.81124
6.77019
7.02791
6.65754
6.95068
6.76724
6.6163
6.79042
7.08159
6.70269
6.4077
7.09346
6.69577
6.42371
6.72027
6.92852
7.29103
7.16428
6.69171
7.26427
6.96092
6.90661
6.88151
6.59612
6.59467
6.9022
6.64783
7.06919
6.68989
6.64755
6.72882
6.80903
6.75629
6.74365
6.77034
6.92279
6.54648
6.72869
6.99383
6.47881
6.9603
6.70078
6.7391
7.56359
6.39396
6.66716
6.934
6.41775
6.56434
7.01504
7.29559
7.22977
6.65203
6.67472
6.78905
6.78821
6.73491
6.99243
6.66189
6.86895
7.09417
6.51265
7.03538
7.41648
6.91288
7.27324
6.40423
7.06551
7.43293
6.78115
7.0887
7.11037
7.49171
7.52699
7.39114
6.86051
7.42416
6.40378
7.59864
6.92208
6.63323
7.16499
6.74134
7.20965
6.64144
6.86114
7.19918
7.87526
7.00699
7.15193
6.70054
7.00215
7.67647
6.72289
7.03433
6.90718
6.86276
inf
6.8897
6.78428
7.07131
6.85953
7.12536
7.43626
6.89979
6.92045
7.55384
7.17566
6.81133
7.05184
7.18897
7.12879
inf
7.48042
6.88526
7.17276
6.49719
6.93535
7.39996
6.68605
7.59957
7.0525
inf
inf
7.5327
7.78367
7.43369
7.34499
inf
inf
7.65059
7.43755
7.00456
7.10308
7.40024
7.07667
7.70765
inf
inf
6.91554
7.50923
7.52294
inf
6.84471
7.61172
inf
7.14183
7.15633
7.18004
7.13294
7.45264
7.49515
7.19765
inf
7.4725
7.20234
7.08766
inf
inf
7.19824
inf
inf
inf
inf
inf
7.18549
inf
7.57722
7.61826
7.76612
7.28457
7.84536
7.8155
7.28472
inf
7.33779
6.97283
inf
7.40263
7.81021
inf
8.04985
8.17497
8.06711
inf
7.4866
7.90242
7.38305
7.71754
inf
inf
inf
inf
7.6496
inf
7.21936
7.58755
inf
inf
inf
7.14622
inf
inf
inf
inf
7.51196
inf
inf
inf
inf
inf
inf
7.56832
inf
inf
inf
inf
inf
inf
inf
inf
inf
7.4163
inf
inf
inf
inf
inf
inf
inf
inf
inf
inf
inf
inf
inf
inf
inf
inf
inf
inf
inf
inf
inf
inf
inf
inf
inf
inf
inf
inf
inf
inf
inf
inf
inf
inf
inf
inf
inf
inf
inf
inf
inf
inf
inf
inf
inf
inf
7.34348
inf
inf
inf
inf
inf
inf
inf
inf
inf
inf
inf
inf
inf
inf
inf
inf
inf
inf
inf
inf
inf
inf
inf
inf
inf
inf
inf
inf
inf
inf
inf
inf
inf
inf
inf
inf
inf
inf
inf
inf
inf
inf
inf
inf
inf
inf
inf
inf
inf
inf
inf
inf
inf
inf
inf
inf
inf
inf
inf
inf
inf
inf
inf
inf
inf
inf
inf
inf
inf
inf
inf
inf
inf
inf
inf
inf
inf
inf
inf
inf
inf
inf
inf
inf
inf
inf
inf
inf
inf
inf
inf
inf
inf
inf
inf
inf
inf
inf
inf
inf
inf
inf
inf
inf
inf
inf
inf
inf
inf
inf
inf
inf
inf
