7.46984
7.42069
7.44484
7.27596
7.1945
7.3219
7.36276
7.35567
7.48282
7.30674
7.48722
7.31308
inf
7.77549
6.97847
7.15332
7.11949
7.38373
7.58659
7.3262
7.13281
6.97679
7.08299
7.05425
7.20056
7.85117
7.17494
7.41507
7.12792
inf
7.77882
7.33051
6.76929
6.76565
7.279
7.2813
7.25848
6.84141
6.6999
6.58739
6.68408
6.459
6.78619
6.78276
6.63763
7.17428
6.50663
7.58314
6.88899
inf
inf
7.55594
6.70113
6.70891
7.55873
7.52032
6.5451
7.06896
7.08362
6.54448
inf
6.65379
6.51549
inf
7.04269
7.03671
7.02522
6.63364
6.47918
6.49043
7.45956
6.60671
5.99808
6.37267
6.36477
7.00713
6.7611
7.01219
7.00387
6.59362
6.57276
6.56424
inf
inf
6.75062
6.96057
6.98061
6.74891
6.42793
6.56464
6.44388
6.74078
6.22656
6.7143
6.33458
6.22421
6.54257
6.70462
6.71616
inf
6.41047
6.52478
6.42222
6.06809
6.71266
6.31029
6.15062
6.72886
6.43003
6.24532
6.31235
6.94018
6.32635
6.30763
inf
6.94537
6.71038
6.43357
6.4311
6.43154
6.22654
6.94913
6.97822
6.55283
6.32974
6.56325
6.15036
6.31634
6.23011
6.71487
6.56642
6.46803
6.92989
6.58637
6.57799
6.76254
6.37061
6.44447
6.72445
6.57938
6.33735
6.43661
6.21597
6.60178
6.59012
6.82038
6.31465
7.53262
6.64501
6.49246
6.49609
6.06369
6.65867
6.38655
6.31629
6.55055
6.41308
6.35655
6.82074
6.51176
6.43611
6.89138
6.56454
6.44059
6.45648
6.56807
6.27292
6.43621
6.89566
6.39316
6.73656
6.18454
6.46276
6.52334
6.39128
6.63928
6.3954
6.54418
7.01821
6.29025
6.29791
6.3184
6.47536
6.52516
6.31015
6.49951
6.82999
6.58992
7.24038
6.9935
6.71436
6.28835
6.22809
6.56898
6.66445
6.67559
6.59461
6.44208
6.40141
6.63384
6.53502
6.64716
6.28308
6.42296
6.8716
6.50198
6.57069
6.33431
6.55797
6.07153
6.43443
6.26008
7.2253
6.58767
6.59034
6.38289
6.22213
6.43528
6.18525
6.44568
6.59203
6.55366
6.28349
6.38099
6.63436
6.28447
6.35246
6.60537
6.57121
6.39709
7.1078
6.33663
6.25686
6.14329
6.44107
6.41493
6.56669
5.97772
6.40062
6.73972
6.36932
6.14491
6.94543
6.47791
6.33887
6.53144
6.2965
6.47652
6.51571
6.22858
6.41238
6.02545
6.5501
6.14956
6.19632
6.06227
6.14645
6.33575
6.27546
6.31353
6.80713
6.12793
6.31342
6.18888
6.38979
6.67983
6.52871
6.32332
6.32533
6.06509
6.20958
6.24164
6.36046
6.23466
6.65925
6.09413
6.47471
6.26884
6.23275
6.29331
6.2184
6.13272
6.13665
6.63132
6.12337
6.34594
6.14894
6.43626
6.23829
6.36978
6.40487
6.22514
6.14839
6.02998
6.49701
6.26869
6.1122
6.41387
6.14583
5.94623
6.286
6.23503
6.4109
6.44889
6.16213
6.23835
6.11032
6.19106
6.41995
6.07589
6.32711
6.22306
6.05653
6.27658
6.52016
6.65798
6.49948
6.70321
6.38257
6.24487
6.04264
6.448
6.46161
6.06228
6.54165
6.45628
6.38091
6.33828
6.18119
6.22915
6.5163
6.46565
6.46436
6.20604
6.46653
6.42617
6.28869
6.4768
6.70953
6.2488
6.13281
6.21114
6.32913
6.10235
6.33781
6.29857
6.56054
6.55696
6.43054
6.50917
6.42596
6.75462
6.24997
6.19179
6.29134
6.73213
6.6106
6.37352
6.28019
6.35622
6.26392
6.52304
6.21438
6.31508
6.56238
6.25552
6.53122
6.22853
6.13437
6.1771
6.47505
6.48872
6.43218
6.47826
6.45223
6.28154
6.35932
6.28554
6.50696
6.16664
6.48086
6.28081
6.39873
6.3118
6.36043
6.4214
6.26461
6.51416
6.39202
6.47274
6.48338
6.57907
6.53143
6.66711
6.71864
6.5455
6.82484
6.73902
6.82051
6.86226
