6.57622
6.59752
6.62772
6.62282
6.61354
6.60932
6.84734
6.63523
6.69248
6.53076
6.87201
6.73806
6.64129
6.59001
6.46144
6.60137
6.79558
6.86587
6.64059
6.8649
6.86222
6.92219
6.81562
6.58632
6.75991
6.98286
6.76741
6.92952
6.77696
6.89813
6.9874
6.84752
7.24247
6.64683
6.6191
6.73422
6.73457
6.77209
6.92189
7.08502
6.67844
7.06203
6.84904
7.04384
6.83341
7.12335
6.8937
7.92751
7.18953
7.11548
7.61105
6.90583
6.9037
7.89179
6.87622
7.08845
7.19093
inf
6.99241
7.20415
7.86094
inf
7.51166
7.36879
6.88696
7.03386
7.1869
inf
7.40577
7.13738
7.35393
7.43403
7.39307
7.39154
inf
7.08275
7.33917
7.0991
7.09617
7.36686
inf
7.44843
7.34715
7.68035
7.69218
7.67457
7.33107
inf
inf
7.72234
7.35463
7.66429
7.87718
7.37851
7.27805
inf
7.28842
inf
7.65388
inf
7.2822
7.26411
inf
inf
7.36173
7.75062
inf
inf
7.73504
7.32161
inf
7.47004
inf
inf
inf
inf
7.82216
7.83627
inf
inf
inf
inf
inf
inf
inf
inf
inf
inf
inf
7.86244
7.79884
inf
inf
7.79928
7.76512
inf
7.81655
inf
inf
inf
inf
inf
inf
inf
7.80133
inf
7.75945
inf
inf
inf
inf
inf
inf
inf
inf
7.67026
inf
inf
7.64865
inf
inf
inf
inf
inf
7.83219
inf
inf
7.7459
inf
inf
inf
inf
inf
inf
inf
inf
inf
inf
7.73497
inf
inf
inf
inf
inf
inf
inf
inf
inf
inf
7.73321
7.35157
7.77601
inf
inf
7.79487
inf
7.80346
7.79961
inf
inf
inf
7.75186
7.66188
7.72321
inf
inf
inf
7.18347
inf
inf
inf
inf
inf
inf
7.68879
inf
inf
inf
inf
inf
inf
inf
inf
7.50841
inf
inf
inf
inf
inf
inf
inf
inf
inf
inf
7.4264
inf
inf
7.47222
inf
inf
inf
inf
inf
7.36311
inf
inf
inf
inf
inf
inf
inf
inf
inf
inf
inf
inf
inf
6.91804
6.88902
inf
inf
inf
inf
7.45931
inf
inf
inf
inf
inf
inf
inf
7.26304
inf
inf
inf
inf
7.35659
inf
inf
7.01995
7.2791
inf
7.47069
inf
inf
inf
7.25121
inf
inf
7.25079
inf
7.37753
inf
inf
inf
7.35076
inf
7.34354
inf
inf
inf
7.3642
inf
inf
inf
inf
inf
inf
inf
inf
inf
inf
7.29764
7.38662
7.31556
inf
7.28455
inf
inf
7.46656
7.25805
inf
7.41442
6.89916
7.2606
6.93174
inf
6.97023
7.26333
6.98608
7.44774
7.33538
inf
7.43556
7.33225
inf
6.9241
6.90885
inf
7.50735
6.90175
6.92426
7.30361
inf
inf
6.98194
6.90398
6.72707
7.04037
6.61913
inf
7.69618
6.61614
7.09254
7.51133
6.88874
6.64303
7.05427
6.73598
6.88156
6.44529
7.1018
6.76466
6.69892
7.19833
6.5022
6.87987
6.79932
6.9625
7.69058
7.15362
6.74857
6.46898
6.51636
6.53533
6.50662
6.1733
7.00247
5.93981
6.7273
6.57013
6.61188
6.22875
6.25338
6.64484
6.27056
6.14643
6.19517
6.12753
6.14836
6.39821
6.19747
6.15859
5.97918
6.18153
6.08468
6.0079
6.07637
6.09399
6.04425
