 809.420047
 15861.463769
 6312.846647
 396.810419
 4859.742826
 506.606848
 38.586574
 10.009176
 23.337902
 1890.889256
 289.901817
 658.128318
 17.889152
 93.283635
 23.918370
 1644.727522
 183.672207
 32.575975
 109.392729
 750.311826
 3784.693062
 373.537043
 1411.196749
 80.470873
 4389.829855
 49.109270
 318.744386
 45.702971
 1155.613290
 84.411533
 113.365216
 50.916388
 1861.126547
 239.907580
 52.551984
 3722.053665
 783.808971
 83.590038
 487.255215
 768.975328
 4643.786888
 378.443698
 2298.675557
 154.373593
 6888.079161
 112.806243
 911.928909
 161.662635
 3138.557834
 403.744869
 496.871426
 125.809523
 4184.819775
 666.222005
 116.037179
 1211.396983
 17586.980436
 8974.508232
 247.250428
 175.562571
 44.585560
 767.751737
 66.715293
 5.881570
 4.977496
 1.549211
 2641.007617
 180.952609
 137.725017
 32.392721
 33.194103
 17.480899
 9.140093
 1.353145
 0.508845
 0.205190
 2378.661924
 275.785999
 23.537118
 16.942442
 5.095614
 1151.753252
 5232.947682
 233.656465
 169.194800
 40.258293
 184.435068
 6191.576894
 68.867345
 42.192410
 16.966287
 24.970355
 780.771510
 165.098016
 6.289777
 2.179505
 24.547405
 626.598366
 89.110434
 6.484473
 0.988483
 8.358390
 170.626802
 49.532025
 2.695817
 1.097468
 4633.571432
 989.123498
 59.933969
 37.406647
 10.227003
 1168.489855
 6397.956870
 236.786107
 169.404351
 41.411670
 380.097969
 9325.392501
 98.962670
 74.583496
 24.660432
 89.044677
 2589.587588
 820.020471
 26.581850
 7.529482
 124.180617
 2335.428127
 532.143777
 31.310225
 4.808715
 61.680219
 1097.261570
 393.277011
 17.589639
 8.105977
 1069.268973
 3185.926495
 3289.907440
 717.648554
 2132.511564
 513.423777
 80.006115
 0.000000
 101.793107
 1294.834834
 353.414898
 740.569645
 36.668989
 177.933482
 86.154368
 230.620903
 189.989532
 112.671854
 169.774401
 307.895778
 165.780038
 314.369229
 144.627596
 264.450873
 152.932813
 1433.524640
 3051.707855
 3136.326635
 539.285863
 443.605947
 170.312234
 540.167434
 49.100329
 0.000000
 0.000000
 0.000000
 1022.519131
 222.592344
 174.174485
 66.070218
 54.984352
 28.573603
 21.229860
 0.000000
 0.000000
 0.000000
 206.600707
 211.852794
 81.526583
 72.376814
 41.404192
 214.434550
 126.135420
 92.651734
 58.625291
 112.232944
 96.454089
 60.387556
 37.602379
 21.738644
 18.909819
