3.56405
3.5286
3.50418
3.49123
3.48044
3.46939
3.46987
3.46814
3.46763
3.46908
3.47032
3.48534
3.47547
3.48288
3.48919
3.49295
3.49548
3.49642
3.49025
3.5032
3.50717
3.50677
3.51795
3.51255
3.52179
3.52583
3.52705
3.5333
3.54054
3.54237
3.54695
3.55081
3.56068
3.55852
3.56723
3.5463
3.56829
3.56525
3.56124
3.55455
3.55158
3.57202
3.57755
3.56983
3.57191
3.5917
3.58184
3.5584
3.56573
3.57973
3.56433
3.58794
3.59741
3.56683
3.58356
3.58985
3.57953
3.58252
3.58522
3.57551
3.60479
3.59147
3.58449
3.57769
3.58356
3.57671
3.58231
3.59946
3.60779
3.58665
3.57571
3.57628
3.57862
3.57406
3.5718
3.58547
3.58524
3.578
3.58785
3.55525
3.58366
3.57708
3.57081
3.57705
3.57352
3.59255
3.55638
3.56
3.56494
3.58522
3.55634
3.56936
3.57255
3.56961
3.56175
3.54348
3.56458
3.56171
3.54629
3.55455
3.56402
3.55464
3.55305
3.54556
3.55111
3.5306
3.54092
3.54194
3.54131
3.53877
3.53232
3.52683
3.55556
3.55153
3.53885
3.54557
3.53669
3.52886
3.52338
3.53027
3.51472
3.52814
3.53623
3.51877
3.51132
3.49804
3.51792
3.51289
3.54357
3.52421
3.51549
3.50143
3.53132
3.50856
3.52699
3.53204
3.52825
3.51867
3.50724
3.49322
3.5203
3.52592
3.49379
3.52131
3.49853
3.49551
3.5031
3.48182
3.50987
3.47731
3.50713
3.51248
3.50077
3.51826
3.50882
3.49969
3.48535
3.50091
3.4739
3.49005
3.48459
3.48389
3.50355
3.46827
3.48876
3.48338
3.49631
3.49154
3.49963
3.49151
3.4824
3.48841
3.45762
3.46824
3.4919
3.4938
3.47501
3.47754
3.50217
3.48691
3.49616
3.49941
3.47009
3.48328
3.49115
3.48707
3.50405
3.48633
3.47678
3.50478
3.49565
3.48626
3.4848
3.48623
3.50835
3.47475
3.52163
3.50185
3.5085
3.49668
3.51783
3.49853
3.48224
3.51969
3.52518
3.50957
3.49075
3.48749
3.50337
3.49863
3.47665
3.49187
3.49849
3.4795
3.4797
3.5206
3.50584
3.49576
3.4911
3.50379
3.49335
3.50737
3.51607
3.52961
3.5038
3.50083
3.48985
3.51802
3.51218
3.51109
3.50773
3.50984
3.51365
3.54289
3.4973
3.51952
3.53058
3.51842
3.53254
3.53709
3.54363
3.53128
3.51508
3.52101
3.50009
3.52464
3.53711
3.5379
3.53118
3.53264
3.53472
3.56313
3.5286
3.56492
3.5444
3.53131
3.54966
3.5431
3.56854
3.56197
3.53939
3.55074
3.54746
3.54842
3.55369
3.5498
3.55468
3.54102
3.56308
3.5513
3.5445
3.54702
3.56284
3.56525
3.59058
3.57449
3.57888
3.57657
3.55716
3.5742
3.55648
3.56002
3.55312
3.58082
3.59449
3.56798
3.58172
3.60529
3.57073
3.5993
3.59143
3.62429
3.57658
3.62794
3.60926
3.61566
3.61634
3.61098
3.59803
3.62501
3.59298
3.61231
3.63432
3.65531
3.61482
3.63196
3.64673
3.62987
3.62599
3.64088
3.62628
3.63868
3.63622
3.63826
3.65472
3.642
3.67502
3.66886
3.6699
3.67372
3.64319
3.66295
3.65402
3.67851
3.68346
3.66882
3.64829
3.66824
3.68129
3.64442
3.67599
3.68515
3.66363
3.68212
3.69823
3.68274
3.71304
3.68017
3.66549
3.67784
3.72188
3.67662
3.68829
3.69888
3.7059
3.7416
3.69446
3.71241
3.68032
3.71611
3.68843
3.69621
3.7006
3.68089
3.68688
3.71033
3.70011
3.68025
3.70819
3.67922
3.68797
3.67778
3.67198
3.70098
3.68791
3.64763
3.69733
3.64777
3.73253
3.6547
3.70275
3.67344
3.65325
3.64009
3.6347
3.65574
3.64248
3.65563
3.66296
3.65395
3.65664
3.64537
3.6181
3.64984
3.62634
3.64509
3.62
3.60283
3.62402
3.61671
3.6121
3.60749
3.60631
3.62785
3.6178
3.60846
3.60661
3.6052
3.59447
3.60353
