4.53965
4.47548
4.44194
4.42423
4.40519
4.4
4.37493
4.35578
4.35886
4.38362
4.33021
4.35609
4.36235
4.35523
4.37545
4.37231
4.37046
4.40542
4.38574
4.35413
4.35731
4.39034
4.40988
4.40418
4.41892
4.40632
4.35134
4.44351
4.42368
4.41775
4.43323
4.40694
4.3903
4.39742
4.46938
4.4505
4.41686
4.48452
4.4279
4.4268
4.47919
4.48268
4.46572
4.4797
4.43712
4.43069
4.44809
4.45041
4.46343
4.42697
4.46987
4.52619
4.52143
4.4502
4.47726
4.44572
4.44257
4.45815
4.45504
4.43451
4.49473
4.49477
4.41247
4.45143
4.52937
4.53411
4.47124
4.49026
4.44561
4.50711
4.48269
4.52476
4.47167
4.45856
4.47479
4.4815
4.46238
4.45621
4.51153
4.45647
4.57575
4.39105
4.50026
4.49807
4.38752
4.51091
4.39386
4.45026
4.46652
4.51829
4.44969
4.41978
4.4603
4.45082
4.47413
4.49092
4.4795
4.48721
4.46715
4.45765
4.51361
4.47185
4.45566
4.42924
4.45192
4.46097
4.42157
4.5012
4.46181
4.50274
4.45219
4.43562
4.50401
4.43317
4.45688
4.48662
4.39549
4.4084
4.47355
4.36986
4.41262
4.43255
4.47653
4.44442
4.38112
4.44167
4.4798
4.44426
4.41542
4.42904
4.41661
4.42628
4.43523
4.46447
4.40867
4.38325
4.44908
4.39397
4.40542
4.43944
4.48909
4.45448
4.40502
4.38903
4.45346
4.44349
4.44503
4.44681
4.39071
4.37513
4.46765
4.3967
4.35929
4.47151
4.45409
4.38117
4.43449
4.39669
4.43404
4.3859
4.45682
4.43134
4.37284
4.43761
4.40202
4.35716
4.38438
4.48595
4.40351
4.37732
4.34356
4.37835
4.34109
4.42725
4.39123
4.35476
4.41442
4.3831
4.42581
4.39644
4.35667
4.45242
4.41666
4.43369
4.41018
4.39753
4.37709
4.41313
4.45531
4.43584
4.39765
4.44274
4.37615
4.40707
4.43798
4.37232
4.4021
4.40076
4.42097
4.40211
4.38673
4.42274
4.4616
4.42327
4.43034
4.41007
4.43247
4.40438
4.38733
4.41603
4.3991
4.42329
4.39522
4.42668
4.40669
4.42253
4.41252
4.40687
4.39875
4.38589
4.41676
4.411
4.4326
4.40697
4.3927
4.47954
4.4241
4.41484
4.41499
4.40484
4.43571
4.38011
4.42028
4.41675
4.42691
4.39234
4.44643
4.37284
4.45435
4.46418
4.42954
4.42697
4.49024
4.40257
4.51537
4.4447
4.35759
4.36916
4.41443
4.41283
4.39404
4.41908
4.43342
4.46864
4.45715
4.49989
4.47793
4.42716
4.39229
4.42753
4.43364
4.44003
4.39758
4.4391
4.4241
4.41999
4.47685
4.46529
4.42056
4.4482
4.4349
4.42881
4.45032
4.39648
4.50942
4.45199
4.47501
4.46196
4.40743
4.46398
4.4998
4.44853
4.49999
4.46985
4.39657
4.48619
4.46147
4.37455
4.37541
4.40773
4.50274
4.45772
4.49246
4.50009
4.44293
4.44791
4.44112
4.5081
4.39894
4.51138
4.45965
4.43708
4.42714
4.46498
4.45403
4.48655
4.37647
4.46825
4.46963
4.44969
4.50774
4.44924
4.46759
4.39737
4.54281
4.48769
4.42626
4.43644
4.35921
4.48288
4.44916
4.47395
4.52897
4.50194
4.4815
4.48781
4.48423
4.46985
4.40897
4.43814
4.47031
4.46458
4.47599
4.50306
4.40844
4.46301
4.48672
4.47166
4.46285
4.44877
4.51118
4.45036
4.44883
4.45775
4.4592
4.44704
4.41207
4.4393
4.51189
4.49527
4.41625
4.44139
4.45721
4.42446
4.43971
4.47104
4.42664
4.50794
4.46226
4.44597
4.4521
4.43237
4.44728
4.46452
4.4397
4.46501
4.46859
4.42155
4.40786
4.49407
4.41333
4.49572
4.44612
4.43935
4.51397
4.42655
4.48183
4.43942
4.43457
4.39988
4.42725
4.426
4.43229
4.42181
4.45474
4.43583
4.47125
4.44824
4.42653
4.42448
4.44145
4.46
4.43704
4.44524
4.45465
4.47145
4.484
4.48716
4.48623
4.50726
