4.58386
4.50173
4.46984
4.42447
4.39853
4.41288
4.37945
4.36543
4.37192
4.37406
4.3499
4.35781
4.38481
4.36683
4.35976
4.36346
4.36362
4.37191
4.38181
4.40065
4.39174
4.4107
4.38964
4.44631
4.41968
4.42586
4.4276
4.47838
4.44674
4.41687
4.43697
4.45888
4.44536
4.4654
4.45313
4.47613
4.49776
4.50654
4.45407
4.47242
4.51842
4.52021
4.45813
4.48903
4.56232
4.48001
4.50574
4.53141
4.51623
4.53009
4.5014
4.59073
4.47441
4.53136
4.50747
4.51807
4.56541
4.53857
4.55554
4.50944
4.51029
4.62133
4.52995
4.5468
4.56658
4.51365
4.56223
4.57556
4.53323
4.56697
4.53489
4.54273
4.53528
4.54537
4.58129
4.56567
4.60602
4.46179
4.51975
4.58769
4.5713
4.53011
4.54039
4.55886
4.52308
4.56281
4.50534
4.55823
4.46847
4.59797
4.52848
4.50679
4.5271
4.55444
4.54824
4.56999
4.50088
4.54238
4.50756
4.46974
4.52035
4.51198
4.50155
4.53642
4.4745
4.53917
4.49349
4.43661
4.47006
4.59769
4.57933
4.56826
4.49517
4.50887
4.46098
4.51314
4.4976
4.45548
4.463
4.49106
4.57235
4.51729
4.49798
4.48132
4.49855
4.48525
4.46093
4.50777
4.50074
4.47758
4.47517
4.58839
4.4431
4.56675
4.49499
4.44365
4.46958
4.46462
4.47891
4.44725
4.45061
4.53983
4.4948
4.46965
4.44959
4.40975
4.51237
4.43721
4.50915
4.40461
4.43678
4.45542
4.4984
4.43105
4.44284
4.49111
4.40084
4.43888
4.4394
4.45444
4.46049
4.42615
4.44318
4.39535
4.48576
4.39507
4.45275
4.44877
4.41153
4.45083
4.48033
4.45743
4.41799
4.40554
4.40025
4.44299
4.45635
4.4574
4.41836
4.4378
4.43408
4.43154
4.46512
4.49258
4.49003
4.44202
4.44045
4.44105
4.47058
4.4504
4.51756
4.44527
4.48743
4.41963
4.44719
4.44244
4.50572
4.43829
4.45088
4.4947
4.44014
4.46025
4.44831
4.4538
4.4674
4.45774
4.41963
4.43281
4.39544
4.42228
4.4978
4.46777
4.50723
4.48231
4.48709
4.43232
4.44677
4.44555
4.46007
4.49467
4.48724
4.49574
4.42957
4.52449
4.47156
4.42816
4.49759
4.45884
4.52359
4.46444
4.44239
4.48532
4.49516
4.46345
4.46789
4.51653
4.44643
4.45758
4.57178
4.50636
4.52373
4.48218
4.46877
4.52486
4.47355
4.48916
4.48768
4.52154
4.5271
4.50441
4.48853
4.55991
4.4705
4.54571
4.51735
4.53671
4.58506
4.56878
4.51291
4.53024
4.51823
4.55317
4.5734
4.52186
4.51092
4.52151
4.55474
4.52814
4.55412
4.45431
4.50122
4.48777
4.56399
4.5403
4.52996
4.53956
4.60297
4.54103
4.48407
4.52706
4.502
4.56804
4.61371
4.56462
4.56508
4.51928
4.57778
4.4549
4.49385
4.54549
4.62671
4.51092
4.62298
4.52031
4.58754
4.50455
4.48255
4.55843
4.57413
4.53639
4.57648
4.58506
4.60838
4.59507
4.47014
4.56234
4.54276
4.58023
4.58404
4.59906
4.64092
4.58709
4.54472
4.5584
4.61228
4.52308
4.57508
4.55589
4.44508
4.53684
4.65315
4.58769
4.54166
4.55702
4.59888
4.57255
4.6159
4.62049
4.5571
4.54921
4.59934
4.58244
4.65344
4.55031
4.63943
4.54867
4.56431
4.52257
4.56625
4.55769
4.56779
4.50062
4.52967
4.54546
4.52649
4.57478
4.55875
4.58509
4.48727
4.53962
4.55306
4.54612
4.53765
4.52832
4.56028
4.52001
4.55877
4.49845
4.51607
4.50903
4.52318
4.57927
4.5641
4.52781
4.51617
4.47601
4.51626
4.54548
4.51362
4.53692
4.50052
4.47355
4.45402
4.45306
4.42586
4.4366
4.45635
4.46221
4.4854
4.44508
4.42409
4.41345
4.4283
4.40229
4.42119
4.41943
4.3958
4.39816
4.37984
4.40117
4.38724
4.37034
4.35829
4.38671
4.38757
4.39971
4.39925
4.40571
4.43506
4.51141
