4.40461
4.30669
4.26167
4.2092
4.18739
4.17535
4.14501
4.15911
4.14996
4.13288
4.15249
4.12798
4.14213
4.16596
4.15708
4.15647
4.17424
4.18914
4.15321
4.19521
4.20862
4.21452
4.23016
4.22462
4.22011
4.24742
4.26016
4.28058
4.28343
4.26451
4.31144
4.28803
4.29038
4.32967
4.31801
4.28921
4.30641
4.32446
4.35569
4.3304
4.29941
4.38476
4.38047
4.35823
4.35884
4.41305
4.31222
4.36378
4.37738
4.36417
4.40485
4.40314
4.44501
4.37369
4.37241
4.35023
4.33336
4.42762
4.40692
4.41052
4.40613
4.41419
4.41095
4.46296
4.40642
4.39782
4.43615
4.47953
4.44561
4.38879
4.37318
4.36232
4.40928
4.4374
4.41535
4.37728
4.43393
4.39977
4.39177
4.42252
4.4405
4.37576
4.37718
4.38225
4.39785
4.42977
4.42812
4.42245
4.36476
4.46147
4.39768
4.45384
4.47226
4.42562
4.37615
4.38649
4.3482
4.37087
4.43125
4.45566
4.46638
4.44393
4.45566
4.39867
4.37816
4.43509
4.31716
4.35902
4.46799
4.38033
4.40033
4.3899
4.40201
4.34359
4.34384
4.3801
4.39549
4.38257
4.35783
4.35245
4.41262
4.37075
4.32818
4.38223
4.32108
4.34244
4.29316
4.33296
4.41353
4.42133
4.33586
4.43789
4.3811
4.35651
4.28899
4.36383
4.34415
4.35733
4.33837
4.32025
4.31769
4.33928
4.35972
4.29163
4.31861
4.33778
4.32655
4.31082
4.34251
4.33112
4.38635
4.40196
4.36256
4.33659
4.31033
4.36495
4.3561
4.35414
4.28404
4.34225
4.31887
4.26185
4.34961
4.30337
4.32867
4.28251
4.32737
4.37616
4.42293
4.36689
4.34072
4.36663
4.33146
4.30498
4.36071
4.32446
4.37247
4.31087
4.35523
4.34065
4.3363
4.3432
4.35258
4.31434
4.31967
4.33126
4.34185
4.35269
4.35701
4.39299
4.34132
4.33246
4.35556
4.33984
4.36899
4.35674
4.33037
4.35415
4.42274
4.34929
4.36306
4.34789
4.35847
4.36841
4.40166
4.35691
4.41504
4.39406
4.41198
4.3251
4.38814
4.35701
4.37784
4.36225
4.37211
4.37973
4.36331
4.43093
4.39875
4.33131
4.37679
4.41393
4.36521
4.41743
4.36187
4.40481
4.35733
4.42434
4.41185
4.47321
4.37432
4.39248
4.37921
4.3522
4.42348
4.44416
4.42375
4.49519
4.43482
4.46603
4.43831
4.41825
4.39499
4.41831
4.4363
4.42098
4.39669
4.41933
4.45929
4.41827
4.50727
4.48837
4.52533
4.44503
4.43392
4.45346
4.47585
4.4948
4.35924
4.4954
4.38565
4.46429
4.43496
4.40262
4.43969
4.46549
4.5246
4.47149
4.46796
4.47943
4.55876
4.45452
4.42452
4.43273
4.47247
4.39389
4.43067
4.47653
4.39991
4.4702
4.52913
4.45883
4.4354
4.49324
4.48446
4.43484
4.46355
4.44475
4.45372
4.52698
4.46452
4.51989
4.52135
4.51803
4.41593
4.44591
4.49557
4.4457
4.49052
4.41693
4.46974
4.51198
4.45044
4.55558
4.50809
4.50138
4.44491
4.52269
4.45971
4.47144
4.51829
4.49037
4.47944
4.50534
4.46128
4.53391
4.45433
4.48216
4.52794
4.53684
4.48665
4.44771
4.44703
4.50389
4.51217
4.45847
4.43568
4.53325
4.52673
4.46268
4.50711
4.54516
4.50674
4.53286
4.47304
4.56055
4.48499
4.52625
4.4845
4.4746
4.53608
4.49556
4.45503
4.4845
4.54897
4.4898
4.54833
4.53296
4.4783
4.5266
4.57002
4.48778
4.48378
4.48542
4.54302
4.45776
4.54239
4.48646
4.48529
4.44002
4.50107
4.50254
4.4942
4.51135
4.50054
4.4661
4.54221
4.44942
4.468
4.51833
4.47455
4.4745
4.49804
4.48788
4.49492
4.48792
4.46499
4.46522
4.45654
4.46515
4.49557
4.48966
4.46526
4.45377
4.46838
4.46489
4.47269
4.45084
4.46474
4.48652
4.48912
4.48599
4.49009
4.48183
4.46979
4.48136
4.47433
4.4822
4.4532
4.48023
