4.52872
4.51577
4.51971
4.49559
4.46946
4.51268
4.50202
4.4627
4.47238
4.50443
4.48142
4.47931
4.4587
4.48935
4.49546
4.48008
4.53235
4.49189
4.52
4.50128
4.48302
4.50076
4.4867
4.5093
4.48537
4.5103
4.52487
4.56022
4.54591
4.55726
4.53249
4.49196
4.50159
4.51166
4.53927
4.51496
4.58156
4.53593
4.54574
4.54751
4.53905
4.51333
4.54316
4.52787
4.56389
4.53687
4.58124
4.5649
4.52085
4.53819
4.54957
4.54583
4.50534
4.53809
4.50747
4.56505
4.54013
4.58912
4.52479
4.49911
4.58487
4.57805
4.53555
4.52609
4.51996
4.52659
4.58474
4.55306
4.50631
4.53231
4.54098
4.55296
4.57964
4.52898
4.51868
4.555
4.57658
4.46366
4.54513
4.56296
4.54104
4.59202
4.53603
4.56807
4.45429
4.56963
4.48049
4.58145
4.57761
4.51617
4.5465
4.53291
4.46825
4.50037
4.50785
4.46405
4.50306
4.54936
4.50977
4.5319
4.53407
4.53652
4.51029
4.5271
4.5432
4.4549
4.49568
4.52593
4.53592
4.50935
4.45825
4.52296
4.44475
4.49338
4.47766
4.49973
4.55491
4.5022
4.46509
4.50644
4.49143
4.52879
4.44174
4.48984
4.44996
4.49174
4.5356
4.54465
4.52985
4.54443
4.44014
4.50837
4.47776
4.46243
4.51254
4.51092
4.52643
4.51541
4.446
4.50725
4.46852
4.51072
4.42716
4.45744
4.44767
4.4651
4.46664
4.50791
4.48026
4.40997
4.44435
4.44585
4.44327
4.46359
4.43181
4.49111
4.48984
4.45927
4.45027
4.51763
4.46789
4.42101
4.49132
4.49265
4.4655
4.49045
4.45098
4.4733
4.52305
4.44913
4.44055
4.45743
4.51936
4.4352
4.43776
4.48726
4.53542
4.45267
4.48075
4.43323
4.45819
4.47882
4.42805
4.45865
4.47016
4.46195
4.48983
4.4675
4.4734
4.49635
4.51904
4.42778
4.44631
4.50517
4.46487
4.48864
4.44842
4.49672
4.49626
4.48159
4.49719
4.48042
4.44328
4.53103
4.43691
4.47209
4.51188
4.48213
4.46591
4.43627
4.45174
4.47623
4.49967
4.47932
4.4707
4.49314
4.46015
4.45601
4.4725
4.48494
4.47084
4.50939
4.53693
4.49628
4.45125
4.53581
4.4715
4.46054
4.51049
4.45237
4.44071
4.46027
4.53351
4.50637
4.45331
4.48952
4.49844
4.45394
4.51916
4.56042
4.44542
4.48995
4.51665
4.54868
4.49509
4.57545
4.5022
4.51514
4.53808
4.4919
4.45083
4.46633
4.51874
4.45672
4.4896
4.47522
4.43569
4.50974
4.46248
4.52577
4.4922
4.48316
4.43883
4.44307
4.54765
4.46755
4.5046
4.49049
4.4282
4.47305
4.5213
4.46884
4.46054
4.4949
4.43175
4.53252
4.57014
4.46402
4.49934
4.4786
4.46558
4.56554
4.5022
4.46777
4.5409
4.53073
4.56531
4.50848
4.49167
4.49592
4.55307
4.49771
4.54695
4.49568
4.46917
4.44791
4.55796
4.48868
4.53198
4.45413
4.56922
4.45898
4.49999
4.46293
4.51686
4.4971
4.47922
4.53153
4.52408
4.53968
4.47517
4.49037
4.52717
4.46844
4.46702
4.5361
4.4758
4.46846
4.53889
4.58932
4.49248
4.50746
4.52066
4.53808
4.51021
4.4693
4.50715
4.4735
4.53468
4.51306
4.50332
4.51962
4.54508
4.47124
4.51183
4.46984
4.50073
4.52625
4.52852
4.51911
4.54708
4.51604
4.53678
4.46862
4.51974
4.47572
4.48011
4.53797
4.52139
4.49986
4.51109
4.5397
4.55352
4.55179
4.53078
4.51276
4.55727
4.53024
4.49981
4.51303
4.56007
4.52835
4.53072
4.62081
4.56306
4.55556
4.5681
4.49826
4.55
4.54927
4.55839
4.56436
4.60411
4.59327
4.55404
4.55926
4.61032
4.5823
4.55193
4.55632
4.54748
4.57249
4.61538
4.5704
4.57645
4.58521
4.58047
4.56429
4.5576
4.54878
4.54848
4.57493
4.54052
4.52398
4.54962
4.51606
4.52044
4.49644
4.47997
4.45503
