4.33421
4.30714
4.28232
4.2802
4.28366
4.30339
4.30696
4.29371
4.30015
4.29852
4.3138
4.35609
4.33927
4.34971
4.33906
4.3493
4.35349
4.33628
4.33445
4.3447
4.38494
4.36505
4.35675
4.42009
4.38365
4.39038
4.37594
4.38881
4.34483
4.3389
4.34824
4.38258
4.33993
4.40121
4.40886
4.35317
4.39902
4.42081
4.37369
4.4336
4.35418
4.42224
4.38268
4.38917
4.40025
4.46221
4.39925
4.40739
4.36656
4.3802
4.43994
4.38765
4.42666
4.37754
4.44264
4.41122
4.41618
4.4173
4.42303
4.368
4.42252
4.39346
4.41095
4.37358
4.37052
4.39632
4.40456
4.34245
4.33595
4.40454
4.34319
4.34175
4.37571
4.38921
4.39733
4.38358
4.36514
4.37345
4.33457
4.39869
4.42992
4.35434
4.42196
4.3755
4.33999
4.40329
4.35487
4.3822
4.41972
4.40432
4.33369
4.34555
4.34093
4.29045
4.43835
4.39362
4.34988
4.33722
4.39375
4.33719
4.36953
4.45178
4.36638
4.34189
4.36933
4.3847
4.31716
4.37127
4.39411
4.3875
4.39121
4.41042
4.3466
4.3203
4.3338
4.3519
4.25968
4.32909
4.36311
4.29679
4.30719
4.3213
4.41456
4.36114
4.29242
4.31274
4.32838
4.34812
4.28064
4.31464
4.33251
4.28539
4.36353
4.32342
4.35855
4.31871
4.35094
4.28871
4.35017
4.39279
4.31456
4.35418
4.35972
4.30862
4.35529
4.33778
4.3708
4.31082
4.38382
4.30802
4.31641
4.30467
4.26174
4.30415
4.27855
4.33226
4.32349
4.30419
4.3637
4.35133
4.31024
4.30373
4.29733
4.30757
4.29243
4.34505
4.3288
4.35528
4.3136
4.27666
4.32538
4.34385
4.31664
4.32324
4.29507
4.34356
4.29532
4.3259
4.3067
4.29325
4.3166
4.29589
4.34629
4.37231
4.30244
4.32778
4.30859
4.32074
4.32536
4.3231
4.34352
4.28321
4.35449
4.32786
4.30447
4.35291
4.3401
4.33883
4.32641
4.34285
4.29309
4.34555
4.36722
4.33301
4.34062
4.34702
4.31129
4.37285
4.36036
4.33262
4.36566
4.3807
4.3252
4.3395
4.36716
4.32671
4.31199
4.33759
4.34193
4.35023
4.39501
4.41836
4.35182
4.34251
4.34356
4.37505
4.35873
4.33695
4.39639
4.42895
4.40501
4.37402
4.39155
4.39551
4.40827
4.42187
4.43411
4.38078
4.35335
4.38627
4.35747
4.33745
4.35256
4.3561
4.42912
4.44284
4.39669
4.39631
4.39496
4.34792
4.3519
4.42273
4.39674
4.38457
4.40975
4.40861
4.39083
4.45016
4.39408
4.3892
4.37685
4.38162
4.38504
4.43123
4.39962
4.39574
4.39882
4.42939
4.40187
4.33922
4.43294
4.46266
4.39057
4.37647
4.422
4.37932
4.41914
4.3381
4.39433
4.39584
4.41579
4.39768
4.3258
4.44334
4.37114
4.48191
4.43913
4.38904
4.42386
4.39484
4.3966
4.39962
4.38017
4.35053
4.40287
4.41484
4.43515
4.42438
4.39355
4.40565
4.40796
4.41408
4.41957
4.36354
4.36048
4.38843
4.42183
4.4258
4.36703
4.42126
4.42945
4.40374
4.3822
4.38862
4.41903
4.38923
4.36883
4.51264
4.34312
4.4247
4.45831
4.41908
4.38976
4.42702
4.42286
4.47296
4.44789
4.40928
4.44568
4.4064
4.46499
4.48056
4.43186
4.45427
4.41925
4.43001
4.44494
4.50097
4.51407
4.50506
4.45316
4.51086
4.53321
4.49097
4.46682
4.44704
4.48011
4.55845
4.53757
4.54957
4.53656
4.51317
4.52832
4.55982
4.4731
4.49712
4.59298
4.5931
4.57073
4.58867
4.55306
4.57498
4.54918
4.56083
4.58729
4.60455
4.60046
4.63596
4.62224
4.65452
4.62757
4.63205
4.62971
4.66688
4.65494
4.66857
4.68795
4.67557
4.67711
4.63999
4.68959
4.69201
4.66585
4.70185
4.6527
4.65386
4.70871
4.6942
4.62369
4.65491
4.67775
4.6682
4.62617
4.59729
4.59098
4.58491
4.57075
4.52229
4.47686
4.42959
