4.31983
4.30489
4.29652
4.31742
4.30151
4.30415
4.32323
4.30052
4.32792
4.3241
4.34121
4.34222
4.35051
4.3636
4.35165
4.37043
4.36752
4.37294
4.36633
4.37404
4.36498
4.36691
4.41056
4.3985
4.4025
4.3756
4.39058
4.41719
4.38989
4.40026
4.41126
4.41063
4.44132
4.45283
4.41085
4.42698
4.40109
4.45294
4.44255
4.42793
4.40551
4.40719
4.43835
4.45638
4.45253
4.47862
4.46715
4.39005
4.47476
4.46034
4.4655
4.41103
4.44358
4.42312
4.40717
4.42535
4.42195
4.4805
4.38564
4.368
4.4032
4.40522
4.43576
4.45306
4.37489
4.42709
4.37603
4.43022
4.41745
4.38261
4.42457
4.42704
4.39626
4.41531
4.42711
4.39801
4.37293
4.39308
4.38844
4.37418
4.36544
4.36085
4.36405
4.36387
4.41547
4.40675
4.3516
4.39937
4.34698
4.3956
4.37843
4.35372
4.33611
4.31987
4.32781
4.35709
4.32027
4.35718
4.32199
4.35704
4.32402
4.35043
4.34937
4.35213
4.31898
4.38292
4.36092
4.29352
4.37789
4.30506
4.33757
4.31914
4.3331
4.30739
4.30152
4.32993
4.30368
4.2725
4.33886
4.38964
4.31196
4.35323
4.33977
4.30048
4.28624
4.31435
4.30573
4.32143
4.29745
4.33087
4.25741
4.30536
4.31215
4.29668
4.29359
4.3171
4.24783
4.30708
4.28269
4.2388
4.26096
4.31838
4.29465
4.26923
4.29735
4.26785
4.28538
4.24261
4.23614
4.27712
4.247
4.28844
4.24672
4.24826
4.21715
4.24903
4.23135
4.3071
4.29518
4.28772
4.31024
4.23882
4.25963
4.26681
4.29514
4.2284
4.22275
4.28228
4.24766
4.30126
4.25655
4.22871
4.25598
4.24285
4.2337
4.21784
4.29165
4.211
4.1852
4.2709
4.28592
4.25318
4.27779
4.22609
4.25985
4.26436
4.2452
4.24963
4.24712
4.22293
4.21625
4.2661
4.26397
4.27493
4.24961
4.26518
4.25548
4.28049
4.25884
4.26828
4.2423
4.26628
4.25297
4.26326
4.28956
4.27771
4.26864
4.22855
4.2727
4.25381
4.26647
4.26773
4.28621
4.32902
4.30181
4.28022
4.26586
4.28678
4.29357
4.32391
4.31398
4.25507
4.31584
4.31527
4.29054
4.29128
4.30242
4.28933
4.31124
4.28159
4.2691
4.31909
4.27712
4.38912
4.31012
4.29923
4.35135
4.30291
4.3488
4.32909
4.34075
4.29238
4.3013
4.35133
4.30996
4.35024
4.26772
4.34638
4.35783
4.28504
4.31869
4.36862
4.33275
4.32027
4.37438
4.41585
4.29011
4.31296
4.33439
4.25671
4.38036
4.33339
4.3423
4.3879
4.37258
4.39941
4.37377
4.37049
4.30849
4.35634
4.35265
4.3877
4.41489
4.4172
4.39922
4.41837
4.38582
4.34989
4.39248
4.37951
4.35245
4.39956
4.38801
4.38455
4.34335
4.3697
4.38033
4.28506
4.37721
4.35096
4.31776
4.41836
4.40772
4.38045
4.40287
4.37638
4.28854
4.41306
4.3882
4.37128
4.43228
4.33501
4.37959
4.38463
4.43641
4.37441
4.37473
4.35069
4.3738
4.40845
4.37686
4.37803
4.39417
4.40268
4.45184
4.35273
4.41719
4.37552
4.37408
4.39105
4.40204
4.37047
4.39642
4.41681
4.47592
4.44433
4.46578
4.51922
4.44225
4.37937
4.38879
4.44223
4.41891
4.4123
4.43504
4.43162
4.47983
4.50808
4.39784
4.46478
4.46432
4.52128
4.44883
4.45316
4.54371
4.55148
4.46497
4.57608
4.49333
4.53145
4.51735
4.55588
4.54079
4.54702
4.59638
4.60284
4.57099
4.58682
4.56324
4.55609
4.58601
4.59974
4.60535
4.59724
4.60401
4.62135
4.56684
4.58899
4.63429
4.62029
4.61135
4.61379
4.64659
4.62718
4.68126
4.68733
4.67767
4.67236
4.65449
4.70175
4.63324
4.68356
4.68309
4.67988
4.69809
4.67912
4.6617
4.66859
4.66374
4.68498
4.67824
4.69083
4.66216
4.6486
4.6376
4.63059
4.61364
4.5758
4.53343
4.4661
