3.63671
3.54097
3.48944
3.45139
3.42294
3.40243
3.39042
3.37922
3.37554
3.36572
3.37112
3.36543
3.36915
3.35978
3.36743
3.37769
3.37931
3.3781
3.38718
3.38568
3.39809
3.40165
3.41432
3.40832
3.42798
3.42238
3.43531
3.43239
3.45655
3.43736
3.45611
3.47925
3.47322
3.46261
3.47719
3.4696
3.50265
3.49624
3.48991
3.49907
3.50864
3.49266
3.52552
3.50712
3.51996
3.50394
3.51947
3.53246
3.52005
3.53829
3.52265
3.53017
3.5297
3.54107
3.54151
3.55643
3.55901
3.55629
3.54946
3.56982
3.58193
3.55758
3.54647
3.57197
3.58446
3.5709
3.55558
3.54917
3.56511
3.56238
3.53868
3.56674
3.5495
3.5451
3.56086
3.56464
3.55942
3.54689
3.57436
3.58166
3.54788
3.56609
3.57256
3.54141
3.57022
3.56762
3.55588
3.562
3.56342
3.55375
3.56652
3.55665
3.54901
3.54514
3.54643
3.54673
3.52682
3.52933
3.54302
3.53459
3.53728
3.54114
3.52756
3.52051
3.52932
3.53011
3.53073
3.52566
3.53098
3.53194
3.53379
3.53441
3.54359
3.50569
3.51695
3.5124
3.49726
3.5095
3.51812
3.52857
3.50665
3.50316
3.49728
3.51105
3.52095
3.51396
3.48696
3.50668
3.49735
3.50056
3.5224
3.49346
3.53711
3.50547
3.50248
3.49224
3.50389
3.51394
3.49001
3.48777
3.48266
3.48557
3.48667
3.48408
3.46769
3.47912
3.50631
3.49249
3.47701
3.45999
3.47799
3.4662
3.47871
3.47408
3.47817
3.46902
3.4673
3.46614
3.46787
3.47497
3.46718
3.47515
3.47448
3.45512
3.47359
3.46165
3.44198
3.47227
3.46407
3.44852
3.45688
3.43832
3.45427
3.45481
3.47534
3.45765
3.46779
3.45432
3.45562
3.47422
3.46964
3.46547
3.47145
3.46296
3.44767
3.44815
3.47884
3.46848
3.48037
3.48026
3.45244
3.46962
3.47923
3.4675
3.47924
3.46324
3.47281
3.46498
3.50027
3.50124
3.48408
3.47997
3.50359
3.48949
3.50644
3.50074
3.47514
3.49073
3.46371
3.47413
3.46325
3.48314
3.47516
3.47386
3.5009
3.46766
3.47269
3.47298
3.44962
3.46919
3.49959
3.51108
3.45794
3.46217
3.47157
3.49674
3.48292
3.51158
3.48058
3.50744
3.4669
3.48724
3.53051
3.52499
3.4808
3.51641
3.4977
3.52078
3.49282
3.51714
3.51286
3.52559
3.4869
3.52676
3.51131
3.52796
3.52073
3.4771
3.53498
3.52752
3.503
3.53958
3.53981
3.52403
3.51978
3.53175
3.56437
3.59251
3.54114
3.56484
3.53262
3.53613
3.56841
3.55455
3.56278
3.56659
3.53419
3.55781
3.54867
3.58096
3.5841
3.53163
3.55935
3.57022
3.58179
3.56734
3.59758
3.57039
3.57478
3.594
3.56155
3.59774
3.59735
3.6155
3.54401
3.61593
3.61204
3.57572
3.6135
3.57166
3.60575
3.61518
3.5915
3.59886
3.62508
3.58976
3.64028
3.59501
3.6008
3.61538
3.61127
3.61628
3.64899
3.62575
3.63944
3.63546
3.63496
3.60873
3.60895
3.64029
3.63505
3.66558
3.63738
3.62164
3.6394
3.62647
3.65862
3.626
3.68974
3.65237
3.65914
3.69311
3.64404
3.6622
3.64359
3.66231
3.64479
3.64189
3.67217
3.66744
3.62896
3.66146
3.67948
3.64409
3.69223
3.67331
3.6549
3.67664
3.66156
3.65799
3.65704
3.64185
3.64841
3.64292
3.67419
3.67811
3.66061
3.65178
3.63193
3.67075
3.64183
3.66379
3.66902
3.66522
3.66343
3.66425
3.63927
3.63447
3.65042
3.63957
3.61283
3.64208
3.64266
3.6097
3.61689
3.6267
3.63214
3.62152
3.61937
3.59188
3.62712
3.6059
3.60163
3.60556
3.59968
3.5816
3.61452
3.60157
3.58918
3.59351
3.59789
3.58623
3.58387
3.57652
3.56464
3.60813
3.5838
3.5714
3.58819
3.5593
3.56731
3.56087
3.5596
3.56873
3.58205
3.57762
3.59723
3.57995
3.60259
3.61585
