3.58009
3.52112
3.49535
3.47623
3.46031
3.45446
3.44732
3.44572
3.44369
3.45061
3.45298
3.44893
3.46063
3.44342
3.45141
3.46622
3.45773
3.48154
3.47296
3.46799
3.47978
3.49482
3.49918
3.50036
3.50264
3.51233
3.5069
3.50306
3.53426
3.52056
3.51846
3.53487
3.54315
3.54611
3.5313
3.55198
3.55115
3.54439
3.54858
3.55697
3.57182
3.58433
3.57204
3.57658
3.5729
3.56817
3.56635
3.59708
3.60127
3.5869
3.59844
3.59409
3.5943
3.59433
3.58513
3.5994
3.56752
3.57136
3.59617
3.58263
3.61324
3.58878
3.60446
3.60307
3.58787
3.57795
3.59717
3.61259
3.59747
3.59552
3.59428
3.59772
3.61043
3.59744
3.58315
3.60949
3.59638
3.5852
3.59274
3.58126
3.59179
3.5896
3.57147
3.60058
3.56115
3.58692
3.56778
3.57461
3.58135
3.57431
3.58547
3.56535
3.57696
3.56232
3.58167
3.57277
3.56738
3.56328
3.56243
3.57482
3.56325
3.5305
3.56742
3.56671
3.54701
3.55149
3.56013
3.55038
3.55788
3.57278
3.57807
3.55
3.57874
3.54407
3.56516
3.54265
3.57602
3.54921
3.54423
3.57964
3.5486
3.56193
3.56294
3.55759
3.56374
3.53553
3.55642
3.54236
3.54587
3.54524
3.55329
3.54855
3.55303
3.55863
3.53554
3.57045
3.54789
3.55058
3.54592
3.527
3.55018
3.53886
3.54221
3.52687
3.53676
3.54959
3.51131
3.52091
3.52352
3.53103
3.50722
3.51698
3.51562
3.5255
3.52122
3.50462
3.4995
3.51792
3.5099
3.51195
3.51331
3.53221
3.52025
3.51421
3.51634
3.51723
3.50234
3.52185
3.51266
3.48913
3.49919
3.5033
3.50829
3.51578
3.49405
3.48473
3.49676
3.49553
3.49396
3.49803
3.50021
3.49603
3.52779
3.46276
3.49586
3.50689
3.47832
3.51411
3.50442
3.49201
3.51527
3.48433
3.48567
3.48557
3.49613
3.4983
3.515
3.53583
3.51484
3.52786
3.53329
3.52102
3.54714
3.49464
3.4984
3.49868
3.51793
3.52609
3.53623
3.49247
3.50111
3.49125
3.53129
3.51507
3.5292
3.51323
3.51851
3.52149
3.50975
3.53135
3.49222
3.51483
3.49411
3.50281
3.52612
3.50239
3.50024
3.51204
3.50218
3.50718
3.51532
3.47801
3.52105
3.50758
3.5364
3.52854
3.52284
3.49482
3.49708
3.51848
3.53938
3.54538
3.51793
3.51619
3.54436
3.49449
3.53931
3.52647
3.55391
3.53063
3.53149
3.52677
3.54348
3.52058
3.53193
3.55021
3.55198
3.5457
3.51896
3.54138
3.51287
3.52611
3.5486
3.53214
3.51067
3.54629
3.51431
3.51611
3.53629
3.54736
3.51395
3.54795
3.53039
3.53442
3.56477
3.56239
3.55806
3.52858
3.54853
3.52966
3.5387
3.52658
3.57671
3.55851
3.59468
3.52537
3.56302
3.57397
3.58461
3.56581
3.59323
3.58803
3.59515
3.58108
3.59542
3.54206
3.56027
3.56804
3.54673
3.56157
3.60981
3.59132
3.55518
3.59258
3.56491
3.62519
3.5645
3.61255
3.57957
3.6475
3.61737
3.59025
3.59105
3.61436
3.62084
3.60994
3.59842
3.63101
3.58629
3.63522
3.60906
3.6165
3.62622
3.63246
3.64768
3.63496
3.62088
3.6176
3.66746
3.61204
3.61371
3.68226
3.64214
3.63787
3.65744
3.63704
3.61221
3.62353
3.60889
3.61562
3.62353
3.62625
3.6343
3.62827
3.64633
3.65435
3.64566
3.6491
3.65669
3.6441
3.62272
3.63852
3.65266
3.65159
3.65222
3.61914
3.63024
3.64649
3.63898
3.63376
3.61311
3.60231
3.63024
3.64867
3.61454
3.60975
3.61477
3.62099
3.63387
3.63879
3.62751
3.61743
3.6182
3.62673
3.61177
3.57688
3.62037
3.60496
3.57245
3.58205
3.59216
3.56215
3.56529
3.59652
3.57479
3.57165
3.55712
3.54305
3.56038
3.57607
3.53511
3.56534
3.54126
3.57695
3.53903
3.521
3.56086
3.54858
3.54592
3.57077
