3.6659
3.54391
3.48278
3.44064
3.4001
3.37877
3.35837
3.34636
3.33753
3.33625
3.33562
3.32795
3.33783
3.32449
3.31929
3.33899
3.33648
3.34361
3.33731
3.34105
3.36035
3.37021
3.37793
3.37191
3.38826
3.39431
3.4095
3.39333
3.4129
3.41634
3.415
3.43925
3.43845
3.43727
3.43188
3.45596
3.44955
3.45606
3.45325
3.47013
3.47104
3.46334
3.47536
3.47983
3.47655
3.48773
3.49635
3.49118
3.50889
3.53451
3.51386
3.51514
3.53215
3.51528
3.49512
3.53318
3.53515
3.52699
3.52059
3.51937
3.5432
3.53906
3.51612
3.54906
3.52917
3.52722
3.538
3.51865
3.53167
3.53301
3.5539
3.53648
3.53394
3.52347
3.54912
3.53951
3.55362
3.54126
3.52085
3.53768
3.54672
3.5522
3.54779
3.55739
3.54607
3.52897
3.55685
3.5543
3.55174
3.52732
3.52289
3.55134
3.53742
3.54283
3.5352
3.53184
3.51013
3.54742
3.52727
3.51991
3.50424
3.51568
3.51578
3.53861
3.53763
3.51361
3.52053
3.50228
3.52309
3.49643
3.51194
3.51789
3.51371
3.50556
3.49534
3.48775
3.49879
3.53272
3.51972
3.49306
3.50939
3.50518
3.51982
3.50618
3.51585
3.48213
3.49943
3.50936
3.48256
3.49953
3.49802
3.52135
3.52038
3.50283
3.50212
3.51669
3.51644
3.51753
3.50295
3.48512
3.48106
3.48704
3.4883
3.48209
3.48768
3.4828
3.47293
3.47753
3.49688
3.47638
3.48645
3.46015
3.49454
3.47901
3.46918
3.47586
3.4409
3.45969
3.47902
3.47196
3.46287
3.44213
3.45952
3.46241
3.46952
3.46437
3.4609
3.46656
3.44403
3.43644
3.44621
3.43748
3.44963
3.43861
3.42496
3.42575
3.448
3.43286
3.43079
3.4315
3.43977
3.44437
3.44279
3.42983
3.41735
3.41776
3.44203
3.42065
3.43554
3.45192
3.46031
3.43159
3.44415
3.43352
3.44778
3.44165
3.44208
3.45997
3.45498
3.45301
3.45406
3.47648
3.46252
3.43915
3.43862
3.44381
3.44458
3.44215
3.46119
3.44578
3.45265
3.44723
3.45559
3.45411
3.45683
3.45421
3.4432
3.46581
3.45654
3.46725
3.43863
3.45777
3.46599
3.46646
3.45598
3.491
3.48653
3.49298
3.48509
3.48102
3.50564
3.45865
3.46241
3.47331
3.48272
3.48337
3.52372
3.50682
3.48694
3.48842
3.50261
3.49882
3.50369
3.5413
3.50642
3.50765
3.52315
3.4937
3.49515
3.52435
3.49392
3.49551
3.55772
3.52448
3.54151
3.53883
3.52924
3.54778
3.53474
3.54242
3.53706
3.55331
3.51955
3.53587
3.54824
3.5665
3.56483
3.54754
3.59484
3.55015
3.55878
3.5412
3.55185
3.57907
3.58714
3.56888
3.57484
3.60345
3.58285
3.59821
3.61843
3.63023
3.58597
3.6174
3.61745
3.63515
3.62655
3.60905
3.62428
3.63819
3.62848
3.59651
3.59581
3.62724
3.64857
3.65003
3.60449
3.63794
3.63903
3.63218
3.63164
3.63028
3.62775
3.68155
3.67009
3.65756
3.67807
3.67556
3.65976
3.67274
3.62651
3.68131
3.68066
3.66322
3.71282
3.65838
3.71248
3.74517
3.69186
3.68149
3.67898
3.68521
3.69765
3.66117
3.71933
3.69111
3.68272
3.66154
3.70624
3.6857
3.68965
3.70202
3.71107
3.69626
3.70963
3.72715
3.73269
3.68907
3.65392
3.67281
3.71435
3.69847
3.69507
3.68117
3.6798
3.68919
3.69404
3.70964
3.66441
3.65859
3.6746
3.67633
3.71196
3.68563
3.69389
3.65052
3.66341
3.67014
3.62946
3.62493
3.65491
3.6324
3.6879
3.65687
3.63411
3.64677
3.62173
3.61302
3.63444
3.60807
3.63698
3.5989
3.56295
3.60896
3.5952
3.58214
3.58932
3.5513
3.57558
3.56674
3.58243
3.57839
3.52725
3.56622
3.55904
3.56126
3.58129
3.52001
3.55154
3.54579
3.53889
3.54508
3.50557
3.5274
3.54104
3.54095
3.55453
3.60668
3.63292
3.68099
