3.59319
3.54379
3.5167
3.49404
3.48129
3.47262
3.46252
3.4582
3.4588
3.4592
3.44691
3.45465
3.45658
3.45344
3.44425
3.45796
3.45861
3.45425
3.46327
3.46247
3.4705
3.4584
3.45644
3.47857
3.46765
3.48083
3.49004
3.46072
3.47859
3.48374
3.49728
3.49364
3.47699
3.49308
3.49325
3.51583
3.48446
3.51152
3.47731
3.50136
3.5
3.49718
3.49322
3.49067
3.50263
3.493
3.51428
3.49476
3.51196
3.50468
3.52142
3.50273
3.52005
3.49479
3.52137
3.51651
3.51226
3.51563
3.48345
3.50338
3.51542
3.50815
3.51347
3.51427
3.51964
3.5304
3.52176
3.52987
3.51139
3.5213
3.5157
3.53441
3.5239
3.51502
3.50952
3.51446
3.5127
3.52533
3.52679
3.50927
3.51854
3.51107
3.51171
3.52273
3.4959
3.52157
3.53581
3.52738
3.50404
3.53327
3.52464
3.51749
3.53898
3.51831
3.53408
3.52805
3.53291
3.53842
3.54122
3.52779
3.53804
3.51546
3.51729
3.53505
3.52233
3.53978
3.53073
3.52849
3.5508
3.53008
3.51882
3.54415
3.53409
3.51812
3.53118
3.52822
3.53239
3.55639
3.54849
3.54747
3.52616
3.55306
3.54231
3.55804
3.53371
3.55514
3.54838
3.51743
3.52146
3.54876
3.51872
3.54527
3.54395
3.55033
3.52795
3.52878
3.54463
3.55213
3.52681
3.55404
3.5397
3.53974
3.55557
3.53088
3.52482
3.55098
3.51828
3.53011
3.52062
3.53814
3.50722
3.52761
3.5197
3.52388
3.51211
3.53299
3.5147
3.53781
3.51381
3.52379
3.52195
3.53462
3.50911
3.5184
3.5265
3.51044
3.50703
3.51051
3.51867
3.5135
3.5182
3.50924
3.49807
3.5105
3.48281
3.47577
3.49088
3.48061
3.50226
3.5192
3.50257
3.50486
3.50155
3.48687
3.46431
3.49317
3.49949
3.48909
3.4825
3.51239
3.49535
3.48922
3.49891
3.49707
3.48151
3.4831
3.47501
3.50976
3.49584
3.4937
3.48488
3.48737
3.49747
3.49574
3.49811
3.48362
3.49206
3.46233
3.48476
3.48068
3.50753
3.46698
3.49612
3.46901
3.52428
3.49817
3.50197
3.51064
3.47842
3.52433
3.4563
3.51858
3.49337
3.52953
3.50636
3.5001
3.5119
3.51641
3.50653
3.51361
3.46318
3.50374
3.51303
3.49265
3.51527
3.51125
3.48454
3.49017
3.49965
3.52251
3.51491
3.53177
3.50634
3.51166
3.49965
3.50308
3.49656
3.54625
3.51035
3.52773
3.52127
3.49504
3.49895
3.48935
3.48438
3.54243
3.52218
3.52682
3.51745
3.50056
3.50985
3.50865
3.53153
3.53107
3.51634
3.51355
3.51906
3.51717
3.5522
3.53741
3.55534
3.53341
3.53821
3.5117
3.60728
3.55947
3.57249
3.54877
3.5232
3.54217
3.56211
3.52772
3.57671
3.51098
3.51761
3.55023
3.59014
3.56475
3.55895
3.55173
3.57354
3.57331
3.54775
3.57531
3.54909
3.58641
3.55839
3.55561
3.58454
3.53999
3.61182
3.55351
3.58936
3.5718
3.58621
3.57105
3.58646
3.55687
3.57051
3.59471
3.57955
3.5842
3.58306
3.55449
3.6016
3.57359
3.5753
3.5783
3.5634
3.56237
3.59738
3.62919
3.5945
3.61128
3.61934
3.58901
3.58035
3.63023
3.60225
3.59971
3.6206
3.62526
3.62363
3.62572
3.64173
3.61344
3.61356
3.62284
3.59483
3.64424
3.64033
3.61547
3.60644
3.62622
3.60665
3.62478
3.62655
3.63269
3.65599
3.67487
3.62338
3.62776
3.63524
3.64421
3.6058
3.60343
3.65412
3.61302
3.6006
3.63504
3.63084
3.59763
3.59585
3.61221
3.5939
3.59772
3.59604
3.62444
3.60734
3.5925
3.63867
3.62121
3.61658
3.61935
3.60267
3.61469
3.61739
3.6164
3.61263
3.60051
3.58595
3.64629
3.62873
3.64936
3.62728
3.63604
3.62603
3.62002
3.63368
3.63842
3.66068
3.69027
3.64681
3.67338
3.65858
3.70014
3.73247
3.76066
3.77225
3.78441
