3.57889
3.53131
3.50992
3.49394
3.4921
3.4766
3.47658
3.47266
3.46646
3.46608
3.46934
3.47673
3.47892
3.46832
3.45536
3.46658
3.46894
3.47887
3.45978
3.47125
3.47649
3.47719
3.47088
3.47839
3.49557
3.5067
3.48915
3.47899
3.48986
3.48676
3.49013
3.51105
3.50176
3.5029
3.51504
3.5113
3.51114
3.51368
3.50417
3.52692
3.49498
3.51831
3.51222
3.52183
3.52896
3.50448
3.5253
3.51537
3.53474
3.53129
3.5199
3.53217
3.53091
3.54887
3.52173
3.53835
3.53404
3.53183
3.53951
3.53161
3.53739
3.52754
3.52281
3.54161
3.55318
3.54679
3.53658
3.52865
3.5535
3.55671
3.54683
3.55286
3.51178
3.56051
3.56241
3.56163
3.54638
3.53109
3.57146
3.53441
3.54782
3.55697
3.54644
3.56871
3.54247
3.5651
3.54658
3.54271
3.53804
3.5524
3.54468
3.53653
3.55297
3.54622
3.53699
3.55741
3.54281
3.5696
3.54459
3.55997
3.54549
3.55715
3.54047
3.56976
3.54881
3.55812
3.54986
3.53183
3.55103
3.5292
3.53347
3.56095
3.55679
3.53648
3.54939
3.5193
3.56035
3.54389
3.56701
3.54973
3.53961
3.53923
3.56798
3.5409
3.54407
3.55424
3.54023
3.56429
3.55052
3.55274
3.55043
3.55494
3.55894
3.5646
3.55958
3.55616
3.56832
3.54926
3.54021
3.55359
3.55041
3.56588
3.55032
3.55547
3.55124
3.55236
3.54085
3.55177
3.56754
3.52807
3.54425
3.5559
3.54741
3.54646
3.56875
3.54902
3.53981
3.55715
3.54613
3.53492
3.56288
3.53534
3.54708
3.56842
3.54171
3.54295
3.5414
3.55926
3.56755
3.52121
3.52843
3.52524
3.5444
3.53215
3.5423
3.55024
3.52113
3.53482
3.51996
3.52092
3.53415
3.55264
3.55187
3.5049
3.50901
3.53993
3.53222
3.52879
3.50539
3.51385
3.54069
3.50773
3.52581
3.52647
3.53155
3.55052
3.51427
3.55712
3.54048
3.54809
3.52889
3.53304
3.55614
3.54921
3.51559
3.52753
3.52287
3.51852
3.54415
3.5204
3.55179
3.54442
3.52957
3.55259
3.53845
3.56048
3.53811
3.54342
3.54513
3.56149
3.54404
3.54319
3.56543
3.57521
3.56059
3.57233
3.55464
3.57189
3.56313
3.54256
3.57384
3.54193
3.56106
3.55114
3.5726
3.561
3.55956
3.59839
3.53041
3.55109
3.58554
3.55351
3.58208
3.59494
3.56504
3.55893
3.58487
3.58215
3.58963
3.5771
3.59355
3.55302
3.60375
3.60952
3.6133
3.57528
3.56315
3.60396
3.60824
3.59371
3.60964
3.5969
3.55458
3.54996
3.62327
3.59039
3.54565
3.58133
3.59664
3.5871
3.58643
3.56054
3.6136
3.63843
3.63394
3.58632
3.62375
3.57764
3.6071
3.63002
3.64186
3.57521
3.59223
3.60825
3.61282
3.62838
3.56483
3.60057
3.57572
3.62367
3.58235
3.60047
3.64955
3.62864
3.55646
3.60956
3.62861
3.61439
3.59174
3.63858
3.58553
3.602
3.57883
3.58994
3.59083
3.62379
3.58383
3.63522
3.62005
3.58156
3.62368
3.61931
3.61291
3.6314
3.59957
3.60648
3.62741
3.57634
3.60872
3.58965
3.60837
3.6193
3.60877
3.61756
3.59229
3.62065
3.64006
3.61691
3.60984
3.60379
3.62898
3.587
3.61597
3.64077
3.64811
3.62235
3.63976
3.60587
3.62957
3.58314
3.58934
3.6435
3.58878
3.61945
3.58969
3.62344
3.59709
3.63879
3.58147
3.66069
3.60597
3.57247
3.57862
3.60988
3.58389
3.60096
3.58518
3.57955
3.58756
3.61377
3.58949
3.58268
3.58049
3.56468
3.58829
3.542
3.5447
3.54927
3.56528
3.56202
3.58433
3.57891
3.54021
3.546
3.54219
3.54135
3.55534
3.51678
3.54624
3.56502
3.53317
3.54835
3.50837
3.52406
3.48736
3.50919
3.52983
3.51615
3.49516
3.50266
3.49936
3.48511
3.51029
3.50572
3.50794
3.48394
3.50842
3.50201
3.53065
3.52957
