3.563
3.53855
3.52119
3.50414
3.50073
3.49473
3.49053
3.48419
3.48731
3.48327
3.48083
3.48149
3.48671
3.48927
3.49379
3.47583
3.4887
3.48703
3.49121
3.49259
3.49476
3.48415
3.49891
3.50728
3.49724
3.50865
3.50467
3.49838
3.50778
3.51804
3.50395
3.49986
3.51294
3.51478
3.5183
3.51151
3.52688
3.52365
3.53268
3.52726
3.50994
3.51257
3.5104
3.50241
3.5281
3.52393
3.51686
3.50711
3.52476
3.52065
3.51916
3.52963
3.54197
3.51175
3.51264
3.53698
3.54263
3.52061
3.53012
3.5299
3.5345
3.52611
3.53249
3.52523
3.54402
3.54123
3.53232
3.52347
3.54465
3.52978
3.53691
3.53464
3.53348
3.52958
3.51617
3.52264
3.55168
3.54363
3.55597
3.54201
3.55217
3.54162
3.51476
3.52726
3.52411
3.53364
3.52709
3.51726
3.51992
3.53584
3.52777
3.53614
3.50527
3.54538
3.55166
3.53312
3.53438
3.52019
3.52666
3.52173
3.51905
3.54635
3.54352
3.53055
3.51801
3.52789
3.54143
3.53276
3.5376
3.54395
3.53599
3.53
3.5619
3.53577
3.54204
3.53356
3.53918
3.55927
3.53746
3.55763
3.5509
3.52233
3.54657
3.55419
3.55884
3.55384
3.53999
3.5754
3.54576
3.54543
3.5451
3.53892
3.54226
3.54486
3.53432
3.54354
3.56704
3.5584
3.55824
3.56097
3.55926
3.56999
3.54209
3.53243
3.52963
3.54734
3.56312
3.55319
3.54909
3.55845
3.55009
3.53644
3.53855
3.55573
3.52806
3.55692
3.54558
3.53809
3.54542
3.56806
3.53959
3.53843
3.53237
3.54336
3.53221
3.559
3.54476
3.53256
3.53317
3.54316
3.537
3.54775
3.54348
3.52652
3.54226
3.56251
3.57387
3.52639
3.53511
3.54726
3.54199
3.54273
3.54875
3.54652
3.54312
3.53472
3.52915
3.52963
3.52144
3.53889
3.56173
3.5696
3.55106
3.53486
3.54261
3.53688
3.56469
3.54897
3.5531
3.54826
3.55192
3.55126
3.55035
3.54245
3.5536
3.5397
3.53962
3.55204
3.56895
3.53846
3.5338
3.55909
3.54842
3.53481
3.57158
3.54644
3.54507
3.55389
3.56097
3.56307
3.54881
3.54993
3.5547
3.56078
3.54488
3.56627
3.54074
3.53334
3.54555
3.54962
3.58246
3.56103
3.5958
3.56339
3.55299
3.54821
3.55315
3.5667
3.55722
3.58307
3.56135
3.5653
3.56775
3.53548
3.57442
3.57421
3.59474
3.58066
3.58358
3.54128
3.56138
3.54898
3.5566
3.56445
3.57433
3.56885
3.55102
3.57302
3.58248
3.53952
3.56254
3.56572
3.55737
3.55835
3.60006
3.5991
3.56892
3.57509
3.58085
3.60107
3.58461
3.58161
3.58269
3.57472
3.58591
3.5709
3.56573
3.56073
3.60036
3.57574
3.60045
3.57987
3.56069
3.58717
3.58159
3.62714
3.58649
3.60529
3.58234
3.58905
3.58278
3.62029
3.6271
3.5727
3.58148
3.59627
3.60857
3.57419
3.59253
3.56945
3.62149
3.57988
3.59944
3.57126
3.59389
3.58936
3.58523
3.61042
3.62254
3.59226
3.60967
3.60792
3.56783
3.60383
3.61267
3.63735
3.634
3.60678
3.60307
3.63629
3.61308
3.61514
3.61562
3.64575
3.6084
3.61
3.61637
3.59723
3.61202
3.61177
3.63617
3.61139
3.611
3.63397
3.62888
3.61916
3.65264
3.62604
3.65378
3.64367
3.63819
3.65158
3.65827
3.62556
3.64517
3.64848
3.61495
3.63561
3.65456
3.64572
3.65055
3.65078
3.63104
3.66781
3.64979
3.66374
3.64605
3.65422
3.66726
3.6509
3.63167
3.63978
3.63052
3.61184
3.64571
3.64365
3.6468
3.65721
3.6416
3.65131
3.64036
3.69096
3.63933
3.64436
3.64761
3.64328
3.63313
3.63705
3.6172
3.65464
3.61567
3.62582
3.61009
3.61673
3.59848
3.62145
3.60566
3.58192
3.5902
3.59069
3.60673
3.58446
3.58483
3.57214
3.56994
3.56006
3.5753
3.55814
3.55724
3.55646
