3.60039
3.54443
3.5142
3.49627
3.4815
3.47748
3.45922
3.45444
3.44556
3.45162
3.44691
3.43697
3.44479
3.44107
3.44376
3.43509
3.42688
3.42603
3.43842
3.45094
3.4446
3.44111
3.44314
3.43775
3.44674
3.44843
3.44711
3.44338
3.4653
3.44003
3.46002
3.44973
3.45245
3.45695
3.45345
3.46579
3.46344
3.46162
3.47483
3.44548
3.46573
3.46455
3.46471
3.46721
3.48439
3.47775
3.49958
3.46025
3.45931
3.48014
3.45418
3.48927
3.47253
3.48596
3.47835
3.47997
3.49348
3.48503
3.49269
3.47678
3.48251
3.49722
3.49466
3.48213
3.50384
3.51136
3.51527
3.5149
3.49217
3.49079
3.48612
3.51653
3.48534
3.49927
3.50952
3.51035
3.49666
3.52004
3.49547
3.49811
3.5073
3.52087
3.51704
3.51395
3.51657
3.52135
3.50085
3.51716
3.52421
3.52251
3.52727
3.50371
3.52925
3.52483
3.53319
3.51206
3.53784
3.5322
3.53012
3.53133
3.53357
3.52501
3.53935
3.5269
3.54386
3.50894
3.52898
3.5513
3.53934
3.54517
3.53082
3.55773
3.53585
3.54138
3.54602
3.55515
3.53881
3.55122
3.54669
3.54837
3.54297
3.53879
3.54099
3.55872
3.54943
3.55582
3.58263
3.57294
3.56311
3.56033
3.53996
3.56725
3.55281
3.56571
3.58372
3.55528
3.57651
3.54465
3.56111
3.54004
3.57288
3.56289
3.56109
3.53244
3.56796
3.53977
3.57074
3.55083
3.56156
3.54651
3.53981
3.55303
3.55921
3.54766
3.5715
3.57241
3.5556
3.5491
3.55103
3.55115
3.53697
3.55498
3.5297
3.54864
3.56337
3.5349
3.53693
3.54943
3.55148
3.53544
3.53362
3.52451
3.52533
3.53588
3.52711
3.52966
3.51354
3.53913
3.52317
3.51408
3.53166
3.5197
3.51453
3.51548
3.53294
3.51547
3.52169
3.52728
3.54044
3.51263
3.49229
3.50773
3.48872
3.53223
3.51604
3.53268
3.50915
3.53458
3.54376
3.5298
3.56344
3.52509
3.50923
3.52968
3.52034
3.49868
3.53351
3.52229
3.54515
3.52072
3.52093
3.52913
3.51968
3.52397
3.53738
3.50394
3.52786
3.54342
3.51374
3.54035
3.50974
3.55429
3.52831
3.5371
3.54534
3.55072
3.53268
3.5342
3.55618
3.54086
3.55964
3.55523
3.55652
3.53289
3.56888
3.53206
3.52372
3.55976
3.5581
3.53158
3.56732
3.57309
3.57311
3.55475
3.55412
3.54654
3.56592
3.59267
3.6053
3.58824
3.57954
3.59031
3.55567
3.5681
3.59689
3.57202
3.60773
3.57275
3.59897
3.61933
3.5801
3.55331
3.58602
3.54996
3.57735
3.54464
3.60148
3.59383
3.59246
3.60709
3.56223
3.56752
3.59229
3.62607
3.60295
3.63397
3.62375
3.56483
3.64173
3.60265
3.60737
3.6282
3.61077
3.62336
3.58143
3.63311
3.61723
3.59349
3.62496
3.63331
3.6278
3.60779
3.62552
3.60942
3.61216
3.6522
3.61608
3.64577
3.64549
3.57555
3.62887
3.62887
3.60756
3.65673
3.59615
3.63721
3.59842
3.61047
3.62075
3.61499
3.61877
3.62429
3.63923
3.61157
3.61666
3.59216
3.61481
3.63533
3.6115
3.61269
3.62883
3.63781
3.62906
3.62461
3.63263
3.59035
3.61531
3.58914
3.63613
3.60859
3.59681
3.59499
3.62084
3.60078
3.63402
3.57395
3.60819
3.65394
3.62329
3.62871
3.58544
3.58174
3.60313
3.60088
3.58777
3.5909
3.58947
3.57429
3.6301
3.61162
3.58844
3.56285
3.56089
3.61051
3.60332
3.54615
3.59463
3.54341
3.55951
3.52495
3.57013
3.56149
3.55846
3.54384
3.55678
3.54097
3.52555
3.55182
3.53717
3.52683
3.56313
3.53849
3.51513
3.5233
3.5226
3.56046
3.5169
3.49798
3.50939
3.49484
3.49561
3.51292
3.49079
3.50743
3.5044
3.49983
3.50926
3.48399
3.49634
3.49577
3.5157
3.50548
3.51984
3.50851
3.53237
3.52778
3.57526
3.58796
3.59292
3.6387
