3.61123
3.57331
3.53527
3.50133
3.46484
3.44292
3.41862
3.41105
3.39927
3.40022
3.38762
3.38688
3.38578
3.39116
3.38479
3.39327
3.40211
3.40624
3.3927
3.39629
3.41259
3.409
3.42413
3.43059
3.44295
3.42459
3.4368
3.44757
3.43833
3.43367
3.44182
3.45166
3.45421
3.44398
3.44416
3.45737
3.4582
3.45939
3.45488
3.47105
3.47024
3.45746
3.45627
3.4737
3.45797
3.47129
3.45858
3.47439
3.47371
3.46726
3.47805
3.45353
3.48598
3.47159
3.4721
3.47097
3.45472
3.48262
3.48189
3.47904
3.48163
3.49795
3.50019
3.47816
3.48936
3.48399
3.48775
3.49475
3.47448
3.46973
3.47905
3.50073
3.5023
3.48724
3.49615
3.48726
3.49846
3.48687
3.47677
3.50594
3.4985
3.48341
3.50497
3.47607
3.49735
3.48772
3.50802
3.50711
3.50918
3.49323
3.49537
3.49715
3.51217
3.52857
3.52919
3.51141
3.52206
3.53309
3.52313
3.5055
3.51021
3.51611
3.52011
3.52537
3.53785
3.52764
3.54334
3.54262
3.52635
3.54991
3.52906
3.55499
3.54052
3.54949
3.54872
3.56861
3.54283
3.55911
3.5698
3.59384
3.54095
3.55987
3.55614
3.58863
3.58766
3.57145
3.55913
3.57939
3.56721
3.55451
3.59237
3.58377
3.5732
3.6053
3.5828
3.60083
3.58134
3.59431
3.56909
3.61212
3.57922
3.60542
3.59929
3.59413
3.58711
3.6003
3.60349
3.59485
3.60425
3.60659
3.60727
3.59168
3.58939
3.59751
3.57955
3.60457
3.59479
3.57614
3.59923
3.5979
3.58028
3.58206
3.59187
3.58129
3.59221
3.60018
3.55706
3.61155
3.58812
3.57709
3.57228
3.5612
3.56174
3.56658
3.53923
3.54792
3.53761
3.55824
3.53796
3.55974
3.54017
3.55682
3.56495
3.53982
3.54695
3.53124
3.53197
3.53818
3.55059
3.5442
3.53815
3.54198
3.53616
3.53425
3.53181
3.53494
3.52837
3.53111
3.55347
3.54011
3.54884
3.52563
3.54227
3.56045
3.54997
3.53966
3.53005
3.52355
3.54382
3.5563
3.5504
3.55079
3.52409
3.53441
3.53524
3.55117
3.51815
3.53739
3.52625
3.53098
3.55473
3.53307
3.5486
3.57907
3.5429
3.53349
3.57525
3.56106
3.56008
3.569
3.5716
3.56791
3.53438
3.54306
3.57027
3.5233
3.56285
3.59991
3.59516
3.55156
3.59208
3.55786
3.56379
3.56109
3.53763
3.56043
3.58072
3.55864
3.56918
3.53015
3.56274
3.60085
3.59766
3.55354
3.58528
3.57364
3.59287
3.57493
3.60941
3.63746
3.59905
3.58873
3.59826
3.59199
3.5966
3.57455
3.60087
3.59383
3.58713
3.59489
3.60107
3.60433
3.58922
3.6293
3.62556
3.59679
3.62058
3.62242
3.58774
3.60265
3.57539
3.60695
3.61403
3.58911
3.65157
3.62435
3.60547
3.64565
3.59233
3.58918
3.6156
3.64798
3.60243
3.60673
3.63149
3.61159
3.61815
3.65369
3.59837
3.59118
3.62336
3.61839
3.60824
3.6217
3.58753
3.5985
3.61683
3.6543
3.63062
3.64244
3.65629
3.62716
3.65471
3.60948
3.63354
3.66065
3.65419
3.63677
3.62203
3.61685
3.60148
3.59527
3.59585
3.56785
3.63903
3.61503
3.61878
3.578
3.59542
3.62677
3.59151
3.61546
3.64431
3.63715
3.63542
3.59666
3.60752
3.6032
3.62747
3.56911
3.60585
3.63447
3.65124
3.59374
3.58777
3.59217
3.592
3.57674
3.58516
3.57777
3.58844
3.59916
3.605
3.58764
3.57205
3.60841
3.52874
3.56784
3.56966
3.55923
3.60831
3.58155
3.55684
3.54489
3.52735
3.53075
3.53003
3.53324
3.55206
3.53688
3.56861
3.5127
3.51331
3.53864
3.52523
3.52369
3.46145
3.48941
3.48002
3.49868
3.47806
3.49469
3.46605
3.45819
3.46852
3.44902
3.45329
3.46251
3.4596
3.4423
3.45314
3.45136
3.42976
3.44674
3.41848
3.45452
3.43838
3.44394
3.45715
3.48423
