4.80025
4.72878
4.69826
4.66581
4.65276
4.63541
4.62936
4.62602
4.61923
4.57779
4.59386
4.61445
4.59602
4.62379
4.60131
4.63877
4.58922
4.60511
4.66288
4.59571
4.61822
4.63173
4.64697
4.59566
4.5815
4.65409
4.6392
4.64996
4.67239
4.68632
4.66281
4.68178
4.64568
4.68062
4.70018
4.73996
4.63252
4.71059
4.6544
4.69793
4.66821
4.69895
4.66967
4.68317
4.65495
4.64054
4.70479
4.72229
4.72599
4.70056
4.62443
4.67533
4.72874
4.65468
4.71778
4.72113
4.69235
4.71791
4.73227
4.78279
4.74237
4.79025
4.6747
4.71096
4.81483
4.77585
4.71874
4.78521
4.72036
4.75991
4.73857
4.75205
4.7126
4.73173
4.76215
4.7677
4.70757
4.71633
4.65928
4.67632
4.65752
4.72256
4.75541
4.68696
4.73484
4.72642
4.67317
4.69426
4.67419
4.7159
4.68259
4.70298
4.73309
4.65865
4.66468
4.72056
4.77696
4.70297
4.70436
4.74996
4.74375
4.68534
4.77429
4.6837
4.65973
4.74643
4.66687
4.68138
4.64253
4.74966
4.75258
4.67921
4.66119
4.5944
4.7531
4.73954
4.71798
4.7127
4.755
4.73576
4.80183
4.78236
4.69237
4.63174
4.64285
4.68951
4.69126
4.69528
4.66682
4.69888
4.69134
4.76101
4.63016
4.69125
4.66526
4.68398
4.67714
4.68731
4.71949
4.71774
4.64468
4.65026
4.75826
4.68951
4.67792
4.7655
4.71192
4.6644
4.7074
4.70145
4.66502
4.59153
4.72053
4.65892
4.63745
4.63942
4.68831
4.65932
4.64892
4.67203
4.64321
4.64637
4.62106
4.62
4.65005
4.62693
4.62194
4.66289
4.62628
4.63482
4.65857
4.65558
4.66411
4.60958
4.66084
4.64858
4.66904
4.69306
4.59388
4.61997
4.62563
4.63863
4.73899
4.59428
4.69077
4.67481
4.6643
4.61437
4.638
4.67493
4.66123
4.69325
4.68518
4.66474
4.65915
4.6692
4.63762
4.7306
4.67219
4.67664
4.68358
4.682
4.63517
4.64432
4.60784
4.62227
4.70729
4.61879
4.65969
4.64603
4.59944
4.64316
4.61437
4.6441
4.66711
4.70285
4.65686
4.59472
4.6849
4.65754
4.57886
4.66039
4.66907
4.62948
4.61143
4.66978
4.60958
4.66411
4.59567
4.62774
4.65055
4.6307
4.64431
4.67007
4.61377
4.65952
4.66665
4.70405
4.67586
4.70374
4.66452
4.69449
4.67692
4.70174
4.66451
4.74199
4.66151
4.72053
4.66995
4.65189
4.59348
4.63957
4.67507
4.68635
4.63976
4.68617
4.66196
4.64717
4.69721
4.75159
4.6829
4.67603
4.67324
4.70036
4.7197
4.65145
4.66556
4.59885
4.69532
4.68545
4.62282
4.61319
4.70725
4.69727
4.6336
4.64285
4.65647
4.67767
4.69305
4.65902
4.67559
4.59302
4.65402
4.68792
4.61779
4.63638
4.62279
4.7053
4.65913
4.69856
4.73998
4.6536
4.63917
4.66687
4.64121
4.68
4.66922
4.70644
4.65659
4.67976
4.63926
4.6501
4.60913
4.67699
4.65664
4.68144
4.70466
4.64359
4.66847
4.68828
4.58437
4.74533
4.71494
4.66235
4.56968
4.61379
4.68696
4.69021
4.62296
4.64709
4.65023
4.748
4.73067
4.64156
4.71209
4.69645
4.6781
4.7266
4.60097
4.66197
4.7177
4.63926
4.61265
4.66061
4.65728
4.57574
4.66007
4.6892
4.67142
4.66167
4.6346
4.66534
4.65036
4.62416
4.63089
4.58987
4.58892
4.62873
4.66684
4.60919
4.63664
4.56357
4.64294
4.59928
4.59258
4.62774
4.58336
4.58852
4.60358
4.56233
4.59549
4.58147
4.55301
4.57044
4.602
4.5366
4.55865
4.4954
4.55206
4.55271
4.60023
4.56327
4.53901
4.53674
4.49445
4.46918
4.47496
4.51984
4.5002
4.53007
4.48659
4.5174
4.46196
4.49116
4.48113
4.49834
4.4852
4.48475
4.51026
4.48063
4.47158
4.49108
4.52092
4.52742
4.52935
4.57254
4.60305
4.64663
4.70663
4.82439
