4.85043
4.76584
4.71795
4.69166
4.68202
4.65128
4.62373
4.59414
4.61166
4.62482
4.6176
4.59449
4.5972
4.55397
4.56837
4.57524
4.61436
4.5853
4.59147
4.61245
4.5787
4.60979
4.60518
4.63615
4.6127
4.57048
4.6038
4.60069
4.57601
4.61161
4.58054
4.60801
4.60609
4.62791
4.59138
4.62865
4.60511
4.61571
4.62318
4.66755
4.66999
4.63542
4.65686
4.70897
4.61546
4.60989
4.66815
4.61687
4.64215
4.71154
4.67473
4.64006
4.63476
4.68272
4.64518
4.58076
4.62416
4.74055
4.6586
4.70162
4.70432
4.5947
4.69411
4.75836
4.70434
4.64313
4.65106
4.67284
4.63926
4.67829
4.66945
4.59423
4.65465
4.67555
4.62043
4.71209
4.70757
4.67002
4.6883
4.65023
4.60228
4.63044
4.67909
4.62624
4.63662
4.62497
4.65702
4.60298
4.65225
4.65321
4.5909
4.6574
4.63297
4.60828
4.6758
4.61928
4.65443
4.65695
4.6313
4.68167
4.61161
4.59279
4.6213
4.59915
4.59252
4.66941
4.56374
4.57003
4.57278
4.63201
4.63526
4.60526
4.58425
4.5944
4.60723
4.65566
4.67344
4.62406
4.755
4.64766
4.61292
4.60008
4.59896
4.66211
4.59839
4.63094
4.63156
4.63884
4.63141
4.67531
4.63222
4.61773
4.58628
4.65449
4.58934
4.60816
4.65479
4.62265
4.60753
4.57493
4.57965
4.63973
4.69305
4.59102
4.65386
4.56263
4.54374
4.57615
4.5605
4.64245
4.63399
4.60782
4.58611
4.5792
4.57457
4.60135
4.65979
4.63268
4.59984
4.58545
4.56473
4.54121
4.56877
4.66182
4.56892
4.60516
4.57743
4.66763
4.5558
4.55023
4.62134
4.67155
4.59091
4.60554
4.55362
4.63593
4.53133
4.61205
4.6223
4.58979
4.5613
4.60845
4.61645
4.64153
4.59184
4.61942
4.5857
4.60442
4.6228
4.59007
4.60573
4.59485
4.57001
4.66002
4.59981
4.64333
4.61159
4.61804
4.61321
4.63657
4.63473
4.62883
4.57614
4.60652
4.64192
4.59981
4.68237
4.58113
4.56215
4.61199
4.5839
4.62614
4.60442
4.58407
4.59187
4.61419
4.65299
4.58941
4.64839
4.55956
4.62777
4.6032
4.61011
4.64789
4.63593
4.66306
4.65816
4.65309
4.68797
4.59033
4.64151
4.63739
4.65353
4.67487
4.59878
4.5919
4.62904
4.60311
4.60027
4.59932
4.61674
4.66874
4.5871
4.6089
4.64933
4.6017
4.64613
4.63579
4.63683
4.6021
4.61016
4.62439
4.6285
4.64088
4.71663
4.66711
4.66737
4.63432
4.63973
4.62135
4.60878
4.60504
4.66496
4.66586
4.58817
4.6597
4.674
4.63825
4.66926
4.64303
4.68698
4.66402
4.66639
4.69727
4.59239
4.66499
4.61843
4.66051
4.71415
4.63147
4.64222
4.62687
4.6653
4.60337
4.64459
4.5894
4.68694
4.64169
4.64796
4.63526
4.68208
4.58509
4.63917
4.64142
4.67814
4.58998
4.66922
4.62395
4.67079
4.62463
4.66719
4.69841
4.66531
4.56711
4.57688
4.64305
4.67265
4.61995
4.71193
4.65222
4.67806
4.58611
4.6687
4.67045
4.63003
4.5823
4.61876
4.60416
4.63295
4.7012
4.63511
4.64907
4.61501
4.68834
4.62401
4.68044
4.673
4.67768
4.58097
4.61897
4.60657
4.59368
4.65131
4.59033
4.54852
4.60059
4.65775
4.57798
4.61562
4.57071
4.58838
4.59509
4.57212
4.67398
4.55444
4.59366
4.57402
4.62673
4.54534
4.53012
4.61553
4.60064
4.60247
4.60636
4.62412
4.62952
4.69099
4.54649
4.59709
4.55491
4.57577
4.58747
4.60353
4.56485
4.50475
4.59842
4.55865
4.55377
4.55693
4.54566
4.52289
4.52234
4.5574
4.59022
4.53869
4.54394
4.51134
4.53577
4.52597
4.53007
4.56196
4.50435
4.54538
4.54747
4.50679
4.4938
4.49577
4.50751
4.53095
4.52565
4.55286
4.52367
4.54766
4.53675
4.5979
4.61308
4.62983
4.65743
4.70679
4.80084
