4.7025
4.65737
4.63539
4.62822
4.61511
4.59951
4.58171
4.60287
4.59355
4.57298
4.59435
4.57942
4.59778
4.5916
4.59929
4.60688
4.5855
4.6165
4.6239
4.65791
4.67191
4.60589
4.59617
4.64392
4.62837
4.67258
4.62717
4.61143
4.59746
4.66082
4.66997
4.63531
4.61853
4.64398
4.6836
4.76231
4.71786
4.70164
4.71473
4.64701
4.68632
4.70862
4.71185
4.7402
4.69132
4.72174
4.72184
4.72447
4.74196
4.71823
4.76044
4.73135
4.7335
4.72153
4.782
4.74348
4.73337
4.74055
4.72473
4.73691
4.72431
4.7678
4.66757
4.76111
4.8271
4.73636
4.76283
4.73442
4.67088
4.78372
4.77341
4.78814
4.70163
4.79381
4.69107
4.6511
4.77245
4.72202
4.67758
4.76539
4.73322
4.74955
4.73691
4.70103
4.74406
4.67489
4.63615
4.73016
4.70869
4.74045
4.73283
4.73024
4.77506
4.71675
4.70162
4.72364
4.63269
4.73366
4.77411
4.75657
4.78369
4.71247
4.7541
4.69554
4.76203
4.66366
4.76056
4.77267
4.6881
4.77288
4.81571
4.73419
4.62813
4.70186
4.74326
4.69611
4.68792
4.69149
4.68896
4.76831
4.70595
4.75216
4.66333
4.64811
4.73053
4.66089
4.75099
4.76429
4.70448
4.65823
4.67672
4.62558
4.72278
4.7367
4.73014
4.69271
4.73074
4.7378
4.70758
4.70589
4.66896
4.66641
4.6603
4.67833
4.71741
4.7529
4.64866
4.7227
4.71609
4.71284
4.70626
4.69675
4.78992
4.60934
4.69957
4.72662
4.69364
4.60491
4.70244
4.62833
4.67776
4.62982
4.64428
4.68389
4.66191
4.67544
4.66769
4.67964
4.67441
4.66205
4.64296
4.64442
4.65747
4.6451
4.62848
4.60545
4.68652
4.60242
4.66455
4.5699
4.62757
4.64251
4.61095
4.65881
4.65405
4.63913
4.62632
4.63134
4.63289
4.68213
4.65443
4.63571
4.69701
4.65846
4.64859
4.61584
4.64029
4.61563
4.63109
4.65341
4.644
4.6345
4.65666
4.66625
4.68107
4.60674
4.64456
4.6479
4.61569
4.66123
4.60578
4.65185
4.69297
4.64955
4.68064
4.6356
4.67861
4.6585
4.61029
4.68052
4.67256
4.58835
4.66058
4.66049
4.70908
4.61396
4.65596
4.64873
4.67853
4.59033
4.63704
4.64871
4.62629
4.67007
4.58004
4.68889
4.67891
4.59871
4.6275
4.5883
4.70573
4.67381
4.60945
4.68831
4.57433
4.67813
4.61893
4.66357
4.627
4.63399
4.6399
4.65779
4.68594
4.63831
4.68246
4.73518
4.68111
4.69305
4.61171
4.75795
4.61377
4.6541
4.63555
4.64392
4.61584
4.68514
4.61988
4.58628
4.64429
4.6216
4.67531
4.67246
4.69528
4.69425
4.68951
4.70888
4.68522
4.61965
4.68716
4.74051
4.68134
4.68599
4.68852
4.62935
4.79341
4.65571
4.65819
4.67553
4.67052
4.59314
4.63737
4.68221
4.7428
4.67853
4.65233
4.70713
4.62779
4.63467
4.68829
4.70634
4.66719
4.73191
4.67952
4.67127
4.66217
4.69578
4.68409
4.77506
4.69125
4.68259
4.72805
4.64158
4.66042
4.70686
4.6804
4.68791
4.62624
4.75229
4.69956
4.64968
4.72639
4.6883
4.76349
4.67497
4.66384
4.71569
4.70431
4.65215
4.68588
4.68987
4.69636
4.61603
4.64662
4.72408
4.67179
4.60696
4.66708
4.7297
4.63511
4.70925
4.73432
4.70992
4.62032
4.74345
4.67429
4.75647
4.68716
4.68098
4.65847
4.66021
4.66877
4.66202
4.66033
4.63739
4.71122
4.65681
4.61711
4.68848
4.66002
4.63863
4.71845
4.6785
4.65712
4.66289
4.63781
4.66587
4.65443
4.66803
4.66686
4.62423
4.65256
4.62098
4.62113
4.66277
4.61991
4.62273
4.57941
4.62258
4.61077
4.62299
4.60623
4.5948
4.68063
4.62298
4.57387
4.59525
4.62512
4.55529
4.54684
4.59584
4.59516
4.57953
4.59849
4.5762
4.59577
4.60175
4.61971
4.64312
4.69634
4.75909
