4.70424
4.66235
4.63911
4.62024
4.60728
4.61388
4.59382
4.60839
4.59355
4.62672
4.61554
4.63104
4.61386
4.61395
4.64416
4.61561
4.60971
4.69078
4.61692
4.60623
4.61443
4.61867
4.69194
4.62957
4.65033
4.69816
4.70471
4.66295
4.66827
4.70247
4.69348
4.7208
4.70402
4.73329
4.73482
4.66134
4.74173
4.68239
4.6838
4.66235
4.66999
4.68945
4.75727
4.67738
4.7053
4.73244
4.72184
4.72011
4.72599
4.71154
4.77767
4.67107
4.75045
4.74316
4.69708
4.75886
4.70175
4.73291
4.76078
4.77167
4.73456
4.77056
4.67231
4.74214
4.76254
4.69169
4.71345
4.70798
4.68863
4.8117
4.70566
4.74337
4.74971
4.7124
4.72413
4.7801
4.70479
4.69408
4.81105
4.67101
4.71554
4.66399
4.72191
4.78665
4.7566
4.74464
4.62598
4.68849
4.75167
4.68373
4.73283
4.74595
4.76183
4.75456
4.76336
4.72056
4.69449
4.75613
4.72879
4.72736
4.62992
4.6824
4.65112
4.6607
4.73233
4.69298
4.65542
4.66131
4.63436
4.64007
4.69856
4.69697
4.69621
4.67239
4.70545
4.68135
4.68208
4.69747
4.61362
4.65867
4.67909
4.67268
4.61441
4.73115
4.67066
4.67503
4.6678
4.70423
4.70149
4.59696
4.64852
4.68651
4.67756
4.70006
4.65145
4.68687
4.67999
4.69591
4.6595
4.61881
4.65266
4.5994
4.59262
4.62543
4.65912
4.7079
4.57285
4.62109
4.61202
4.68477
4.6493
4.61494
4.62843
4.59292
4.58347
4.61299
4.5974
4.61173
4.60661
4.65956
4.60379
4.62057
4.63722
4.62904
4.57303
4.65184
4.64209
4.65819
4.63964
4.64828
4.56278
4.58358
4.5773
4.58573
4.57625
4.61143
4.64789
4.56899
4.6223
4.66624
4.60278
4.66031
4.57548
4.57031
4.68088
4.65017
4.61076
4.58183
4.5763
4.60419
4.58883
4.63885
4.63393
4.57278
4.61516
4.6052
4.58422
4.65924
4.66374
4.62199
4.57946
4.61874
4.64141
4.59775
4.59215
4.62657
4.62505
4.65422
4.68128
4.65952
4.68941
4.6312
4.6245
4.64773
4.66141
4.66159
4.61925
4.65652
4.61959
4.63938
4.57526
4.67507
4.61986
4.69771
4.68142
4.63269
4.64942
4.63374
4.65333
4.62989
4.70042
4.63515
4.59603
4.71986
4.67064
4.60482
4.66665
4.59871
4.68603
4.63843
4.60537
4.65875
4.60491
4.66233
4.68274
4.74788
4.69904
4.72053
4.67786
4.67304
4.63737
4.64472
4.65653
4.70614
4.68246
4.70301
4.64865
4.66832
4.7001
4.67172
4.66076
4.66223
4.63555
4.74653
4.70455
4.72086
4.73044
4.75168
4.69237
4.69134
4.62282
4.76092
4.71946
4.74115
4.76109
4.67926
4.65367
4.7105
4.699
4.76025
4.69301
4.7386
4.74113
4.77628
4.72366
4.64735
4.79314
4.73664
4.75042
4.62177
4.7595
4.70614
4.81498
4.69648
4.7113
4.68
4.74544
4.7541
4.6594
4.69142
4.73694
4.68669
4.73366
4.80127
4.71446
4.68428
4.64227
4.69099
4.67975
4.65222
4.70106
4.68832
4.83813
4.75185
4.72942
4.77265
4.75463
4.67909
4.70808
4.76707
4.70923
4.64153
4.80478
4.74803
4.73778
4.76823
4.77843
4.76766
4.81025
4.7855
4.71499
4.69121
4.78816
4.70302
4.71756
4.73803
4.73156
4.78171
4.77333
4.71423
4.71149
4.65193
4.69611
4.67398
4.71386
4.75397
4.70067
4.72402
4.71971
4.74842
4.74578
4.7215
4.75129
4.66226
4.72386
4.69727
4.76197
4.78809
4.80577
4.69372
4.69976
4.69634
4.81712
4.69318
4.72551
4.78505
4.68695
4.6976
4.69399
4.74026
4.69508
4.65075
4.69672
4.66658
4.7181
4.66342
4.66323
4.67468
4.66839
4.67819
4.65503
4.62742
4.67971
4.64715
4.64336
4.6095
4.59474
4.62176
4.60162
4.65923
4.56691
4.60253
4.5974
4.61197
4.59897
4.6044
4.63288
4.64572
4.67425
4.72988
