4.63265
4.61551
4.6155
4.61393
4.61466
4.58313
4.61521
4.60104
4.61208
4.60565
4.63115
4.59449
4.63914
4.66844
4.6319
4.69301
4.64633
4.65204
4.63274
4.69063
4.70729
4.70173
4.69078
4.72652
4.67191
4.70606
4.68996
4.7355
4.70059
4.71754
4.74351
4.71438
4.7458
4.69335
4.72773
4.7345
4.73059
4.77944
4.73565
4.79752
4.69558
4.81502
4.81349
4.84009
4.80166
4.78201
4.82549
4.7605
4.78018
4.84535
4.79801
4.83931
4.77044
4.74071
4.77939
4.79916
4.83984
4.78031
4.76612
4.82045
4.77192
4.80767
4.69165
4.7529
4.81483
4.75296
4.73217
4.78816
4.75102
4.78677
4.84653
4.80704
4.88111
4.78453
4.78683
4.78957
4.81442
4.8015
4.83481
4.90063
4.7069
4.84959
4.80779
4.79995
4.81304
4.8202
4.76128
4.87241
4.81903
4.88927
4.80489
4.84257
4.77506
4.77779
4.80724
4.8316
4.71559
4.84415
4.85318
4.91594
4.79411
4.75068
4.80232
4.76529
4.8114
4.81248
4.74718
4.72058
4.73427
4.76282
4.77288
4.76037
4.83061
4.83703
4.90287
4.81494
4.81859
4.80244
4.75168
4.86239
4.78068
4.70804
4.87983
4.82777
4.75958
4.79864
4.90504
4.88981
4.7844
4.76228
4.76704
4.79505
4.76163
4.79283
4.73956
4.82705
4.67999
4.793
4.76314
4.77418
4.84393
4.73582
4.75513
4.76457
4.82948
4.79823
4.82338
4.71689
4.82463
4.77651
4.76612
4.88945
4.72625
4.75107
4.76898
4.82219
4.79574
4.75019
4.76721
4.85684
4.77715
4.76547
4.79141
4.8242
4.76653
4.80999
4.73034
4.81543
4.7729
4.85852
4.83346
4.78603
4.83894
4.74579
4.75957
4.74808
4.7571
4.7715
4.72833
4.74204
4.78508
4.76547
4.72331
4.84495
4.78338
4.72951
4.82908
4.78585
4.81179
4.71183
4.87049
4.78857
4.80736
4.79688
4.79934
4.80207
4.79525
4.76052
4.81136
4.80508
4.7648
4.84295
4.86056
4.81647
4.80392
4.84129
4.80885
4.84778
4.88291
4.79723
4.8294
4.77833
4.8749
4.85687
4.81867
4.82942
4.84229
4.84018
4.84215
4.84102
4.81536
4.83213
4.81911
4.88488
4.78178
4.81443
4.89937
4.91887
4.89343
4.93239
4.82091
4.81983
4.87646
4.86646
4.82529
4.87278
4.89474
4.93119
4.88528
4.81117
4.89598
4.88176
4.81419
4.84901
4.80896
4.8618
4.89773
4.81945
4.83856
4.77886
4.90466
4.85335
4.91383
4.92646
4.84366
4.96338
4.84685
4.93597
4.79379
4.85137
4.85892
4.87696
4.87696
4.89079
4.93575
4.88612
4.88238
4.82142
4.85783
4.8617
4.80385
4.9628
4.8776
4.87983
4.89821
4.95355
4.86648
4.87576
4.81419
4.92506
4.82075
4.83313
4.78825
4.89247
4.84493
4.89022
4.80741
4.77657
4.89084
4.88223
4.89662
4.93416
4.83355
4.90122
4.85439
4.86932
4.91363
4.87073
4.88695
4.8767
4.98027
4.88073
4.89568
4.86485
4.92784
4.91872
4.89737
4.78518
4.86161
4.87117
4.8354
4.86732
4.9172
4.82121
4.86381
4.81304
4.90658
4.88054
4.80079
4.90159
4.90454
4.77868
4.82147
4.94489
4.93703
4.9285
4.86668
4.9431
4.94723
4.84993
4.88987
4.88531
4.89494
4.88645
4.85036
4.90308
4.90017
4.87108
4.96926
4.88044
4.86388
4.89093
4.83183
4.9232
4.93618
4.91937
4.859
4.92657
4.89238
4.82988
4.91614
4.85085
4.85606
4.83851
4.92183
4.88585
4.87127
4.88089
4.88945
4.85057
4.92533
4.91773
4.87616
4.83929
4.90546
4.87054
4.84679
4.85169
4.8874
4.89093
4.94332
4.86045
4.87736
4.81978
4.85601
4.86171
4.85513
4.86113
4.84892
4.82957
4.81116
4.80996
4.82502
4.84443
4.80281
4.81719
4.79437
4.7995
4.81449
4.83794
4.84644
4.83062
4.82458
4.8607
4.86689
4.87595
4.88498
4.85808
4.7806
4.62158
