4.90186
4.761
4.69373
4.65525
4.59999
4.57871
4.54276
4.54367
4.52331
4.49937
4.48433
4.50461
4.4633
4.46311
4.50177
4.46899
4.45977
4.47475
4.48184
4.4577
4.47834
4.49373
4.56426
4.53689
4.50492
4.51232
4.53879
4.51911
4.52127
4.54642
4.51827
4.60138
4.63123
4.59704
4.59701
4.58347
4.60067
4.62658
4.58147
4.60796
4.62854
4.60849
4.57734
4.62585
4.6719
4.68872
4.61171
4.61687
4.61727
4.65048
4.67263
4.58988
4.63073
4.66317
4.62084
4.73096
4.65398
4.69374
4.72975
4.67063
4.6155
4.66676
4.64671
4.6624
4.75426
4.69423
4.64166
4.6802
4.65851
4.69898
4.66695
4.70984
4.70709
4.70164
4.60865
4.76159
4.69105
4.70233
4.65415
4.66053
4.73024
4.66665
4.72488
4.64927
4.64969
4.65867
4.67317
4.62323
4.64158
4.66138
4.70276
4.73335
4.64898
4.69282
4.69869
4.65664
4.67987
4.70898
4.66952
4.68461
4.68265
4.66223
4.61866
4.63585
4.61058
4.63029
4.6526
4.66414
4.59513
4.64278
4.67185
4.68507
4.77657
4.71716
4.70545
4.57974
4.70276
4.7127
4.69195
4.69301
4.68202
4.67555
4.66333
4.65367
4.6189
4.71343
4.66208
4.67491
4.6753
4.62019
4.70029
4.66926
4.61691
4.7367
4.65145
4.63947
4.65479
4.61252
4.61504
4.68856
4.65535
4.64497
4.5879
4.64341
4.56633
4.54481
4.62313
4.63854
4.64731
4.53109
4.66769
4.67258
4.626
4.68266
4.65744
4.60831
4.59969
4.62796
4.62974
4.56828
4.61283
4.64877
4.59652
4.6452
4.68141
4.58622
4.65127
4.61968
4.56565
4.61091
4.62134
4.6206
4.61706
4.62395
4.65642
4.60545
4.57011
4.59106
4.59203
4.57706
4.57719
4.58856
4.60368
4.60308
4.63924
4.60721
4.61762
4.57867
4.5656
4.6154
4.56654
4.63415
4.60988
4.63397
4.5862
4.58958
4.52524
4.61683
4.62996
4.56213
4.63657
4.60556
4.63269
4.59775
4.61584
4.63675
4.5837
4.60402
4.60816
4.57684
4.60737
4.61616
4.65059
4.62632
4.64462
4.65405
4.56864
4.62388
4.57277
4.59351
4.62973
4.55105
4.64807
4.57377
4.58982
4.61396
4.63443
4.60687
4.62273
4.61501
4.55408
4.6963
4.58974
4.66532
4.63587
4.6225
4.66908
4.61879
4.63216
4.66768
4.61904
4.64407
4.73875
4.64976
4.62967
4.6017
4.61411
4.63579
4.61256
4.69219
4.65797
4.65516
4.65914
4.62815
4.58802
4.64605
4.61539
4.68469
4.6142
4.60382
4.64999
4.64343
4.68164
4.64933
4.69565
4.66806
4.69417
4.6117
4.66926
4.62954
4.65823
4.60303
4.63616
4.68235
4.74156
4.65382
4.72482
4.69835
4.72032
4.69686
4.72946
4.67137
4.65682
4.71491
4.62042
4.66991
4.5944
4.7053
4.63159
4.6632
4.71491
4.69107
4.75921
4.71813
4.67522
4.68891
4.69554
4.68841
4.76064
4.67687
4.63113
4.66112
4.70297
4.75034
4.69651
4.74731
4.7644
4.64359
4.65467
4.7057
4.70695
4.72066
4.71795
4.64389
4.76344
4.72575
4.73925
4.76808
4.66665
4.66814
4.68709
4.71034
4.71069
4.78505
4.75856
4.72982
4.76343
4.6882
4.68328
4.79473
4.68597
4.76844
4.78521
4.73217
4.63617
4.77946
4.66943
4.7091
4.67612
4.71423
4.63242
4.74248
4.77757
4.76414
4.70669
4.74656
4.66103
4.74071
4.69489
4.73432
4.65249
4.73278
4.66033
4.64303
4.65175
4.71344
4.63832
4.71784
4.71844
4.63863
4.72035
4.64436
4.65547
4.69491
4.66455
4.73482
4.69497
4.7355
4.68329
4.61235
4.65119
4.70349
4.66295
4.68599
4.65896
4.65982
4.70383
4.71699
4.6771
4.60785
4.61873
4.62215
4.64683
4.64551
4.65657
4.62977
4.63313
4.61085
4.68251
4.66983
4.66108
4.6474
4.65971
4.67074
4.66071
4.67675
4.67714
4.70904
4.72218
4.77722
