4.73308
4.66274
4.61848
4.5954
4.55703
4.58915
4.53533
4.51457
4.52547
4.52211
4.54997
4.53243
4.55365
4.49951
4.50062
4.54261
4.53645
4.56238
4.55288
4.54818
4.52436
4.53798
4.53309
4.58545
4.57111
4.52585
4.60956
4.58668
4.62224
4.62582
4.59687
4.60007
4.656
4.59841
4.5721
4.602
4.63408
4.6671
4.64936
4.57577
4.65411
4.63027
4.67153
4.64739
4.64392
4.70294
4.67212
4.6623
4.60983
4.63275
4.65207
4.69269
4.66163
4.66961
4.7441
4.69725
4.64531
4.71791
4.68138
4.74213
4.68736
4.72019
4.66054
4.68861
4.69932
4.68166
4.70821
4.73172
4.6759
4.72042
4.77341
4.77891
4.7707
4.70969
4.8395
4.69557
4.68295
4.75738
4.67758
4.70083
4.61195
4.76195
4.68741
4.74229
4.70218
4.77307
4.66504
4.83813
4.72673
4.76935
4.70866
4.70595
4.67383
4.73851
4.77652
4.72673
4.7838
4.81094
4.71038
4.72107
4.79762
4.67367
4.69436
4.70763
4.67706
4.71753
4.72129
4.74931
4.7407
4.73678
4.74268
4.74387
4.78699
4.661
4.67569
4.71434
4.69381
4.66246
4.73216
4.68424
4.69386
4.74243
4.69535
4.78442
4.72738
4.62829
4.67649
4.68647
4.7776
4.68993
4.68839
4.67782
4.64098
4.62507
4.64873
4.71664
4.58261
4.71949
4.6201
4.6342
4.63941
4.73889
4.73371
4.6229
4.65386
4.7467
4.69475
4.66177
4.63193
4.67931
4.72948
4.73643
4.65586
4.60697
4.65238
4.62967
4.6448
4.66932
4.65875
4.7084
4.66519
4.6886
4.64904
4.6814
4.65005
4.67544
4.73833
4.61968
4.7242
4.65055
4.63205
4.68797
4.59288
4.60152
4.63269
4.61343
4.66904
4.62579
4.66455
4.66416
4.70443
4.67248
4.64479
4.65881
4.62659
4.64096
4.63515
4.67417
4.65537
4.67493
4.69107
4.68638
4.67523
4.62063
4.67614
4.66627
4.64837
4.65795
4.63223
4.65246
4.66298
4.63679
4.64266
4.68182
4.67808
4.62227
4.67429
4.6401
4.68128
4.6361
4.6385
4.65185
4.6348
4.6441
4.65017
4.68679
4.71817
4.59295
4.59752
4.57898
4.70071
4.69448
4.70885
4.69321
4.67471
4.67204
4.65596
4.67535
4.71722
4.61291
4.60455
4.6533
4.66289
4.70956
4.70253
4.68141
4.68891
4.70667
4.69637
4.6727
4.66204
4.67635
4.68722
4.69097
4.65941
4.68077
4.71021
4.61161
4.64935
4.70342
4.70711
4.7647
4.74046
4.70902
4.67149
4.7692
4.75504
4.71887
4.69721
4.76116
4.67172
4.76638
4.78624
4.73386
4.7197
4.7364
4.8104
4.66891
4.71031
4.73751
4.75894
4.73516
4.77098
4.64801
4.74156
4.70888
4.72798
4.7651
4.75544
4.76698
4.72014
4.8643
4.7379
4.73998
4.82601
4.75642
4.66383
4.74311
4.78776
4.77981
4.75292
4.74395
4.71437
4.75383
4.77335
4.83773
4.80351
4.77087
4.84306
4.73418
4.8087
4.79465
4.83287
4.83784
4.74244
4.91032
4.87303
4.92245
4.77532
4.76777
4.83174
4.74849
4.81277
4.83182
4.76027
4.76617
4.87903
4.75541
4.8317
4.90159
4.87397
4.79789
4.84212
4.75103
4.80899
4.80604
4.84931
4.78304
4.84334
4.80096
4.78069
4.88173
4.84077
4.76858
4.89858
4.85568
4.85978
4.87442
4.7989
4.78585
4.76076
4.78518
4.76142
4.83093
4.78542
4.81969
4.78892
4.83199
4.78287
4.87819
4.81818
4.78265
4.81904
4.87097
4.77966
4.76926
4.78228
4.77912
4.80807
4.76277
4.82869
4.74148
4.81067
4.738
4.75103
4.73304
4.78357
4.75102
4.69708
4.74026
4.75698
4.73325
4.70512
4.70607
4.7823
4.74319
4.68798
4.72066
4.70632
4.71284
4.71137
4.68289
4.68246
4.65962
4.6741
4.65816
4.69619
4.65252
4.64394
4.65647
4.65404
4.63423
4.6521
4.65558
4.64401
4.66268
4.66334
4.66748
4.69962
4.75996
