4.78214
4.65546
4.60434
4.57875
4.50677
4.52037
4.51439
4.45834
4.47793
4.46719
4.46291
4.47092
4.47226
4.46919
4.48205
4.4543
4.47495
4.47475
4.50795
4.47162
4.47534
4.50756
4.44757
4.47245
4.485
4.50567
4.52962
4.55302
4.55418
4.53847
4.59814
4.56805
4.55127
4.59567
4.58719
4.58487
4.52585
4.58572
4.55664
4.56542
4.59767
4.5243
4.63552
4.62234
4.62069
4.58579
4.62994
4.62976
4.65002
4.63275
4.64404
4.61637
4.57703
4.73104
4.60515
4.65003
4.59576
4.65036
4.66084
4.69675
4.63923
4.70266
4.60072
4.68376
4.68208
4.5918
4.67032
4.82166
4.62753
4.67323
4.70566
4.7405
4.66477
4.70164
4.7129
4.69829
4.75707
4.74834
4.67493
4.65794
4.62926
4.68838
4.71896
4.62876
4.67673
4.74156
4.69541
4.71795
4.69407
4.70695
4.69693
4.70298
4.65714
4.6504
4.70456
4.68484
4.72486
4.61426
4.71038
4.65867
4.65987
4.6824
4.67379
4.74544
4.74535
4.69298
4.63866
4.77951
4.74721
4.69976
4.64351
4.69697
4.73664
4.61752
4.68152
4.66694
4.62935
4.7315
4.68896
4.67274
4.67909
4.6901
4.7292
4.63987
4.64831
4.67789
4.7188
4.66922
4.59303
4.58444
4.70331
4.61514
4.60395
4.66836
4.61187
4.63149
4.69155
4.70758
4.6201
4.66896
4.67172
4.58495
4.64717
4.61539
4.63326
4.56489
4.70327
4.64618
4.60958
4.6399
4.57869
4.58017
4.64324
4.64109
4.65999
4.62486
4.65979
4.69244
4.5976
4.60537
4.52809
4.67586
4.64428
4.58516
4.59617
4.60302
4.51729
4.60452
4.58792
4.63704
4.61082
4.61427
4.61706
4.61569
4.63269
4.56897
4.62546
4.60433
4.61077
4.58796
4.5613
4.56931
4.5772
4.59603
4.58181
4.57365
4.55541
4.61941
4.68611
4.56132
4.56508
4.69325
4.59246
4.56874
4.55859
4.60256
4.62577
4.58634
4.62432
4.60864
4.6247
4.61431
4.62045
4.57817
4.5356
4.65309
4.58785
4.57277
4.63415
4.59799
4.68394
4.59669
4.62791
4.60566
4.60894
4.60205
4.58217
4.5824
4.57973
4.62563
4.63566
4.58469
4.63987
4.5905
4.5579
4.62014
4.64295
4.60889
4.58959
4.65183
4.66205
4.58177
4.57941
4.68703
4.64266
4.58765
4.62677
4.67591
4.616
4.66519
4.65465
4.63925
4.67948
4.61591
4.74395
4.66255
4.71873
4.68195
4.67258
4.68666
4.72739
4.64731
4.7939
4.6699
4.74979
4.72328
4.69233
4.68469
4.69721
4.72678
4.67172
4.71949
4.75351
4.74016
4.66689
4.65694
4.63032
4.67466
4.80924
4.72484
4.6389
4.77087
4.67206
4.6853
4.74156
4.73053
4.77064
4.75509
4.74565
4.77038
4.76497
4.76507
4.7315
4.77288
4.74277
4.84604
4.70489
4.75295
4.78776
4.69856
4.69086
4.81655
4.81134
4.82108
4.72068
4.82254
4.79284
4.79875
4.7409
4.79762
4.83091
4.80875
4.76271
4.80483
4.77516
4.8471
4.84584
4.81306
4.78544
4.82257
4.82087
4.87511
4.85312
4.90784
4.78947
4.84158
4.84539
4.88054
4.75572
4.85941
4.8449
4.86318
4.84564
4.86322
4.82907
4.84643
4.91437
4.85945
4.83321
4.86023
4.84107
4.8404
4.8985
4.79516
4.86036
4.846
4.94352
4.85468
4.90686
4.8237
4.79988
4.83119
4.83784
4.78285
4.8335
4.84817
4.87713
4.85793
4.85358
4.86646
4.85941
4.88225
4.85606
4.82808
4.7891
4.94037
4.83255
4.88089
4.88157
4.83619
4.80847
4.87705
4.8459
4.81973
4.84573
4.84422
4.86802
4.76337
4.79459
4.83316
4.79227
4.81494
4.82851
4.79554
4.79141
4.73634
4.74345
4.76125
4.74561
4.75083
4.73947
4.66569
4.72529
4.73284
4.70482
4.70874
4.67202
4.66358
4.62183
4.6789
4.65106
4.62818
4.62946
4.61391
4.61333
4.629
4.60511
4.63207
4.66444
4.74755
