3.57342
3.53221
3.51208
3.51027
3.49865
3.493
3.48018
3.48331
3.48803
3.47854
3.48221
3.47631
3.48228
3.47863
3.4779
3.47939
3.4704
3.47546
3.48484
3.48201
3.49403
3.47565
3.4797
3.47798
3.48145
3.48479
3.48429
3.49964
3.48495
3.48439
3.52441
3.4936
3.49233
3.49187
3.50033
3.50809
3.49077
3.49463
3.50008
3.50384
3.49848
3.49396
3.50844
3.50044
3.49667
3.50723
3.5099
3.49085
3.51804
3.49873
3.50507
3.4863
3.49417
3.51318
3.5094
3.50761
3.51832
3.49511
3.50933
3.50402
3.51859
3.49775
3.51506
3.51619
3.50755
3.50596
3.50287
3.50504
3.52339
3.49625
3.5057
3.50898
3.49544
3.50971
3.48241
3.53125
3.52235
3.51911
3.5217
3.50353
3.50433
3.51972
3.48795
3.47897
3.50549
3.50647
3.51286
3.51911
3.54005
3.50248
3.5042
3.5215
3.49341
3.49086
3.52144
3.51934
3.49292
3.53787
3.484
3.51671
3.5169
3.50215
3.51297
3.49718
3.51753
3.51551
3.54042
3.51793
3.52084
3.52903
3.51287
3.52829
3.5431
3.53775
3.49994
3.52325
3.51737
3.51162
3.52074
3.52542
3.50454
3.52137
3.53623
3.52731
3.53679
3.51186
3.51487
3.50304
3.528
3.55869
3.54342
3.54392
3.52149
3.54087
3.54877
3.53929
3.52987
3.5382
3.55678
3.53336
3.52798
3.55084
3.56111
3.53867
3.51643
3.52229
3.54105
3.55046
3.54025
3.51187
3.51646
3.55582
3.52223
3.52862
3.52465
3.5172
3.52319
3.54456
3.51722
3.55141
3.54291
3.52512
3.53137
3.5193
3.52598
3.50881
3.52287
3.51414
3.54796
3.51158
3.53801
3.53096
3.50394
3.54197
3.51983
3.51249
3.53018
3.50579
3.51385
3.50563
3.51412
3.51422
3.51612
3.51928
3.52521
3.53297
3.55205
3.5284
3.52556
3.53889
3.51719
3.54678
3.51771
3.52344
3.54115
3.53712
3.53245
3.53161
3.54586
3.55483
3.53404
3.52333
3.53949
3.54
3.54006
3.51336
3.55168
3.55384
3.54016
3.53112
3.50646
3.52809
3.53593
3.52153
3.52546
3.50761
3.50778
3.52478
3.52534
3.52154
3.53079
3.5521
3.54166
3.53535
3.51777
3.53609
3.49264
3.51694
3.56119
3.54689
3.52564
3.55418
3.50763
3.54408
3.53887
3.51332
3.53625
3.5633
3.55974
3.55105
3.52926
3.54157
3.51548
3.54222
3.5463
3.57556
3.52447
3.54091
3.55089
3.55895
3.52996
3.55396
3.57571
3.543
3.56635
3.55668
3.5747
3.54264
3.57092
3.56869
3.58223
3.5845
3.57622
3.54748
3.59242
3.57001
3.55955
3.57459
3.58841
3.56545
3.57607
3.56682
3.56888
3.56872
3.57871
3.575
3.58608
3.52409
3.55469
3.6101
3.57806
3.61287
3.60278
3.5909
3.5864
3.59467
3.60431
3.57258
3.5744
3.61084
3.60241
3.59737
3.59584
3.61434
3.56315
3.58868
3.61522
3.62739
3.58275
3.64534
3.59353
3.61457
3.58648
3.60703
3.61876
3.62791
3.63671
3.62466
3.64116
3.62461
3.63446
3.6107
3.63448
3.64293
3.62617
3.62988
3.63228
3.61125
3.66383
3.64141
3.64729
3.63541
3.65997
3.65627
3.64129
3.6712
3.63211
3.65229
3.65202
3.66564
3.63338
3.64599
3.65901
3.64296
3.66997
3.63539
3.65377
3.62874
3.6838
3.66812
3.66899
3.65322
3.70899
3.68554
3.65923
3.67042
3.64939
3.67716
3.65509
3.66597
3.67106
3.61825
3.69448
3.68567
3.68954
3.65015
3.66891
3.66111
3.6624
3.65282
3.65404
3.64626
3.69584
3.65266
3.65156
3.63273
3.67358
3.65635
3.63909
3.66715
3.64157
3.69269
3.65165
3.65854
3.65847
3.66303
3.63958
3.61632
3.65154
3.64918
3.63433
3.6409
3.64592
3.61815
3.61336
3.63646
3.61151
3.62998
3.60584
3.60878
3.64192
3.63306
3.60937
3.61368
3.60689
3.6182
3.62655
3.6242
3.62872
3.63492
