4.73426
4.61879
4.56215
4.52091
4.50996
4.45245
4.4647
4.46006
4.43238
4.44609
4.43728
4.41965
4.43274
4.45708
4.43113
4.45096
4.46944
4.50526
4.42528
4.43609
4.49508
4.46391
4.50008
4.48942
4.52936
4.55489
4.52159
4.50286
4.54745
4.48977
4.50286
4.54363
4.5463
4.6165
4.58442
4.54411
4.56904
4.5799
4.55951
4.5625
4.57438
4.54021
4.58852
4.60337
4.61373
4.62053
4.63179
4.70512
4.57742
4.60432
4.64804
4.62613
4.64085
4.64839
4.67273
4.5526
4.62208
4.71791
4.59912
4.6434
4.62617
4.78456
4.59652
4.66007
4.65365
4.68166
4.59895
4.62826
4.61831
4.64614
4.64247
4.65786
4.61113
4.62423
4.64223
4.66642
4.60994
4.69136
4.66967
4.77476
4.68444
4.63801
4.65745
4.62374
4.63662
4.70874
4.70398
4.56913
4.62593
4.61907
4.63107
4.67975
4.64898
4.62634
4.63252
4.635
4.589
4.6882
4.62082
4.60738
4.65987
4.57787
4.56823
4.61722
4.58998
4.5519
4.54699
4.64737
4.60792
4.5908
4.58306
4.60784
4.62546
4.60201
4.5894
4.58467
4.61105
4.58801
4.56824
4.66707
4.60515
4.59004
4.5095
4.5753
4.55938
4.56802
4.52767
4.56315
4.57353
4.6046
4.57117
4.57515
4.5362
4.57268
4.53761
4.55706
4.50536
4.57368
4.53282
4.51892
4.50206
4.51759
4.5234
4.5585
4.49809
4.49238
4.53292
4.49736
4.50487
4.48045
4.54958
4.49049
4.52782
4.53775
4.51373
4.45871
4.52867
4.52078
4.51825
4.46919
4.45747
4.50049
4.5112
4.50056
4.51043
4.49791
4.50091
4.4694
4.4755
4.42583
4.52915
4.45988
4.48
4.43518
4.48387
4.44207
4.45311
4.48969
4.51272
4.45107
4.43758
4.45963
4.46722
4.46039
4.48698
4.48588
4.48652
4.48829
4.49032
4.44626
4.48238
4.50295
4.4963
4.45877
4.46602
4.48183
4.47262
4.50427
4.49488
4.48949
4.49021
4.51041
4.49147
4.45476
4.43748
4.493
4.51365
4.46319
4.46771
4.49517
4.51998
4.53462
4.53614
4.45948
4.45705
4.46615
4.51281
4.51343
4.5135
4.53908
4.47634
4.52908
4.53565
4.52962
4.51729
4.53004
4.548
4.52577
4.52299
4.52553
4.54258
4.52347
4.53217
4.48498
4.5883
4.485
4.49508
4.56669
4.46946
4.52809
4.56828
4.57999
4.56135
4.52867
4.48085
4.59939
4.55268
4.57266
4.63931
4.61173
4.60296
4.57872
4.61619
4.62063
4.56489
4.62822
4.66737
4.60458
4.57318
4.58202
4.5844
4.54838
4.569
4.66866
4.64757
4.6353
4.76575
4.62218
4.60743
4.58833
4.62547
4.61319
4.63884
4.61556
4.61522
4.66782
4.60029
4.69835
4.62594
4.66754
4.62098
4.69195
4.70656
4.62406
4.6641
4.70545
4.69585
4.56708
4.59759
4.65468
4.67344
4.70309
4.68138
4.64978
4.65514
4.75196
4.70155
4.73457
4.70633
4.68556
4.71483
4.76742
4.61426
4.6656
4.76847
4.69289
4.69282
4.65441
4.73335
4.72669
4.77264
4.73287
4.67429
4.74875
4.74156
4.67397
4.66782
4.79092
4.80752
4.72432
4.77792
4.78184
4.72489
4.75103
4.68214
4.78999
4.70431
4.73804
4.80704
4.80726
4.78372
4.77735
4.80316
4.77438
4.7586
4.83021
4.86305
4.77319
4.81359
4.70678
4.73691
4.81643
4.713
4.75629
4.83056
4.74166
4.76306
4.80985
4.76769
4.74133
4.76246
4.69742
4.76517
4.69233
4.70294
4.79692
4.7296
4.73413
4.71449
4.85301
4.72801
4.65778
4.74978
4.7251
4.75852
4.68033
4.77243
4.71214
4.70645
4.70867
4.72987
4.68211
4.65513
4.6993
4.66635
4.63867
4.66438
4.63412
4.64197
4.58048
4.60095
4.60746
4.60511
4.61513
4.57319
4.55884
4.56226
4.50801
4.56992
4.5644
4.53749
4.53531
4.55403
4.55939
4.56415
4.58783
4.63685
4.65411
4.69651
4.78719
