4.70235
4.67583
4.66761
4.65227
4.64394
4.62833
4.65558
4.61172
4.61082
4.63634
4.63274
4.63336
4.6442
4.64261
4.63692
4.66288
4.59672
4.68522
4.63096
4.64456
4.62299
4.61966
4.64374
4.62631
4.59636
4.63616
4.61654
4.6335
4.61846
4.59649
4.60585
4.59744
4.65303
4.66508
4.58304
4.5948
4.63564
4.67725
4.54954
4.62392
4.65411
4.6337
4.64255
4.64375
4.64029
4.61165
4.60636
4.63537
4.6154
4.59332
4.61108
4.63206
4.62673
4.55059
4.59366
4.53812
4.64746
4.68902
4.66084
4.60685
4.6155
4.66444
4.63767
4.59421
4.64675
4.53284
4.55708
4.6443
4.57639
4.64374
4.6053
4.58316
4.6447
4.62893
4.63002
4.63863
4.63165
4.61025
4.60051
4.59892
4.62926
4.57766
4.61395
4.6065
4.59662
4.68876
4.65437
4.631
4.6798
4.65052
4.66583
4.67127
4.6047
4.6316
4.64571
4.69651
4.65999
4.64599
4.73505
4.61258
4.66549
4.6824
4.67959
4.63585
4.64289
4.58854
4.6756
4.67847
4.63166
4.61622
4.67185
4.70606
4.63082
4.63346
4.73358
4.69313
4.68499
4.60834
4.63225
4.72323
4.61816
4.6233
4.66903
4.66495
4.67926
4.66369
4.70334
4.67206
4.64749
4.60717
4.57117
4.76101
4.63016
4.69417
4.67654
4.66689
4.6603
4.64343
4.6541
4.68572
4.71179
4.72668
4.70439
4.70378
4.6752
4.69363
4.67807
4.6644
4.64214
4.68477
4.66769
4.65189
4.63579
4.66936
4.68608
4.60598
4.73526
4.63505
4.64166
4.62833
4.68286
4.6345
4.69366
4.71994
4.65476
4.67064
4.64666
4.7601
4.67441
4.60455
4.63205
4.7324
4.69379
4.65159
4.66084
4.6974
4.65837
4.69084
4.57925
4.70293
4.63938
4.69333
4.63902
4.68265
4.62302
4.67481
4.69497
4.6968
4.65713
4.64697
4.68036
4.64838
4.67358
4.65379
4.59025
4.66045
4.71423
4.6389
4.65896
4.65341
4.68659
4.65896
4.66967
4.70971
4.65183
4.64859
4.65846
4.60548
4.63415
4.6477
4.62191
4.67145
4.61941
4.62983
4.70457
4.6356
4.68265
4.64868
4.6891
4.63739
4.66834
4.74006
4.67336
4.71608
4.63178
4.73142
4.69682
4.67309
4.63348
4.69109
4.77985
4.64416
4.6466
4.6606
4.69502
4.70931
4.8055
4.66354
4.71492
4.66768
4.71109
4.71593
4.67184
4.74104
4.60831
4.70781
4.64361
4.70369
4.68052
4.68942
4.69583
4.6631
4.65914
4.69194
4.72848
4.73819
4.73644
4.82449
4.63713
4.69428
4.66621
4.67047
4.63555
4.65754
4.61327
4.64602
4.78253
4.7484
4.76767
4.71552
4.65264
4.7415
4.74466
4.69425
4.60496
4.72115
4.71235
4.7651
4.73603
4.70901
4.73576
4.75834
4.70656
4.68792
4.68721
4.72091
4.72654
4.73664
4.69697
4.79749
4.7595
4.69405
4.75259
4.80263
4.67522
4.71022
4.74544
4.72191
4.69424
4.74054
4.71174
4.74458
4.77949
4.6572
4.75857
4.80375
4.70168
4.73309
4.77199
4.74845
4.86173
4.76454
4.71494
4.75812
4.82371
4.7925
4.81014
4.73388
4.78105
4.6872
4.81719
4.72454
4.73944
4.81442
4.77386
4.77436
4.86317
4.65969
4.75498
4.74424
4.77768
4.84709
4.73985
4.7657
4.82131
4.77661
4.76943
4.82317
4.80473
4.85455
4.76893
4.73481
4.74829
4.79106
4.8454
4.80324
4.75302
4.80176
4.78802
4.86646
4.72956
4.78763
4.76517
4.82808
4.86512
4.82346
4.80093
4.78135
4.78325
4.93662
4.80847
4.76135
4.83023
4.80287
4.79348
4.83148
4.77797
4.81946
4.82075
4.79816
4.78027
4.82913
4.83025
4.75574
4.79756
4.76421
4.76912
4.79641
4.80787
4.79912
4.84324
4.77839
4.81117
4.79071
4.81295
4.82505
4.76342
4.80866
4.78745
4.79539
4.77862
4.82102
4.79803
4.75752
4.7476
4.74612
4.74507
4.74228
4.74387
4.75768
