4.72133
4.67875
4.65663
4.61603
4.61985
4.60896
4.61132
4.57079
4.59884
4.58842
4.57199
4.59942
4.585
4.58289
4.61295
4.61634
4.58034
4.65204
4.60917
4.61783
4.58406
4.60008
4.67016
4.61132
4.63065
4.60969
4.62006
4.62728
4.6286
4.61932
4.57807
4.661
4.63409
4.60391
4.64712
4.61075
4.65152
4.58426
4.62962
4.72801
4.66288
4.62518
4.60654
4.67546
4.6313
4.63686
4.63365
4.7115
4.658
4.6465
4.73201
4.60298
4.65323
4.68052
4.61295
4.71386
4.72592
4.6797
4.63882
4.6195
4.63923
4.61562
4.65821
4.67655
4.68941
4.65016
4.60769
4.6802
4.67842
4.67576
4.65458
4.66286
4.62528
4.62423
4.60633
4.59811
4.64911
4.58703
4.66967
4.63016
4.64194
4.60107
4.66011
4.62624
4.64969
4.62245
4.60373
4.64955
4.61068
4.60644
4.67976
4.60246
4.70569
4.66421
4.6592
4.60903
4.62212
4.63256
4.71645
4.67584
4.64064
4.651
4.71878
4.59915
4.62383
4.58854
4.57848
4.62574
4.63979
4.6593
4.69252
4.6763
4.64997
4.6899
4.68152
4.59719
4.68208
4.59555
4.59556
4.59047
4.64234
4.6233
4.60664
4.59268
4.68507
4.62041
4.64248
4.62291
4.62615
4.64163
4.61897
4.66082
4.61691
4.56556
4.68514
4.60059
4.60486
4.63555
4.60504
4.62902
4.62646
4.58258
4.61433
4.51494
4.54852
4.65807
4.57056
4.59701
4.57641
4.61502
4.6021
4.53259
4.60221
4.59061
4.53195
4.58544
4.61357
4.5871
4.62974
4.5768
4.53404
4.52929
4.64192
4.53258
4.55876
4.61812
4.55735
4.63299
4.60255
4.61091
4.61082
4.64002
4.64873
4.59753
4.59184
4.55244
4.55217
4.57993
4.63209
4.62191
4.62369
4.56759
4.53877
4.57706
4.6597
4.58685
4.58734
4.54351
4.59034
4.59474
4.57535
4.56076
4.57139
4.60188
4.58485
4.55952
4.58058
4.66053
4.59372
4.63289
4.6256
4.60123
4.59905
4.58788
4.63495
4.57951
4.61917
4.61283
4.60369
4.62473
4.62191
4.65185
4.66136
4.58244
4.63189
4.6248
4.6766
4.59472
4.59213
4.58078
4.64366
4.61459
4.62579
4.60385
4.61544
4.59779
4.61569
4.64441
4.58758
4.63205
4.61949
4.61322
4.63749
4.60459
4.58416
4.6524
4.62225
4.68092
4.64637
4.57533
4.65221
4.55659
4.63505
4.64727
4.64188
4.61338
4.62868
4.63087
4.65956
4.65189
4.65535
4.60473
4.64618
4.63831
4.60235
4.64864
4.72435
4.63687
4.69149
4.66076
4.71179
4.69303
4.69017
4.67999
4.62101
4.6597
4.66277
4.63554
4.62295
4.71552
4.59444
4.74469
4.59477
4.70948
4.70135
4.73686
4.76388
4.69237
4.72655
4.67618
4.66426
4.6801
4.78825
4.73678
4.72366
4.80133
4.71099
4.65275
4.6763
4.72021
4.81133
4.78087
4.74931
4.72765
4.68108
4.79329
4.82544
4.67668
4.70633
4.71241
4.73694
4.70138
4.70597
4.78726
4.69065
4.71947
4.72909
4.79203
4.68547
4.7645
4.77264
4.68263
4.72709
4.76128
4.79281
4.70798
4.79326
4.67909
4.74955
4.79628
4.79397
4.72742
4.73358
4.79468
4.7291
4.82253
4.76048
4.7707
4.81025
4.80096
4.8117
4.87818
4.81854
4.73217
4.68917
4.75701
4.77787
4.82011
4.76505
4.79152
4.70901
4.72975
4.70813
4.75629
4.79638
4.72722
4.74807
4.79908
4.73844
4.82175
4.76005
4.78018
4.84257
4.81528
4.80354
4.86696
4.81289
4.74664
4.72042
4.76908
4.74365
4.80105
4.75365
4.75884
4.78356
4.73304
4.7615
4.72705
4.79459
4.83127
4.8562
4.75819
4.77223
4.76469
4.79141
4.76421
4.75144
4.79502
4.82874
4.80822
4.74392
4.75494
4.73524
4.77929
4.7889
4.80369
4.7469
4.77682
4.76959
4.78641
4.76884
4.74989
4.78295
4.76795
4.77076
4.77904
4.7634
4.76271
4.74281
4.75779
