4.63097
4.62919
4.62147
4.63595
4.61062
4.64286
4.65558
4.65131
4.64254
4.66057
4.63274
4.61785
4.65511
4.68215
4.65742
4.71081
4.68625
4.68799
4.7127
4.69677
4.6657
4.69717
4.72806
4.71255
4.7377
4.69816
4.71429
4.69395
4.68773
4.6995
4.7056
4.76085
4.74407
4.73502
4.68523
4.69087
4.74549
4.77138
4.75532
4.7679
4.7586
4.73246
4.72797
4.70091
4.73429
4.69477
4.78808
4.76517
4.71043
4.68551
4.75081
4.77271
4.68537
4.66746
4.76655
4.73344
4.7065
4.79981
4.74506
4.7527
4.76644
4.69775
4.75377
4.77223
4.71965
4.68665
4.72946
4.7621
4.72582
4.66324
4.74424
4.68069
4.82167
4.7124
4.7129
4.71771
4.69925
4.67793
4.69373
4.7293
4.79628
4.7374
4.79426
4.79995
4.69643
4.7001
4.78387
4.71194
4.74533
4.76607
4.72669
4.76209
4.73309
4.70168
4.70456
4.63766
4.72486
4.64328
4.65835
4.72421
4.67687
4.71556
4.73138
4.63856
4.68296
4.68999
4.73086
4.70824
4.78783
4.70577
4.65187
4.71529
4.69321
4.74574
4.69938
4.67844
4.69678
4.68557
4.74184
4.64222
4.76025
4.79278
4.64657
4.72482
4.69984
4.67503
4.62084
4.68939
4.70149
4.7019
4.66812
4.71642
4.70125
4.67117
4.63796
4.67253
4.63062
4.59522
4.67047
4.60629
4.60878
4.7001
4.6603
4.62796
4.64347
4.61703
4.65653
4.64618
4.63701
4.63233
4.59263
4.59153
4.67929
4.68807
4.66512
4.60598
4.58389
4.61632
4.62038
4.64015
4.61741
4.55543
4.60978
4.60232
4.70414
4.62693
4.61755
4.55139
4.60679
4.59827
4.63857
4.59567
4.62326
4.71835
4.60582
4.67471
4.66904
4.57809
4.61651
4.60847
4.62369
4.65036
4.64868
4.54728
4.55426
4.61766
4.57275
4.61605
4.64662
4.58543
4.62473
4.56353
4.57693
4.62801
4.63528
4.60784
4.61671
4.65026
4.56972
4.60252
4.59216
4.56666
4.58178
4.58788
4.6052
4.63237
4.58232
4.60988
4.60966
4.61357
4.6154
4.6312
4.59141
4.59228
4.59019
4.64107
4.64723
4.53877
4.5745
4.57007
4.61804
4.6223
4.65221
4.63352
4.64433
4.59779
4.5916
4.59884
4.56979
4.61291
4.59827
4.59415
4.61749
4.63755
4.61377
4.62927
4.61553
4.61426
4.63922
4.59268
4.61674
4.60661
4.60945
4.5307
4.60598
4.60868
4.64613
4.66357
4.56681
4.5833
4.57498
4.61694
4.62355
4.59388
4.58567
4.65124
4.62543
4.56486
4.54808
4.5868
4.59161
4.62265
4.62265
4.65479
4.5641
4.58688
4.57748
4.53849
4.57757
4.61636
4.64711
4.6394
4.59477
4.58729
4.65257
4.62414
4.65647
4.63296
4.63931
4.63147
4.72323
4.61101
4.69447
4.6267
4.6257
4.6391
4.62544
4.5504
4.63699
4.56099
4.65098
4.61835
4.65291
4.58097
4.63029
4.61058
4.55273
4.61342
4.651
4.60905
4.63653
4.66391
4.64871
4.59648
4.63235
4.70162
4.60828
4.60722
4.66015
4.67976
4.64516
4.6132
4.64419
4.62851
4.77631
4.60883
4.62624
4.66011
4.69956
4.77665
4.67632
4.61466
4.71069
4.63411
4.70103
4.61333
4.707
4.75862
4.69907
4.7274
4.64135
4.69121
4.75646
4.73217
4.75296
4.7094
4.80394
4.74564
4.70266
4.63703
4.78561
4.66761
4.78305
4.69938
4.76146
4.83948
4.76054
4.74313
4.74321
4.82445
4.87091
4.79265
4.79394
4.78327
4.7891
4.78524
4.74881
4.76157
4.78992
4.79281
4.77413
4.75934
4.84817
4.91963
4.85454
4.89341
4.79111
4.87707
4.84612
4.8505
4.81702
4.83817
4.85334
4.84334
4.79756
4.77284
4.80467
4.87688
4.82592
4.85453
4.80991
4.76934
4.8865
4.86072
4.84338
4.85756
4.80685
4.81796
4.77179
4.78367
4.778
4.77854
4.77899
4.80574
4.78305
4.75035
4.74095
4.75249
4.73458
4.7523
