4.7042
4.64303
4.61451
4.60494
4.6297
4.59391
4.60266
4.60323
4.5831
4.58797
4.60083
4.61785
4.61386
4.59853
4.61088
4.62596
4.57594
4.63063
4.63096
4.6027
4.62108
4.60201
4.659
4.63066
4.61603
4.66759
4.66404
4.65254
4.66827
4.71449
4.68161
4.65664
4.67567
4.7615
4.68523
4.76803
4.69491
4.71969
4.79461
4.72609
4.72429
4.72042
4.71986
4.76419
4.76926
4.75896
4.7461
4.77938
4.79013
4.74578
4.79286
4.78544
4.74313
4.81046
4.83661
4.77199
4.78831
4.77757
4.79635
4.8671
4.76644
4.83172
4.82625
4.77787
4.85894
4.75016
4.88998
4.86724
4.81119
4.796
4.83315
4.81998
4.93903
4.83244
4.87133
4.86412
4.84181
4.88952
4.92035
4.84137
4.78966
4.78756
4.83225
4.8527
4.82714
4.8416
4.87625
4.85693
4.80146
4.85409
4.87117
4.8853
4.83486
4.8383
4.85464
4.81698
4.79774
4.85953
4.838
4.8087
4.93596
4.76737
4.86671
4.8521
4.86528
4.72068
4.84012
4.80772
4.7407
4.79354
4.81571
4.89502
4.77657
4.84467
4.89022
4.8113
4.83716
4.83187
4.83693
4.77843
4.77722
4.93911
4.83275
4.85853
4.79713
4.70435
4.78154
4.8128
4.79826
4.79318
4.75373
4.79156
4.68929
4.80331
4.74593
4.80894
4.74974
4.76314
4.7378
4.74843
4.73596
4.70883
4.77736
4.74567
4.80193
4.71957
4.74782
4.73746
4.78075
4.77972
4.76298
4.76036
4.74672
4.72738
4.69685
4.61299
4.67258
4.67692
4.71593
4.7247
4.67018
4.72854
4.69366
4.71203
4.66191
4.76073
4.67007
4.75182
4.68891
4.69059
4.69109
4.64664
4.68912
4.67377
4.68807
4.7307
4.78263
4.58733
4.67719
4.68972
4.72934
4.61772
4.6352
4.71388
4.70285
4.66331
4.7029
4.63827
4.66964
4.64357
4.68036
4.6646
4.68685
4.66002
4.65915
4.66481
4.67753
4.67363
4.65541
4.67368
4.63749
4.68821
4.61443
4.64029
4.70712
4.64859
4.66002
4.63547
4.63571
4.72629
4.65039
4.70689
4.60772
4.71093
4.65389
4.67116
4.7225
4.6585
4.73056
4.69781
4.68972
4.71683
4.66693
4.72548
4.71859
4.64768
4.69447
4.69849
4.76943
4.74348
4.66437
4.73733
4.81849
4.71727
4.68515
4.6524
4.71994
4.67591
4.7313
4.85408
4.7084
4.81685
4.74444
4.81188
4.74985
4.75984
4.7074
4.76179
4.74529
4.72948
4.76384
4.74908
4.84903
4.77949
4.78164
4.82596
4.86934
4.83154
4.8395
4.80803
4.81503
4.82445
4.77293
4.7966
4.81252
4.796
4.851
4.74513
4.80566
4.75373
4.75233
4.82697
4.77436
4.80644
4.80574
4.84866
4.85069
4.79618
4.85556
4.75692
4.85459
4.81444
4.7953
4.88834
4.83351
4.79419
4.88033
4.79404
4.89084
4.76945
4.84475
4.77398
4.83355
4.77425
4.8704
4.78974
4.86391
4.87477
4.9619
4.94043
4.8347
4.87672
4.84037
4.78726
4.83905
4.85086
4.74169
4.77172
4.85392
4.84824
4.79972
4.89912
4.82713
4.75812
4.8526
4.87157
4.75463
4.88054
4.76509
4.75144
4.88147
4.92436
4.85273
4.88167
4.7801
4.9285
4.82583
4.84543
4.85018
4.82331
4.85804
4.78034
4.81543
4.85555
4.80884
4.85244
4.76387
4.91959
4.78456
4.80885
4.79127
4.75813
4.72536
4.78014
4.8454
4.84817
4.79157
4.7807
4.80109
4.8032
4.81027
4.78514
4.75358
4.81528
4.74777
4.80643
4.75976
4.77469
4.78325
4.80843
4.77831
4.79461
4.7595
4.78648
4.78751
4.81902
4.73329
4.8175
4.7355
4.72583
4.77184
4.74403
4.78824
4.77838
4.7529
4.76421
4.76912
4.80767
4.7631
4.73211
4.75517
4.73344
4.75049
4.77214
4.71426
4.73109
4.77016
4.73761
4.72717
4.76686
4.70784
4.72256
4.70886
4.74322
4.71188
4.68607
4.67791
4.67482
4.65333
4.64192
