4.60119
4.62766
4.63667
4.65134
4.66341
4.66758
4.70796
4.69458
4.69019
4.70294
4.72711
4.72922
4.76579
4.75676
4.77393
4.75179
4.74825
4.72529
4.75604
4.76897
4.7665
4.79035
4.75213
4.80321
4.84676
4.79602
4.80191
4.82851
4.82377
4.87382
4.78577
4.74551
4.77782
4.83441
4.82314
4.84792
4.75884
4.8459
4.84129
4.74563
4.82679
4.88419
4.79263
4.77317
4.8309
4.78436
4.8438
4.78178
4.80026
4.77715
4.82445
4.77271
4.82918
4.77585
4.81416
4.77199
4.73839
4.75351
4.81352
4.80568
4.79724
4.7989
4.81103
4.76387
4.81787
4.75016
4.8167
4.80926
4.76258
4.83112
4.72464
4.75205
4.70984
4.8096
4.75316
4.80571
4.79145
4.78856
4.77554
4.85564
4.74226
4.76509
4.81123
4.75152
4.82358
4.84892
4.78387
4.81633
4.70574
4.77264
4.77435
4.76867
4.66821
4.72598
4.71048
4.78534
4.78726
4.78633
4.75426
4.70866
4.72788
4.7409
4.73138
4.80351
4.71022
4.78728
4.75719
4.72058
4.76717
4.81133
4.73942
4.83516
4.71763
4.77236
4.80855
4.74927
4.6593
4.76422
4.71017
4.69596
4.75692
4.78582
4.76174
4.72168
4.76623
4.73204
4.7188
4.76429
4.81604
4.68404
4.74719
4.74149
4.68339
4.75591
4.71476
4.7197
4.69447
4.74718
4.78961
4.71476
4.70297
4.71769
4.68193
4.67833
4.63834
4.70502
4.69758
4.70262
4.7074
4.76071
4.70059
4.65699
4.65842
4.66673
4.68077
4.65687
4.68831
4.75019
4.75543
4.73024
4.70374
4.72579
4.64666
4.70681
4.64304
4.68027
4.65825
4.68943
4.69383
4.66671
4.67229
4.67387
4.70085
4.70154
4.72893
4.67694
4.69998
4.72743
4.68362
4.66416
4.68694
4.65432
4.72553
4.64533
4.74066
4.67869
4.6891
4.70454
4.69171
4.71374
4.67684
4.67623
4.74313
4.64916
4.63969
4.6504
4.72032
4.67496
4.64024
4.66394
4.69773
4.68448
4.70213
4.68758
4.68559
4.66068
4.70391
4.72496
4.69152
4.70749
4.65384
4.70306
4.66681
4.68136
4.66711
4.73419
4.71817
4.7059
4.7062
4.68052
4.64568
4.70332
4.74662
4.68431
4.65071
4.79465
4.7613
4.76061
4.71972
4.68161
4.7029
4.75076
4.69687
4.72247
4.65184
4.68889
4.72261
4.67591
4.7069
4.65777
4.71922
4.67381
4.68722
4.70446
4.69881
4.68608
4.6908
4.67929
4.7277
4.63905
4.76384
4.71901
4.68869
4.72364
4.65807
4.72623
4.74877
4.72476
4.79379
4.71476
4.75795
4.68447
4.70758
4.68286
4.63947
4.73956
4.71506
4.68929
4.7447
4.76704
4.72031
4.7415
4.71028
4.77118
4.68078
4.74973
4.81296
4.7105
4.76875
4.74051
4.70491
4.76169
4.7315
4.71185
4.66694
4.79419
4.73927
4.69621
4.81647
4.77634
4.68499
4.67929
4.65291
4.70566
4.76991
4.75196
4.6607
4.69436
4.69724
4.78369
4.68167
4.75426
4.72119
4.83408
4.81338
4.72861
4.68699
4.69682
4.73335
4.72062
4.75312
4.68832
4.69717
4.75812
4.80293
4.78914
4.74229
4.69869
4.78756
4.66547
4.7811
4.80115
4.78219
4.76934
4.73198
4.85697
4.81281
4.83854
4.74914
4.75573
4.78677
4.85386
4.8062
4.79215
4.86374
4.76254
4.92145
4.83558
4.8536
4.84201
4.77167
4.78242
4.84698
4.77745
4.82183
4.84236
4.88953
4.86088
4.8365
4.87524
4.87675
4.83984
4.84257
4.83588
4.78436
4.83341
4.84773
4.82782
4.92486
4.88556
4.81068
4.84129
4.81928
4.84373
4.83491
4.79287
4.88113
4.83535
4.89169
4.88469
4.90023
4.87968
4.88878
4.89533
4.85772
4.8484
4.81502
4.83976
4.83731
4.83093
4.80371
4.81237
4.80662
4.75808
4.79087
4.76942
4.74203
4.74134
4.75942
4.71666
4.7073
4.69595
4.68399
4.68411
4.66939
4.6904
4.63649
4.64702
4.65546
4.63678
