4.60666
4.59833
4.60446
4.61306
4.62785
4.64199
4.64831
4.6662
4.67002
4.67384
4.68696
4.69079
4.69319
4.73961
4.73278
4.71167
4.73953
4.7567
4.73239
4.75177
4.78889
4.7518
4.78128
4.78308
4.82423
4.74014
4.83482
4.81648
4.74871
4.82979
4.82562
4.82075
4.81555
4.79683
4.91477
4.84355
4.84596
4.90553
4.90729
4.85439
4.82446
4.95067
4.8525
4.83006
4.84866
4.87329
4.85995
4.93474
4.88519
4.86513
4.8723
4.90484
4.87587
4.88021
4.94975
4.85144
4.93012
4.87848
4.83119
4.93564
4.90406
4.93176
4.91242
4.79804
4.92462
4.81816
4.82618
4.89494
4.85386
4.94704
4.97446
4.908
4.83854
4.92986
4.83607
4.90911
4.83139
4.89333
4.91636
4.83089
4.81315
4.89096
4.84305
4.97481
4.87543
4.8202
4.8958
4.90465
4.81194
4.80669
4.86729
4.91419
4.86914
4.8383
4.88983
4.86982
4.87681
4.78633
4.96269
4.82342
4.81916
4.8666
4.80232
4.86391
4.81509
4.84266
4.78827
4.8972
4.81288
4.84475
4.83451
4.80916
4.75295
4.86421
4.74652
4.78989
4.84094
4.83565
4.82934
4.79921
4.83126
4.80339
4.82899
4.76052
4.79012
4.82754
4.77462
4.7846
4.80886
4.78967
4.83093
4.77102
4.74513
4.75267
4.67654
4.75771
4.78967
4.80678
4.7567
4.78413
4.82213
4.66914
4.82801
4.7941
4.7692
4.65278
4.77302
4.75261
4.7074
4.77014
4.71198
4.69129
4.75572
4.80811
4.78768
4.77711
4.67258
4.77376
4.82009
4.7558
4.70109
4.69899
4.70405
4.67891
4.70414
4.71526
4.6606
4.69938
4.69383
4.67377
4.66768
4.74014
4.74001
4.68518
4.73393
4.6615
4.70225
4.65221
4.64406
4.71417
4.71788
4.74892
4.72998
4.69495
4.71727
4.75776
4.67753
4.66499
4.72644
4.67493
4.73982
4.72154
4.71962
4.66632
4.71165
4.66481
4.70224
4.70213
4.68696
4.68358
4.65341
4.68696
4.62167
4.69928
4.7311
4.65611
4.68564
4.71257
4.67455
4.6786
4.69494
4.69925
4.68916
4.69105
4.62651
4.71936
4.73566
4.67456
4.73056
4.71562
4.66
4.69011
4.71807
4.68652
4.71144
4.61807
4.76393
4.75022
4.70977
4.61291
4.7079
4.7242
4.76569
4.67728
4.80099
4.71979
4.70164
4.71462
4.71224
4.67776
4.68735
4.82335
4.73875
4.80861
4.72378
4.81357
4.75107
4.78673
4.7191
4.70911
4.78294
4.79725
4.71401
4.83398
4.81184
4.64347
4.84318
4.81407
4.79042
4.77418
4.79086
4.81732
4.76638
4.85513
4.75771
4.77211
4.76245
4.72908
4.79857
4.88587
4.86029
4.76421
4.76763
4.77462
4.77447
4.90934
4.83912
4.85976
4.80697
4.81636
4.7922
4.88465
4.81697
4.80059
4.8223
4.78018
4.84853
4.95154
4.79481
4.8781
4.80059
4.88263
4.80412
4.87602
4.87447
4.85331
4.86391
4.84318
4.85865
4.80116
4.95184
4.79465
4.88745
4.93164
4.89399
4.94026
4.79844
4.81306
4.83143
4.9414
4.79972
4.81903
4.89642
4.88399
4.86381
4.94084
5.00258
4.95466
5.0409
4.99155
4.88906
4.97479
4.87084
4.99264
4.9536
4.93655
4.97465
4.9724
4.88932
4.92609
4.87907
4.95371
4.97859
4.87944
4.9751
5.02821
4.99437
5.00907
5.01762
4.98906
4.95409
4.97237
4.96923
4.96974
4.94679
4.9709
4.94535
5.00801
5.03072
5.01404
5.02977
5.07451
5.04022
5.00799
5.0775
4.99053
5.01895
4.98464
4.9932
5.00497
4.98177
4.97866
5.02158
4.9781
5.03159
5.0409
4.99531
4.96298
4.94813
5.01116
4.95232
5.02516
5.01709
4.97547
4.92469
4.94464
4.9558
4.94087
4.95279
4.94464
4.93739
4.88681
4.95512
4.89595
4.8698
4.87236
4.89934
4.85126
4.83133
4.87496
4.78668
4.75572
4.76582
4.73719
4.72333
4.69993
4.68672
4.6874
4.64978
4.61204
