3.60971
3.62173
3.63401
3.63548
3.63168
3.62685
3.6218
3.6178
3.61899
3.60523
3.5963
3.59596
3.58189
3.58205
3.57454
3.57815
3.5609
3.5674
3.55128
3.55381
3.54753
3.54549
3.53847
3.52572
3.52715
3.53194
3.52037
3.51591
3.51347
3.50466
3.51794
3.51545
3.4959
3.488
3.47997
3.46348
3.47596
3.48267
3.47465
3.46526
3.45817
3.46359
3.47257
3.46929
3.47353
3.45833
3.44822
3.4502
3.45316
3.45842
3.45027
3.45374
3.45504
3.43598
3.43821
3.44994
3.46017
3.43487
3.45287
3.45147
3.43371
3.42872
3.43474
3.42644
3.44837
3.41893
3.43051
3.42751
3.41729
3.44302
3.42968
3.43493
3.43429
3.42801
3.44328
3.43671
3.4237
3.43524
3.4493
3.43784
3.42388
3.44524
3.43912
3.45293
3.4258
3.43634
3.43845
3.45341
3.42397
3.43415
3.44302
3.4698
3.45706
3.4453
3.44717
3.43922
3.45632
3.47251
3.45885
3.47513
3.45024
3.4621
3.4985
3.46604
3.45882
3.47825
3.46166
3.46754
3.49117
3.4982
3.48812
3.46986
3.49501
3.51802
3.50827
3.48759
3.47714
3.51067
3.49025
3.51254
3.49545
3.50596
3.51679
3.5092
3.50969
3.53079
3.52455
3.51566
3.52352
3.51146
3.51251
3.52183
3.53898
3.51951
3.5115
3.5346
3.51843
3.53031
3.51901
3.52382
3.52775
3.518
3.53077
3.52084
3.52583
3.51683
3.52472
3.52954
3.52037
3.53962
3.50206
3.50873
3.50846
3.53106
3.50788
3.52615
3.51446
3.51645
3.50007
3.51581
3.50902
3.50295
3.50236
3.51783
3.49956
3.53013
3.5182
3.49818
3.49654
3.4943
3.49571
3.49168
3.48208
3.47738
3.50415
3.50692
3.49935
3.47938
3.47325
3.47536
3.46091
3.48128
3.44814
3.45109
3.44595
3.46841
3.47127
3.46338
3.46327
3.47144
3.45479
3.47286
3.46175
3.46365
3.43181
3.46727
3.45623
3.45149
3.43303
3.46764
3.46685
3.44882
3.45386
3.45531
3.45522
3.44721
3.44834
3.45857
3.45175
3.44114
3.43234
3.42676
3.46103
3.44559
3.4598
3.4294
3.44015
3.47512
3.43651
3.4496
3.42754
3.44876
3.45206
3.46697
3.44599
3.45412
3.42026
3.4305
3.44308
3.43822
3.41944
3.4576
3.43951
3.45189
3.47326
3.43957
3.44351
3.42283
3.42693
3.4504
3.44123
3.44345
3.44538
3.45318
3.42003
3.4436
3.478
3.45727
3.4454
3.45181
3.44611
3.46385
3.47278
3.44833
3.45267
3.43266
3.50971
3.46545
3.48039
3.43578
3.45058
3.47207
3.4498
3.47654
3.47557
3.48364
3.46904
3.46148
3.47682
3.45535
3.47496
3.44035
3.4518
3.49008
3.48707
3.4846
3.4665
3.4887
3.50589
3.50926
3.47201
3.48711
3.47744
3.47417
3.48834
3.49579
3.48503
3.49084
3.51354
3.48439
3.49104
3.50891
3.48778
3.50191
3.45976
3.49433
3.52298
3.52058
3.51366
3.51202
3.50537
3.50228
3.5146
3.48754
3.53962
3.4814
3.51745
3.51306
3.53191
3.53636
3.51205
3.52182
3.48592
3.54095
3.49734
3.51407
3.51054
3.52681
3.52128
3.51386
3.50548
3.51554
3.49321
3.54673
3.52791
3.53241
3.52834
3.48092
3.52128
3.47886
3.53437
3.51329
3.51301
3.50575
3.50845
3.50765
3.48851
3.53207
3.50723
3.52831
3.48767
3.54744
3.5191
3.49404
3.4995
3.51121
3.48622
3.51753
3.48019
3.4943
3.4963
3.50111
3.49208
3.4891
3.47286
3.49173
3.47937
3.48644
3.466
3.47168
3.41897
3.48092
3.47663
3.45657
3.44112
3.46107
3.47524
3.44882
3.42517
3.41601
3.43362
3.45549
3.40927
3.43886
3.4014
3.4083
3.39541
3.41142
3.39689
3.41579
3.3901
3.38293
3.38169
3.39222
3.38283
3.37777
3.38984
3.38921
3.38637
3.40583
3.37248
3.37848
3.40168
3.39192
3.40839
3.40663
3.43092
3.45782
3.47175
3.50176
