4.55948
4.50235
4.44956
4.43058
4.4142
4.39803
4.37085
4.36776
4.37404
4.37763
4.34214
4.37135
4.3771
4.35761
4.36105
4.3493
4.36899
4.40215
4.37623
4.35694
4.36856
4.39945
4.399
4.36686
4.36331
4.37999
4.36165
4.43233
4.38579
4.40982
4.39268
4.40602
4.40619
4.40695
4.40986
4.36533
4.40735
4.42622
4.43349
4.41676
4.39445
4.37062
4.44816
4.40179
4.41717
4.38162
4.42574
4.41882
4.39712
4.37275
4.45829
4.37505
4.41838
4.37113
4.40169
4.42392
4.45316
4.42911
4.41273
4.38183
4.42859
4.4483
4.41095
4.4663
4.40951
4.41151
4.47124
4.38926
4.45244
4.40614
4.42457
4.43207
4.40274
4.41199
4.40709
4.41446
4.45334
4.41511
4.41559
4.45647
4.49445
4.39277
4.43279
4.39946
4.36904
4.39133
4.35816
4.4637
4.42333
4.36853
4.35316
4.40345
4.39673
4.40878
4.37789
4.37944
4.41397
4.4084
4.43125
4.43612
4.39458
4.36219
4.34769
4.35213
4.44591
4.2983
4.38045
4.38922
4.4299
4.35076
4.3612
4.40475
4.38538
4.43714
4.41169
4.43492
4.37028
4.39904
4.34056
4.38418
4.39217
4.40554
4.44975
4.45041
4.39574
4.30158
4.34173
4.37967
4.41542
4.41942
4.30005
4.33254
4.35153
4.33152
4.37244
4.32681
4.31293
4.3423
4.35017
4.38565
4.34004
4.37293
4.38194
4.31809
4.32796
4.31251
4.42047
4.34241
4.3024
4.32799
4.32881
4.30617
4.31985
4.34137
4.40335
4.33226
4.37064
4.4139
4.2677
4.36994
4.36554
4.27637
4.41539
4.31465
4.32153
4.33171
4.33167
4.38535
4.34304
4.33807
4.26894
4.36229
4.34807
4.34346
4.36071
4.2982
4.36277
4.29864
4.3006
4.324
4.35667
4.37697
4.32176
4.30966
4.2835
4.33827
4.35256
4.30322
4.30801
4.29772
4.33262
4.32517
4.32545
4.29704
4.30538
4.34815
4.31479
4.31014
4.32641
4.34864
4.29368
4.36775
4.30695
4.31994
4.3472
4.32963
4.32588
4.2968
4.33037
4.34683
4.35416
4.36756
4.32856
4.34897
4.31749
4.30585
4.36715
4.31936
4.33318
4.29402
4.32274
4.3006
4.39154
4.34919
4.27923
4.37071
4.32857
4.38572
4.32732
4.29714
4.34089
4.371
4.34223
4.34331
4.36177
4.34175
4.32325
4.34809
4.31219
4.36554
4.303
4.3637
4.36049
4.32652
4.3173
4.32082
4.30566
4.35929
4.3562
4.34469
4.29606
4.4209
4.34729
4.38457
4.3761
4.37878
4.28107
4.35304
4.32314
4.3735
4.3786
4.38702
4.37276
4.39338
4.32518
4.41054
4.33315
4.43328
4.34912
4.33754
4.32108
4.41921
4.39981
4.3729
4.38451
4.40132
4.36287
4.38494
4.36897
4.40697
4.37164
4.39023
4.36129
4.41607
4.3801
4.39859
4.41185
4.40766
4.34746
4.40217
4.40584
4.34
4.37482
4.40628
4.37582
4.41295
4.43913
4.37683
4.38115
4.39824
4.43804
4.40476
4.38312
4.45281
4.35709
4.42311
4.41807
4.40028
4.40885
4.45358
4.40785
4.42879
4.40462
4.38172
4.42797
4.42631
4.4154
4.42375
4.38591
4.43695
4.43126
4.3802
4.42732
4.41177
4.39155
4.37984
4.40703
4.38986
4.43884
4.40315
4.38569
4.37681
4.44175
4.37897
4.38887
4.39876
4.38223
4.42633
4.33795
4.38733
4.41346
4.40548
4.37362
4.38681
4.38126
4.41829
4.43013
4.36343
4.37133
4.36926
4.36054
4.3786
4.33195
4.34281
4.34399
4.29767
4.33604
4.35882
4.34744
4.34503
4.372
4.30655
4.35939
4.29677
4.33048
4.28411
4.3001
4.29823
4.31658
4.26474
4.25634
4.29102
4.29662
4.28444
4.27326
4.25696
4.24553
4.2513
4.26196
4.2338
4.25405
4.25158
4.22435
4.22356
4.24677
4.24199
4.25357
4.26348
4.26256
4.26441
4.26778
4.284
4.2783
4.32117
4.34227
4.37515
4.43372
4.46366
4.54314
4.67499
