4.49687
4.4766
4.47313
4.46289
4.45503
4.46297
4.43951
4.45026
4.44547
4.46619
4.46372
4.43624
4.477
4.45838
4.45623
4.48802
4.44869
4.44737
4.46466
4.48501
4.45055
4.5262
4.47663
4.47536
4.45563
4.49313
4.48147
4.49236
4.47735
4.47065
4.48484
4.46596
4.48621
4.53146
4.55303
4.49112
4.51511
4.44841
4.52967
4.53252
4.47919
4.51883
4.51899
4.46148
4.49572
4.47862
4.53759
4.49097
4.5397
4.54806
4.47871
4.51346
4.5247
4.51813
4.51901
4.53849
4.51589
4.54761
4.50062
4.54155
4.4779
4.47108
4.5063
4.47642
4.51996
4.54557
4.47816
4.49753
4.56144
4.47031
4.55965
4.53268
4.50359
4.45676
4.54916
4.53218
4.54224
4.51246
4.50341
4.44916
4.54315
4.48204
4.50849
4.43177
4.52308
4.52135
4.48865
4.47349
4.47043
4.53339
4.49612
4.46963
4.57782
4.51343
4.47618
4.52352
4.5208
4.49784
4.52771
4.45765
4.58224
4.48215
4.56322
4.5202
4.50455
4.54618
4.50899
4.47959
4.49989
4.54831
4.46641
4.46819
4.51752
4.51791
4.47978
4.5315
4.48037
4.53164
4.53642
4.54081
4.55767
4.43255
4.5271
4.49199
4.48119
4.47036
4.4949
4.52823
4.52528
4.60395
4.39955
4.47624
4.46735
4.49592
4.50151
4.58682
4.54272
4.52431
4.46429
4.46119
4.47055
4.53754
4.49691
4.50787
4.4692
4.53509
4.45085
4.55478
4.49042
4.49679
4.45783
4.49737
4.44516
4.45577
4.55941
4.50312
4.50196
4.53565
4.48995
4.54663
4.48681
4.54383
4.48556
4.49265
4.47462
4.49045
4.56747
4.49889
4.46555
4.55676
4.50219
4.49407
4.44216
4.50655
4.47781
4.53318
4.60563
4.47183
4.47583
4.50583
4.46128
4.46161
4.51456
4.46923
4.46716
4.49164
4.57259
4.44515
4.53595
4.4863
4.48314
4.47919
4.5105
4.45655
4.48309
4.50077
4.53721
4.52135
4.54324
4.49719
4.5081
4.50029
4.4585
4.50454
4.56275
4.52527
4.50119
4.52876
4.51517
4.48174
4.46808
4.52815
4.50268
4.48983
4.4605
4.50101
4.55093
4.49977
4.49654
4.48978
4.48063
4.4857
4.4574
4.54469
4.5351
4.45412
4.47491
4.48478
4.50131
4.52297
4.50983
4.4835
4.50452
4.52206
4.48854
4.43377
4.52831
4.50894
4.45435
4.54963
4.52373
4.45762
4.45364
4.52486
4.53851
4.44844
4.47351
4.47217
4.47903
4.47362
4.47236
4.44888
4.541
4.48699
4.5795
4.53226
4.49916
4.53626
4.49776
4.48284
4.4922
4.49608
4.54485
4.51507
4.51538
4.5037
4.50242
4.53504
4.54938
4.48804
4.49251
4.54378
4.4989
4.50816
4.54406
4.57105
4.45647
4.51573
4.49714
4.50897
4.4998
4.5064
4.50886
4.56218
4.50195
4.46926
4.5044
4.56246
4.48302
4.42474
4.47699
4.45569
4.49246
4.51124
4.54384
4.50455
4.48902
4.45566
4.51198
4.49817
4.46568
4.44693
4.48092
4.49438
4.48044
4.54362
4.4588
4.46625
4.47567
4.49193
4.56021
4.47833
4.47944
4.51601
4.4481
4.48567
4.45818
4.45886
4.49013
4.43695
4.4964
4.42258
4.53953
4.45875
4.51612
4.50112
4.48987
4.45723
4.49036
4.46447
4.46676
4.46809
4.41572
4.47469
4.45291
4.45125
4.49896
4.46998
4.47441
4.47625
4.46111
4.47577
4.47403
4.48934
4.42392
4.4282
4.48939
4.48967
4.47239
4.45972
4.43377
4.49959
4.50563
4.43616
4.47173
4.44735
4.44132
4.44446
4.51607
4.49198
4.51528
4.49128
4.48452
4.45878
4.47841
4.48159
4.4654
4.45866
4.42851
4.47176
4.47847
4.45219
4.41305
4.40559
4.40478
4.44604
4.44402
4.43225
4.44157
4.48739
4.44654
4.46595
4.47998
4.43373
4.40809
4.41848
4.44717
4.41875
4.41168
4.44764
4.42929
4.43805
4.43652
4.44547
4.45347
4.45844
4.484
4.50335
4.53301
4.55395
