4.52875
4.50834
4.49026
4.49855
4.47916
4.492
4.48232
4.50515
4.51283
4.47984
4.47173
4.47847
4.51106
4.52836
4.50858
4.50362
4.49904
4.5158
4.48165
4.53445
4.51815
4.51096
4.51061
4.52835
4.52387
4.53367
4.51132
4.50571
4.55887
4.56177
4.53692
4.51251
4.53715
4.49361
4.50797
4.52107
4.5474
4.48934
4.55395
4.53793
4.5692
4.57527
4.56084
4.60103
4.52001
4.5323
4.56307
4.45857
4.55261
4.50953
4.56311
4.52781
4.5247
4.52969
4.59713
4.54721
4.58989
4.50204
4.62644
4.57164
4.49644
4.47108
4.56434
4.61368
4.54476
4.50639
4.55823
4.51421
4.48963
4.49027
4.53086
4.53268
4.52121
4.47125
4.50112
4.54452
4.50585
4.50238
4.53231
4.56738
4.59161
4.48004
4.52316
4.48582
4.57461
4.60012
4.49903
4.50386
4.51734
4.50149
4.46743
4.53069
4.55654
4.4813
4.49924
4.48461
4.45281
4.46043
4.45293
4.54331
4.48953
4.5457
4.40934
4.46981
4.48506
4.51416
4.49349
4.39104
4.49771
4.4325
4.52698
4.3899
4.43873
4.42728
4.53305
4.45711
4.42374
4.47205
4.45057
4.39885
4.50897
4.41122
4.48716
4.45647
4.39574
4.4357
4.46093
4.42065
4.41542
4.40619
4.4033
4.47416
4.47986
4.43851
4.44131
4.42603
4.363
4.38682
4.40355
4.38921
4.40533
4.48927
4.38718
4.47585
4.50835
4.41524
4.43357
4.4148
4.4065
4.37852
4.43678
4.41443
4.42842
4.44233
4.35662
4.45092
4.3923
4.4843
4.41825
4.45262
4.38303
4.40087
4.41708
4.42034
4.51064
4.38057
4.43533
4.40734
4.45852
4.41774
4.43721
4.49587
4.41799
4.40099
4.39273
4.43972
4.43115
4.48329
4.44873
4.45017
4.42967
4.42571
4.39046
4.46165
4.40882
4.42545
4.45171
4.44927
4.43775
4.43846
4.41977
4.51233
4.41842
4.40934
4.42442
4.44022
4.42842
4.47202
4.45648
4.457
4.46403
4.46785
4.44428
4.46802
4.46624
4.45774
4.4855
4.48345
4.42409
4.42606
4.45174
4.4734
4.45761
4.50362
4.48257
4.49158
4.45416
4.48062
4.41421
4.48816
4.52857
4.52514
4.52438
4.52089
4.45459
4.49179
4.51381
4.48126
4.47809
4.46444
4.50983
4.52111
4.49889
4.54227
4.49817
4.54483
4.5324
4.50497
4.49547
4.50835
4.50365
4.55604
4.47069
4.53991
4.48717
4.54822
4.59278
4.53675
4.46514
4.50441
4.54436
4.52415
4.53648
4.53215
4.53285
4.50411
4.5654
4.54537
4.57775
4.59663
4.6302
4.5954
4.57584
4.49951
4.5313
4.59353
4.54064
4.49264
4.59855
4.59992
4.50784
4.55088
4.56153
4.58947
4.60672
4.54668
4.60038
4.62145
4.5549
4.49576
4.58234
4.53879
4.69968
4.53131
4.53384
4.57142
4.58031
4.56001
4.53689
4.58937
4.55786
4.5743
4.57123
4.59841
4.62124
4.60769
4.50218
4.56563
4.55974
4.56983
4.61421
4.53229
4.55643
4.50965
4.59467
4.63031
4.61396
4.5974
4.63733
4.53742
4.57409
4.62914
4.5886
4.5515
4.58585
4.59122
4.60645
4.56721
4.58961
4.58932
4.58084
4.61138
4.61921
4.63456
4.58315
4.57038
4.58179
4.59971
4.5697
4.60337
4.59713
4.5352
4.56728
4.69187
4.59168
4.6128
4.57829
4.62871
4.58204
4.62389
4.54155
4.57058
4.57369
4.59763
4.61019
4.59523
4.64335
4.57251
4.63159
4.59294
4.59105
4.58963
4.5715
4.63018
4.63482
4.58793
4.60756
4.59786
4.59691
4.57364
4.58307
4.57071
4.61127
4.56904
4.57371
4.56582
4.5873
4.53361
4.6249
4.61647
4.57552
4.55669
4.60868
4.53573
4.50573
4.56022
4.55259
4.56066
4.52701
4.54816
4.55607
4.52498
4.51646
4.53494
4.48347
4.50582
4.5445
4.52124
4.49425
4.49525
4.51448
4.52536
4.51016
4.4673
4.51551
4.46996
4.48625
4.48033
4.48099
4.50341
