4.35016
4.29929
4.28007
4.24562
4.26024
4.25078
4.24205
4.24335
4.25211
4.2471
4.26306
4.2416
4.28505
4.26468
4.29698
4.27755
4.28412
4.31383
4.31562
4.29917
4.28919
4.33666
4.31264
4.28971
4.32786
4.3146
4.33834
4.33583
4.37049
4.37165
4.39793
4.36516
4.35799
4.37975
4.38648
4.41454
4.39286
4.46212
4.42016
4.42456
4.43179
4.39475
4.43957
4.40995
4.41229
4.43712
4.45483
4.40739
4.44819
4.44342
4.454
4.43814
4.41564
4.38664
4.42393
4.43837
4.44558
4.4217
4.46611
4.43298
4.42707
4.48112
4.42789
4.38953
4.41888
4.48511
4.45427
4.41572
4.44902
4.50332
4.479
4.40575
4.39146
4.45856
4.46026
4.48525
4.45155
4.41684
4.47013
4.45647
4.50229
4.44508
4.43097
4.42626
4.44294
4.47476
4.50745
4.44648
4.49037
4.53778
4.46145
4.44227
4.43898
4.42372
4.39916
4.47219
4.44682
4.46854
4.4122
4.45368
4.39641
4.46374
4.43981
4.37853
4.39074
4.439
4.43924
4.39471
4.32518
4.3875
4.42282
4.44965
4.40014
4.38943
4.41169
4.40405
4.38455
4.37897
4.4384
4.3372
4.35156
4.40554
4.38856
4.39306
4.40884
4.43967
4.37647
4.37608
4.40417
4.40994
4.3546
4.40556
4.36875
4.35992
4.39209
4.32844
4.363
4.40304
4.35701
4.40183
4.35989
4.32633
4.34155
4.3999
4.3619
4.36926
4.37937
4.39143
4.36033
4.34704
4.3463
4.33536
4.38769
4.39144
4.36796
4.373
4.3957
4.27172
4.34812
4.35593
4.39939
4.38461
4.40529
4.33345
4.36727
4.37898
4.38281
4.30878
4.35465
4.31463
4.32676
4.3858
4.30871
4.39349
4.35227
4.34356
4.35323
4.37754
4.37829
4.36314
4.3955
4.34573
4.36408
4.37751
4.35448
4.39107
4.31985
4.33993
4.37589
4.39177
4.34794
4.40247
4.35769
4.36456
4.3373
4.3491
4.37123
4.37342
4.35417
4.39577
4.32641
4.36052
4.3681
4.38262
4.35482
4.35891
4.36772
4.37725
4.37145
4.34573
4.36219
4.34666
4.3365
4.32442
4.40013
4.40208
4.34323
4.32296
4.369
4.3955
4.37817
4.37829
4.36793
4.38803
4.40642
4.38382
4.42567
4.34248
4.4391
4.37266
4.41453
4.3068
4.48962
4.39551
4.48094
4.38124
4.41526
4.40696
4.43482
4.42308
4.45808
4.37005
4.42804
4.4043
4.36335
4.37953
4.40376
4.41037
4.43271
4.39505
4.47636
4.49453
4.42403
4.37937
4.38828
4.39438
4.46555
4.37846
4.40678
4.46852
4.47135
4.38522
4.44468
4.42346
4.45976
4.36719
4.42689
4.37754
4.45173
4.45227
4.42711
4.3877
4.46885
4.44465
4.40671
4.42611
4.50285
4.43976
4.44653
4.4417
4.46351
4.39395
4.46164
4.40289
4.46748
4.38217
4.43317
4.47788
4.3899
4.44027
4.45231
4.47006
4.42296
4.48914
4.41029
4.39989
4.46981
4.46578
4.42288
4.44015
4.42848
4.47335
4.44846
4.41585
4.39722
4.42688
4.39061
4.42953
4.4461
4.39237
4.48315
4.44547
4.42609
4.38344
4.47672
4.41727
4.50014
4.45507
4.46816
4.49836
4.47896
4.40526
4.48077
4.47901
4.5063
4.51473
4.45142
4.45545
4.46315
4.50149
4.45796
4.55324
4.51798
4.60596
4.55138
4.54281
4.51873
4.5469
4.55468
4.55959
4.59324
4.54268
4.55127
4.54368
4.59476
4.59146
4.56226
4.57251
4.58716
4.56826
4.51893
4.63848
4.58322
4.56961
4.54457
4.61129
4.61916
4.60426
4.62596
4.58867
4.62718
4.66412
4.6707
4.65484
4.7005
4.646
4.60313
4.68698
4.67776
4.67801
4.62128
4.6573
4.68448
4.68712
4.69488
4.67905
4.67091
4.68971
4.69737
4.69031
4.68176
4.70347
4.70265
4.73005
4.70628
4.73475
4.73219
4.70945
4.72047
4.6961
4.71818
4.71202
4.71036
4.74086
4.69347
4.71649
4.64741
4.61168
4.52991
4.43305
