 9271.442605
 9555.162913
 9293.753486
 9291.345258
 10389.487414
 944.172104
 848.161078
 851.037438
 913.509141
 897.846024
 880.502254
 959.535659
 837.039732
 928.523319
 1011.095702
 2324.234097
 2118.748259
 2144.053466
 2299.469685
 2384.578902
 2259.188250
 2239.261655
 2438.193738
 2168.471207
 2261.552701
 2105.576401
 2332.834878
 2168.622230
 2265.321265
 2107.795796
 2547.439709
 2293.769857
 2434.237367
 2288.544847
 2528.678295
 3896.002513
 3578.999885
 3597.420325
 3933.096579
 4125.834715
 3855.234621
 3850.551233
 4240.701490
 3738.098103
 3822.391993
 3575.454615
 3952.601269
 3740.583009
 3935.443574
 3557.176281
 4227.574201
 3772.676727
 4095.278318
 3709.772108
 4053.037675
 7877.596723
 8123.182050
 7927.426013
 7901.753074
 7977.214274
 7994.019545
 661.494799
 682.576303
 661.880754
 667.167324
 597.883360
 689.894040
 667.153531
 696.311864
 748.344003
 646.776188
 665.487064
 657.532673
 639.857278
 640.939893
 650.468717
 1695.225553
 1746.608006
 1690.407312
 1703.396159
 1556.899652
 1741.735047
 1808.909124
 1752.284054
 1835.233425
 1915.146104
 1776.999952
 1779.224043
 1690.680876
 1728.388879
 1674.349156
 1736.553281
 1731.493338
 1647.057670
 1676.234428
 1648.803576
 1765.130242
 1819.856278
 1702.578101
 1673.186481
 1723.287513
 1592.460622
 1964.781364
 1710.563999
 1688.002253
 1725.507071
 2991.048907
 3033.722857
 2922.549706
 2931.507126
 2749.229123
 3165.670065
 3242.283646
 3113.975461
 3250.359097
 3305.340932
 3132.970443
 3087.653607
 2945.350846
 2998.326293
 2865.233539
 3069.596477
 3040.971090
 2840.200941
 2961.640049
 2823.230706
 3163.278811
 3215.434024
 2942.897743
 2923.434822
 3005.406264
 2906.001469
 3510.906516
 2986.863443
 2991.210170
 3064.465691
 1782.780909
 1773.138007
 1777.370970
 1782.891952
 1738.516165
 873.614472
 898.373957
 902.964111
 887.747796
 887.763567
 899.190799
 880.522049
 901.362777
 880.576921
 876.427325
 370.130021
 372.653398
 371.238835
 366.679607
 369.618858
 368.344259
 363.444629
 373.886459
 368.250138
 362.048252
 1775.458618
 1776.796854
 1790.795205
 1771.421805
 1777.462977
 1762.277133
 745.187986
 739.249168
 747.713091
 748.719447
 770.700200
 743.805347
 752.427650
 749.144846
 735.985950
 750.905366
 746.765691
 748.914796
 761.666605
 759.511980
 770.677375
 296.960207
 295.023049
 296.438671
 296.031355
 301.270333
 293.960806
 295.617197
 293.688218
 292.069952
 297.448070
 296.108180
 297.328981
 297.865577
 298.228009
 298.028733
