3.45339
3.51793
3.54901
3.5542
3.52649
3.59739
3.59614
3.67843
3.63672
3.6548
3.6789
3.60434
3.67326
3.54871
3.61072
3.7258
3.66701
3.77769
3.62998
3.62468
3.58973
3.68261
3.76181
3.73668
3.7834
3.62456
3.62842
3.68029
3.66236
3.68601
3.59961
3.89311
3.83608
3.70101
3.75422
3.70848
3.53976
3.63416
3.59345
3.60328
3.66152
3.76
3.93074
3.69517
3.81689
3.62077
3.57746
3.68091
3.60866
3.7605
4.06152
3.69917
3.61814
3.54913
3.54065
3.79703
3.85337
4.07533
3.88423
3.74495
3.59577
3.75569
3.68657
3.87828
3.69755
3.72666
3.78135
3.72564
3.76923
3.70246
3.7109
3.64088
3.64408
3.61169
3.49194
4.01248
3.53969
3.75366
3.74752
3.84503
3.91169
3.42497
3.7253
3.51196
3.99168
3.68094
3.85877
3.60631
3.58102
3.66985
3.61804
3.44218
3.56788
3.55823
3.42064
3.61404
3.75322
3.53723
3.59
3.4399
3.5001
3.5979
3.83992
3.60491
3.52389
3.8725
3.53711
3.60495
3.52211
3.97447
3.54576
3.36751
3.78534
3.58626
3.62663
3.71043
3.517
3.55728
3.66691
3.55502
3.50449
3.76962
3.77426
3.52174
3.99579
3.77472
3.42623
3.46085
3.6311
3.82929
3.69745
3.83045
3.6111
3.59966
3.98237
3.44275
3.79416
3.83377
4.06368
3.94523
3.65978
3.53306
3.75018
3.59906
3.62168
3.71843
3.7565
3.76669
3.87127
3.6588
3.63211
3.64298
3.84028
3.99439
3.78192
3.51646
3.79921
3.70865
3.57254
3.52844
3.44172
3.57222
3.68287
3.95926
3.76612
3.73189
3.78463
3.90447
3.60563
3.54063
3.79277
3.83293
3.60114
3.66994
3.71005
3.79641
3.84577
3.83126
4.00375
3.60169
3.53685
3.55464
3.36106
3.59803
3.73716
3.72202
3.84381
3.65267
3.49551
3.49786
3.91785
3.81014
3.51756
3.55552
3.70575
3.82289
3.62619
3.78458
3.61009
3.74607
3.44928
3.59437
3.83308
3.72247
3.83974
3.75447
3.66166
3.83982
3.49929
3.63032
3.73815
3.43793
3.68859
3.72515
3.78053
3.65259
3.62589
3.44118
3.52218
3.55783
3.65584
3.60869
3.54274
3.67723
3.58168
3.90657
3.66565
3.75655
3.97702
3.584
3.57642
3.80023
3.52093
3.72623
3.66768
3.67593
4.1596
4.15105
3.59042
3.72871
4.48228
3.5911
3.8381
3.36682
3.48421
3.40046
3.89191
3.55806
3.98152
3.59148
3.43115
4.19149
3.48107
3.51851
3.61075
3.62126
3.93834
3.35902
3.59725
3.54602
3.63325
3.7319
3.57393
3.87359
3.33759
3.7198
3.65837
3.67103
3.88781
3.57007
3.32851
3.75284
3.33453
3.43231
3.58924
3.61658
3.68775
3.52358
3.46601
3.5192
3.6266
3.41917
3.34096
3.58518
3.42999
3.78403
3.58082
3.5311
3.54154
3.65084
3.49494
3.41555
3.56911
4.03869
3.3073
3.63426
3.62499
3.75349
3.56686
3.424
3.84932
3.65296
3.69025
3.936
3.49713
3.48985
3.65827
3.50962
3.50981
3.73388
3.76082
3.60956
3.41628
3.72758
3.74937
3.70949
3.55811
3.86715
3.27518
3.55002
3.41358
3.54331
3.63692
3.89906
3.4305
3.40352
4.09699
3.69196
3.5389
3.66988
3.64634
3.67763
3.93666
3.74513
3.76216
3.68041
3.54862
3.54054
4.01138
3.42237
3.50896
3.52623
4.00139
3.77813
3.76069
3.80539
3.40607
3.67207
3.43664
3.52849
3.24785
3.45232
3.54871
4.07921
3.69749
3.52159
3.64349
3.54404
3.67982
3.33623
3.71296
3.81643
3.43428
3.67098
3.55753
3.48371
3.51513
3.48717
3.54454
3.62687
3.52758
3.61329
3.68386
3.56556
3.53503
3.62629
3.58433
3.61391
3.45983
3.55493
3.51086
3.62146
3.70453
3.57785
3.49954
3.52603
3.69868
3.61447
3.40165
3.39901
3.54079
3.5065
3.61026
3.51748
3.6326
3.61833
3.34146
3.40136
3.43864
3.78688
