4.48403
4.31044
4.18576
4.16661
3.99996
3.94691
4.08813
4.13447
3.99329
3.92736
3.8001
3.87764
3.88957
3.69697
3.75301
3.8363
3.72174
3.72679
3.76069
3.96058
3.72187
3.92743
3.71572
3.76098
4.15225
3.83989
3.59873
3.73072
3.66688
4.02913
3.73371
3.75494
3.82086
3.90071
3.65167
3.70925
3.86932
3.88522
3.58335
3.93286
4.0669
4.02685
3.93534
3.80618
4.0272
3.96415
4.01476
4.01663
3.89187
3.96372
4.14138
4.08173
3.63446
3.99401
4.66688
3.88198
3.82528
3.73584
3.95285
3.87513
3.91727
4.31156
4.03662
4.26272
3.904
4.22776
4.42646
4.30368
4.03938
4.23638
3.84702
3.74283
3.68459
3.8741
4.02946
3.97097
4.13256
3.71572
3.97027
4.23304
3.7758
3.95787
4.31704
3.77142
3.88899
4.27038
4.63802
5.10378
4.20452
4.04594
4.18794
4.00488
4.11802
4.43695
4.42166
4.10418
3.99875
4.74272
3.82274
4.31115
4.38505
4.30685
4.0269
4.40731
4.06151
3.80075
3.96674
4.13607
4.12948
4.38837
4.67368
4.14118
3.87266
3.92203
4.47951
4.28514
4.35715
inf
4.02816
4.00255
4.25634
4.25461
3.85846
4.20701
3.96241
4.23242
3.74823
4.06731
4.17403
3.99034
4.11959
4.14926
3.84511
3.75074
3.94257
4.31896
4.68481
5.10369
4.1121
4.22303
4.18453
4.72873
4.06027
3.98092
4.20279
4.12754
4.62609
4.05566
4.06163
4.34498
4.38228
4.75739
3.97257
4.19799
4.33502
4.12669
4.20318
4.33063
4.48578
4.25833
4.3045
4.47215
4.23228
4.30671
4.27511
4.17432
4.25243
4.11661
5.20369
4.06795
4.09608
3.94648
4.30318
4.16258
4.56217
4.06966
4.63591
4.57541
4.60979
4.04526
4.38382
3.93853
4.40269
4.36791
4.30905
4.14627
4.50221
4.23653
4.01981
4.75293
3.89033
4.11986
3.95261
4.28694
4.19622
4.07137
3.89367
4.17871
4.16285
4.11254
4.09322
4.06715
4.05254
4.16305
4.67136
4.5209
4.43871
4.30337
4.2438
4.12125
4.64452
4.29162
3.79367
4.18631
4.19726
4.45808
4.35983
3.99187
4.06915
4.09535
5.1672
4.35332
4.31021
3.85371
4.59824
4.83771
4.3412
4.47273
4.61941
4.22603
4.1197
4.25487
4.01979
4.03918
4.37428
4.1388
4.03643
4.08441
4.36001
3.92699
4.25524
4.01929
3.94913
4.09142
4.33004
4.51882
4.33391
4.00489
4.2184
4.34155
4.43305
3.97425
4.01572
3.9572
3.93254
4.06443
3.79756
4.27125
3.7762
4.54332
4.80065
4.08832
4.17114
4.49426
3.91319
4.27043
3.98182
4.50429
3.84
4.3899
4.49976
3.90532
inf
4.30456
4.42633
4.71757
4.72863
3.91333
4.18831
4.28075
3.98843
4.5407
4.46878
4.50548
3.90199
4.6945
4.70587
4.33416
4.26622
4.12029
4.19373
4.7346
4.42785
4.17834
4.3251
3.98144
3.95455
4.50329
4.81943
4.32367
4.81649
3.90024
3.93276
4.06906
4.73527
3.81455
5.21863
3.82663
4.21369
3.63071
5.16125
3.98738
3.94886
4.34513
4.55725
4.3571
3.99135
4.24144
3.94726
4.11762
4.5875
4.06755
4.26315
4.26939
4.20359
4.41635
3.82699
4.92064
4.12938
4.18334
4.78998
4.22192
4.19878
4.04105
4.06466
3.98425
4.27698
4.39555
4.60897
4.09198
3.99527
4.13475
4.16374
3.95242
4.06435
4.16184
4.16624
4.97809
3.97393
4.1974
4.30628
4.27578
4.63663
4.30495
4.06727
4.76704
4.31316
4.07782
4.182
4.05094
3.81902
3.87172
3.93998
3.84107
4.02647
4.71235
4.01014
3.93551
3.83617
3.94879
4.17213
3.98459
4.025
4.18301
4.4275
3.95445
3.84323
4.6404
4.16288
4.29812
4.23265
4.30606
4.26082
4.21002
4.10663
4.30048
4.06886
4.25397
4.14664
4.18457
4.40265
4.23876
4.0037
4.23274
4.09689
4.17116
4.1783
4.22527
4.29171
4.39188
