4.80994
4.76272
4.53258
4.43458
4.54855
4.42784
4.59795
4.32867
4.16478
4.26889
4.38561
4.33668
4.19328
4.52936
4.26694
4.16275
4.15638
4.2685
4.36946
4.34766
4.13005
4.15432
4.08635
4.45768
4.175
4.33785
4.22174
4.09082
3.95182
4.2004
4.11614
4.43027
4.32861
3.99428
4.12302
4.13447
4.61243
4.17024
4.17195
4.65899
4.46832
4.40854
4.06794
4.60316
3.93592
4.33727
4.32873
3.9686
4.30731
4.69084
4.16861
4.3569
4.03443
4.54915
4.13632
4.43406
3.92058
4.37226
4.24532
3.9444
4.0809
4.49607
4.32498
4.23364
4.79084
3.78238
4.90651
4.2868
3.89837
3.9578
3.93827
4.18689
4.564
4.2751
4.55956
4.26395
4.22934
4.15012
4.38984
4.40048
4.21627
4.21954
4.76891
4.1194
4.02846
4.18984
4.06732
4.45636
inf
4.76914
4.17743
4.3418
4.16579
4.29316
4.52671
4.11716
4.74796
4.16143
4.29046
4.50956
4.72888
4.40233
5.19697
4.51328
4.7229
4.10215
4.13972
4.47043
4.73795
5.17041
4.58598
4.46385
4.47033
4.44472
4.34007
4.7268
4.4999
4.72799
4.66443
4.32208
4.4476
4.06282
4.46168
5.13645
4.09378
5.07049
4.11132
4.42201
4.7264
5.06824
4.49595
4.26975
4.03777
4.44081
4.03602
4.17165
4.07031
4.47335
4.36586
4.18479
4.0926
4.35766
4.78246
4.65669
4.43701
4.34265
4.0955
4.40123
4.10041
4.36896
4.51577
4.73051
3.99571
4.0669
5.11813
4.49142
4.21845
4.38702
4.55513
4.33372
4.24078
4.27469
4.2026
4.533
4.52837
4.19165
inf
4.27955
4.40693
4.6146
4.60206
4.21979
4.46647
3.93186
4.22437
4.59502
3.98461
4.8628
4.50027
4.22214
4.02561
4.1521
4.32545
4.03188
4.76432
4.44809
4.4938
4.37836
4.40132
4.65436
4.49608
4.94391
4.498
4.24577
4.42248
4.94466
4.82378
4.82879
4.32808
4.27124
4.52138
4.31853
4.43243
4.5065
4.34292
4.79373
4.78593
4.34392
4.54917
4.72291
4.45771
4.91162
4.31499
4.23832
3.90764
4.41828
4.16885
4.41348
4.44985
4.45804
4.31404
4.81011
4.14811
3.99471
4.08411
4.24633
4.15848
4.75577
4.57925
3.9695
4.09595
5.27529
4.76057
4.19028
4.48299
4.67564
3.72299
4.59057
4.20071
4.17441
3.92464
4.3296
4.37131
4.81064
4.85194
4.07703
4.28855
3.93891
4.12015
4.08572
4.31088
4.19879
4.17478
4.13769
4.72084
4.05882
4.26444
3.90048
4.46411
4.51572
4.30636
4.46998
5.04399
4.00807
4.3637
5.08873
3.87831
4.51923
4.70512
4.28721
5.14431
4.18039
3.98854
4.55938
4.24302
4.14784
4.47771
3.97777
4.73939
4.44748
4.11153
4.08677
4.05022
4.65401
4.31251
3.85674
3.91339
3.78948
3.93067
4.23942
4.12629
4.17234
4.02734
4.35051
4.14559
4.78194
4.09713
3.87407
4.32386
4.7022
4.30281
4.11834
3.88892
4.41831
4.50692
4.11135
4.08478
3.89014
4.13432
4.47739
3.91876
4.10366
3.97
4.16928
4.30128
3.98752
4.73324
4.23017
4.39545
4.37474
4.16384
4.45507
4.53775
4.49014
4.36202
4.20501
4.06632
4.01674
4.3868
4.63736
4.17679
4.13784
4.42451
4.86028
4.53526
4.76697
4.03567
4.50097
4.93288
4.19256
3.83735
3.96189
4.1059
4.64618
4.50013
4.58632
4.17548
4.02828
3.99385
3.90227
4.6997
5.32176
4.27385
4.19693
4.71755
4.33431
4.84451
4.30266
4.6803
4.54134
4.24773
4.51478
4.17985
4.35758
4.3589
4.75874
4.37636
4.20331
4.27458
5.59739
4.47941
4.60008
4.39124
4.58632
4.45525
4.07285
4.33384
4.43412
4.85686
5.03167
4.67658
4.33468
4.2247
4.87002
4.43279
4.57021
4.4275
4.94575
4.34402
4.73117
4.34438
4.50456
4.61334
4.27883
4.54862
4.60273
4.2803
4.22564
4.27735
4.23966
