4.8204
4.70065
4.44171
4.30364
4.26373
4.35422
4.30879
4.18554
4.51346
4.70549
4.54376
4.34855
4.65121
4.83561
4.82188
4.34917
4.13209
4.06064
4.12217
4.31314
4.22518
4.50494
4.22568
4.31574
4.13411
4.52332
4.06818
4.46091
4.36371
4.59783
4.09259
3.9778
4.26234
4.95567
4.15277
4.17921
4.98836
4.08921
4.1731
4.37222
4.54604
4.12354
4.68671
4.04212
4.36764
4.44483
4.45422
3.93282
4.59821
4.34128
4.17577
4.17375
4.97839
4.22463
4.77402
4.09152
4.22278
4.39223
4.61677
4.26453
4.14352
4.35794
4.55693
4.16448
4.31456
4.22216
inf
4.36606
4.19599
3.89188
5.16727
4.36125
3.92341
4.32027
4.01156
5.12742
4.17994
4.51508
inf
4.14723
4.70546
4.16552
4.70704
4.24841
4.25117
3.88372
inf
4.32189
4.48962
4.21787
4.02982
3.80036
4.3661
3.9198
4.27143
4.2952
4.31392
4.64772
4.42823
4.15046
4.58155
4.28979
4.19015
4.05867
4.46829
4.27452
3.92377
4.10144
4.34487
4.44974
inf
3.92427
4.6985
4.67383
4.01438
4.4265
4.34793
4.28568
5.08781
4.38266
4.60454
4.47851
4.40189
4.44503
4.09906
4.06708
4.42637
4.41869
4.15255
4.4608
4.13553
4.69989
4.25267
3.81512
4.026
5.18052
3.95803
4.16185
5.27089
4.71923
4.50558
4.26797
4.53214
4.63568
4.1316
4.33751
4.19108
3.89948
3.99887
4.3646
5.15254
4.48569
4.49957
4.31948
4.34968
4.02348
4.31599
4.43932
4.2066
4.81281
4.55787
4.03095
4.48212
3.81694
4.37698
4.73202
4.40456
4.05565
4.16147
4.5417
4.23552
4.06133
3.80086
4.03896
3.88124
4.41534
4.87203
4.35034
4.33236
4.39644
4.29005
4.23197
4.86212
3.91111
4.43925
4.28474
4.48846
3.98341
4.57671
4.1557
4.3346
4.63002
4.35214
4.28866
4.37425
4.59692
4.42111
4.67453
4.50242
4.48677
4.13492
4.96754
4.23252
4.05878
4.33883
5.09321
4.28715
4.33823
4.36612
4.25874
4.32483
4.61398
4.03119
4.27874
4.20023
4.16152
4.56401
4.10128
4.50346
4.67604
4.05213
4.4263
4.18187
4.22495
4.33225
4.11878
4.44886
4.10242
inf
4.0515
4.05494
4.46391
4.01225
4.8251
4.24963
4.23515
3.96614
4.28071
4.38208
4.23518
3.85586
4.52089
3.83898
4.2366
4.29425
4.72964
4.14018
4.19223
4.48476
4.04487
4.33072
4.34893
inf
4.35598
4.17013
3.97757
5.06965
5.08858
4.63613
5.22653
4.45399
4.14047
4.29458
4.31157
4.42337
4.33533
4.28377
4.64746
4.72729
4.335
4.42188
4.19267
4.27663
3.98192
4.73806
4.75266
4.02535
4.3061
4.70997
4.27283
4.20126
3.95148
4.29992
3.978
4.11786
4.62383
4.73522
4.19239
4.75591
4.44223
5.00774
4.78826
4.1216
3.80101
4.50366
3.8748
3.99281
4.21763
4.24204
4.21953
4.20685
inf
4.16873
3.79651
4.48511
4.17171
4.13542
4.14259
5.26109
4.24891
4.17813
3.94918
4.21344
4.16023
3.82235
4.04655
4.12824
4.52718
3.74853
4.21939
4.63224
4.1566
4.07489
4.31716
4.38176
4.96312
4.35872
4.29836
3.97892
4.26058
4.53169
4.0647
4.98108
4.07804
4.0013
4.12458
3.73821
4.02639
3.81671
4.20723
4.32212
3.99393
4.11433
4.37791
4.04317
4.63959
4.27738
4.47925
4.02356
4.01236
4.07875
4.31618
4.05345
4.15466
3.87698
4.57643
4.23845
4.59527
4.16515
4.17264
4.47332
4.45968
4.64536
4.19292
4.05871
4.36802
4.28301
4.26122
4.45071
4.43924
4.04494
4.36406
4.5681
4.27796
4.21378
4.03541
4.52913
3.95896
4.27448
4.26094
4.36586
4.12606
4.31722
4.23588
4.49132
4.3579
4.42179
4.37189
4.40782
4.29175
4.25806
4.16274
4.23106
4.38955
4.24497
4.28018
4.32288
4.21875
4.19301
4.34132
