4.55855
4.75591
4.57078
4.71846
4.55906
4.377
4.59448
4.60348
4.674
4.61645
4.55935
4.82294
4.69935
4.77851
4.78805
4.47397
5.06323
4.52013
4.34187
4.79373
4.21499
4.95534
4.29466
4.68988
4.19369
4.68455
4.7179
4.60734
4.5132
4.9107
4.66524
4.50862
4.25028
4.36219
4.47225
4.60545
5.31092
5.03669
4.3447
4.71455
4.42203
4.5025
4.89477
4.53986
4.30988
4.34388
4.43892
4.47842
4.64914
4.76748
4.59219
5.25366
4.77684
4.68382
4.62852
5.22709
4.56559
4.31019
4.79463
4.76949
4.76432
4.31755
5.20889
inf
4.7205
4.35636
4.73676
4.40703
4.81858
5.25031
4.69986
4.26589
4.83917
4.95756
4.24732
3.99152
5.1652
4.13539
4.47955
inf
5.15082
5.06903
4.11112
4.34374
5.16185
4.65808
4.62154
4.67058
4.20966
4.70738
4.93838
3.9312
4.44487
inf
4.40804
4.36287
5.02202
4.66792
4.87077
5.09881
5.07558
inf
5.10287
5.0039
4.89723
4.70599
4.611
4.62558
inf
inf
4.67429
4.37777
4.46525
3.8742
5.10627
4.2501
inf
4.32669
4.62447
4.03425
5.00202
4.32135
4.4715
4.44299
inf
4.37879
4.65622
4.23995
inf
5.06095
inf
5.02382
4.27095
4.28409
4.4043
4.03264
5.13923
4.78361
5.12285
4.70347
5.10231
inf
inf
5.09141
inf
4.67113
4.57056
5.0999
4.75733
inf
4.70098
5.05828
5.12529
5.07812
5.09893
4.70754
4.15623
4.4384
4.49029
4.50123
4.70604
5.11554
5.13008
4.7492
inf
4.75207
4.62089
4.4979
5.1294
4.3967
4.71035
inf
4.58424
inf
4.5502
4.73188
4.14383
4.82555
4.55149
4.35267
4.57205
4.41353
inf
4.64002
4.38181
4.59584
5.30039
4.35652
5.28362
4.98082
4.29589
4.52479
inf
inf
4.99235
4.65311
4.65206
4.93596
4.59874
4.731
5.20361
4.3469
4.89148
4.84699
4.62566
4.68174
4.45025
4.28145
5.46896
4.49236
4.19498
inf
4.94439
4.62203
4.80382
4.79517
5.18966
4.21997
4.4716
inf
inf
5.1974
inf
5.19949
5.21951
4.88805
4.26415
inf
5.17615
4.34813
4.43995
5.31114
4.80037
4.55978
4.55243
4.80202
4.80057
4.71563
3.99901
4.80135
inf
5.12433
4.29235
inf
4.72204
4.28417
4.06677
4.22122
4.29814
4.35133
5.23025
4.72735
4.665
4.31032
5.19587
4.75875
4.71913
4.98922
4.28848
5.13801
4.4237
inf
4.402
5.03269
4.89234
4.43801
4.88644
4.08359
5.0532
4.65725
4.26051
inf
5.11968
4.46668
5.18455
4.75082
4.63932
4.40875
4.71396
4.74811
5.14193
5.21289
4.02787
4.05045
4.67371
4.28975
5.18463
4.7123
5.17658
4.47091
4.67396
4.29491
4.74159
4.31003
5.14129
4.88377
3.99225
4.41067
4.46008
inf
5.08176
inf
5.15253
4.98397
4.09993
4.59038
4.43039
4.65798
5.02953
5.0968
5.13532
4.48316
4.28963
4.30483
4.44421
5.07796
inf
4.36294
4.46171
4.73243
5.2645
4.65566
4.23112
4.74006
4.78992
4.71325
inf
5.19967
4.28057
inf
4.39707
4.69794
inf
5.10352
5.24111
5.05539
4.55221
4.49396
4.86008
4.42971
4.12288
4.53582
4.21232
4.58377
5.24429
4.8374
4.73808
4.79451
4.74978
4.87744
4.44721
4.56702
4.45189
4.49851
4.93647
4.79773
4.55841
5.41142
4.87584
4.90552
4.91684
5.39321
4.73423
4.34541
4.61162
4.77687
4.83745
4.60861
4.31973
5.08324
4.39394
5.43149
4.52649
4.4291
4.32974
4.39373
4.39738
4.39186
4.60563
4.57674
4.34661
4.4522
4.45351
4.31996
4.30743
4.18966
4.56821
4.17449
4.30647
4.21286
4.25861
4.43954
4.38225
4.56255
4.39914
4.20277
4.26752
4.35781
4.10954
4.12584
