4.66954
4.5649
4.4528
4.57849
4.37806
4.55233
4.44852
4.3678
4.5016
4.45712
4.46602
4.40588
4.59343
4.56272
4.52684
4.39749
4.60732
4.51783
4.51597
4.49948
4.60315
4.39665
4.53301
4.59414
4.41008
4.15922
4.96065
4.37288
4.69622
4.45786
4.10737
4.71325
4.81071
4.65915
5.04134
4.45391
4.47656
4.42354
4.77912
4.5164
4.51013
4.49428
4.52031
4.15088
inf
4.52734
4.87917
4.31732
4.92255
4.54935
4.44893
4.5743
inf
5.31192
4.43445
4.5667
4.77626
4.39629
4.52567
4.28805
4.13547
5.24908
4.6102
inf
4.51304
4.70852
4.78947
4.4925
4.43986
4.07901
4.50178
4.69282
4.76573
4.08327
4.20277
4.46094
4.37893
4.64884
4.46451
4.44379
5.07649
4.50539
4.42516
4.74436
4.01324
4.46274
4.13901
5.04313
4.56171
4.15753
5.03899
5.07898
inf
4.65687
4.14568
3.99981
5.13809
4.10854
4.30077
4.67333
4.4132
4.46433
4.49237
4.24966
4.67053
4.64634
4.71325
4.67468
4.67904
4.69611
4.44745
5.11821
4.05313
4.67583
4.46448
4.47124
4.43491
4.11612
4.22819
4.29004
4.27384
inf
4.45426
4.47456
4.07766
4.22727
4.14842
4.68995
4.69894
4.64931
5.0555
4.20053
4.64653
4.65848
5.16762
4.68969
inf
4.48609
4.67471
5.06157
4.22288
5.06477
4.28772
4.0099
4.44803
4.32899
4.67542
4.04969
4.05677
4.12216
4.42783
4.77766
4.70717
4.26384
4.16348
4.52169
4.73748
4.71532
4.319
5.22308
5.12419
4.58329
4.15964
4.73069
4.30062
4.31128
5.19857
4.72277
5.19885
3.97353
4.13417
4.22956
4.07192
4.24223
4.78253
5.20956
4.8581
4.27103
4.45236
4.08637
4.90658
4.6254
5.25372
4.24335
4.2701
5.26738
4.34771
4.32703
4.37447
4.95563
4.21866
4.32009
4.76494
4.55841
5.44343
4.41609
4.41834
4.26384
4.40475
4.71275
4.62979
4.29699
4.5674
4.68246
4.3217
4.79674
4.43925
4.20364
5.42838
4.93442
4.56028
4.73288
4.72766
4.17484
4.28105
4.36731
4.90813
4.62076
4.31812
4.46364
4.40665
4.26859
4.41489
4.33655
4.22069
4.85591
5.20907
4.48239
4.569
4.55783
4.54291
5.28487
4.21625
4.79725
4.48499
4.49582
4.1914
4.54032
4.18606
4.2962
4.11646
5.12879
4.46649
4.29819
4.53337
4.48656
5.12503
4.07808
4.77538
3.87126
4.50941
4.50857
4.72566
inf
4.20829
inf
4.15235
4.32154
4.49563
5.11729
4.29627
4.14671
4.16538
4.69491
4.17282
4.70943
4.68153
4.52283
4.32287
4.42922
4.26441
5.10583
4.16986
4.74452
5.08909
4.69905
4.11067
4.22859
4.31698
4.72207
4.79942
4.30396
4.47397
4.3205
4.66092
4.66082
4.14506
4.16541
4.28991
4.27925
4.55161
4.65602
5.16777
4.47446
4.2458
4.34891
4.20042
5.1421
3.99483
3.94697
4.30312
5.17971
4.1653
4.32447
4.22682
4.71202
4.22303
4.46307
4.22906
4.53265
4.97542
4.17728
5.12074
4.06946
4.26708
4.14008
4.03008
5.1115
4.1755
5.17673
4.1373
4.50244
5.16101
4.25631
4.48522
4.12835
4.35443
4.37786
4.26158
4.75976
4.13777
4.07098
4.46286
4.09525
3.91364
4.57696
4.49652
4.17739
4.3958
3.85908
4.43999
4.1837
inf
4.34437
4.69776
4.45173
4.11212
4.19343
4.62207
4.94224
4.49246
4.31046
4.2704
4.58281
4.43982
4.32307
4.4463
5.02585
4.80757
4.07336
3.99899
4.14228
4.61758
4.38039
4.69159
4.25242
4.0695
4.20567
4.16207
4.29657
4.71195
4.22186
4.82172
4.07732
4.96102
4.5486
4.40152
4.41335
4.5119
4.20998
4.2686
4.13678
4.26387
4.42881
4.26347
4.13288
4.33643
4.37297
4.11689
4.17159
4.23145
4.32514
4.50243
4.47672
4.35385
4.18214
4.3654
4.09771
4.20535
4.17681
