4.49186
4.7293
4.82308
4.68677
4.60039
4.80602
4.7173
4.76729
4.49844
4.47137
4.69286
5.67281
5.04151
4.91405
4.90574
4.7942
4.78426
5.06805
5.32782
4.77907
5.02344
4.50956
4.48925
4.50861
4.64246
5.14174
5.17218
5.08195
5.188
4.52489
inf
5.34542
4.70467
4.36158
4.78787
5.37687
4.74093
4.95067
5.52735
4.77605
4.72111
4.85864
4.46506
inf
inf
4.46358
5.2427
5.2819
4.60776
inf
5.3032
4.77018
4.82509
5.19013
inf
5.3557
4.78697
4.80429
inf
5.30632
5.10898
4.73146
4.28328
4.71438
inf
inf
inf
5.06787
4.50331
4.47336
inf
5.1729
5.24466
4.41869
5.11589
5.1627
inf
4.46037
4.37846
5.10708
5.11867
inf
inf
inf
4.28487
5.09938
4.21091
4.41696
4.63882
4.2471
inf
4.68817
5.08029
4.70157
4.62103
4.38481
5.16498
4.94318
4.12957
inf
4.5207
4.64746
5.05145
5.01358
4.65261
4.65336
5.12036
inf
inf
4.70372
4.67012
4.51415
inf
4.653
5.14369
inf
4.62963
4.99451
inf
4.65386
4.73661
4.59414
5.00807
5.20089
4.25375
4.53993
4.57356
4.70058
5.12529
4.18619
5.04328
4.63287
inf
inf
4.43001
4.6206
4.77699
4.41128
4.4429
4.39797
4.64489
5.02707
5.0638
inf
inf
4.42693
4.45223
4.49962
4.72433
5.09166
5.06213
5.1219
4.12475
4.20441
4.71684
inf
inf
5.22627
4.47468
4.07762
4.75345
4.50357
4.69966
4.78801
4.73751
5.23871
4.55866
4.62331
4.13666
4.7456
4.8907
4.54301
inf
4.71588
4.24435
inf
4.31875
4.43336
4.43156
5.19267
5.1365
5.22043
4.29733
4.63866
5.34813
4.52607
5.27948
4.55483
4.75561
5.32127
inf
4.99618
4.83589
4.61343
5.41283
4.49772
inf
4.68331
4.63594
4.8257
5.05348
4.7867
4.749
5.45135
4.51039
4.69744
4.47014
5.47464
5.33464
4.63943
4.46142
4.65585
4.94968
4.77392
4.40387
inf
4.56903
4.73615
5.39021
4.82385
4.91452
5.11127
4.72543
4.14968
4.38839
5.29007
4.86239
4.44861
5.23752
4.60033
4.79574
4.56221
4.80851
4.57134
4.68828
inf
4.56024
5.2867
4.35327
4.84033
5.03615
4.8065
4.53582
inf
3.93779
4.13371
4.26786
4.28559
inf
4.22301
4.47521
4.37034
4.54362
4.77325
4.78472
5.14651
4.77586
4.43472
5.13426
4.49008
5.25264
inf
4.31057
5.25639
5.13543
4.14703
4.78317
inf
4.64115
4.50642
inf
5.23442
inf
4.7212
4.77826
4.48689
5.13121
4.8005
4.31615
5.20768
4.35263
inf
4.48898
4.59392
5.12669
4.66062
4.76229
4.23838
4.66874
4.68693
4.34689
4.46039
5.16241
5.09816
4.2033
4.20205
4.81735
4.9722
4.69758
inf
4.87914
4.48455
5.19035
4.08654
5.151
4.31045
4.43001
5.14249
4.36491
4.51495
4.31672
4.30406
4.58448
4.41216
4.40192
4.47946
4.1842
4.12796
4.35959
4.71937
4.66869
4.76581
5.1196
4.74307
4.27803
5.21806
4.26029
inf
4.39583
4.59277
4.20351
4.57537
inf
4.86381
4.45103
3.98362
5.19911
4.5003
4.36693
4.81494
inf
4.61618
4.4962
4.23768
4.86181
5.26003
4.50347
5.31722
4.96067
4.49548
5.21368
4.90498
5.21013
5.21819
4.51818
4.536
4.68238
5.00247
4.49139
4.59625
inf
4.56161
5.469
4.62537
4.42243
4.29022
5.02074
5.50101
4.48939
5.49748
4.90479
4.85388
5.58589
4.91435
4.96357
5.32762
5.22184
5.28214
4.82425
4.74345
5.33466
4.76975
4.7767
5.21234
4.916
4.99188
5.02109
4.79623
4.92291
4.79127
5.00231
5.1396
4.8609
4.78918
4.70166
4.77355
4.54432
4.45933
4.44258
4.52198
