3.84146
3.76522
3.6041
3.51185
3.54129
3.49474
3.42297
3.36847
3.4064
3.40237
3.36321
3.41042
3.42503
3.24783
3.40511
3.22649
3.24475
3.29841
3.35349
3.33941
3.26578
3.35248
3.20012
3.20585
3.26634
3.28672
3.31742
3.25662
3.36307
3.25462
3.21643
3.2245
3.28427
3.22048
3.26656
3.34552
3.36429
3.39075
3.41111
3.28877
3.39495
3.28836
3.30467
3.28005
3.36697
3.386
3.33017
3.34812
3.44604
3.49073
3.33375
3.30313
3.34932
3.43143
3.39494
3.32939
3.32998
3.33177
3.33211
3.27732
3.27409
3.27716
3.53355
3.49664
3.41724
3.41687
3.33805
3.37772
3.14073
3.22183
3.4059
3.23456
3.39581
3.25689
3.65428
3.36828
3.31029
3.39495
3.40019
3.46135
3.55797
3.43445
3.3654
3.57057
3.46384
3.53061
3.30822
3.4195
3.34454
3.34527
3.352
3.41409
3.49082
3.62783
3.29427
3.37014
3.81236
3.41478
3.41487
3.49997
3.53925
3.40264
3.33438
3.4834
3.41289
3.36945
3.3904
3.22285
3.43218
3.5508
3.38973
3.43998
3.4774
3.42517
3.38136
3.39832
3.47337
3.52511
3.42957
3.41909
3.45618
3.32361
3.2621
3.37761
3.42446
3.4791
3.40288
3.43972
3.60329
3.51268
3.50873
3.47694
3.71784
3.30911
3.3358
3.40639
3.50464
3.60226
3.30366
3.5073
3.45322
3.34791
3.42848
3.25379
3.37463
3.40066
3.5305
3.42091
3.41281
3.4688
3.54462
3.65575
3.40214
3.52035
3.27333
3.4549
3.46464
3.46349
3.59788
3.48685
3.42825
3.47241
3.5919
3.51158
3.32949
3.37182
3.46417
3.4465
3.44174
3.54426
3.14845
3.40707
3.36876
3.63109
3.54757
3.66497
3.31122
3.65943
3.40764
3.34269
3.41686
3.54602
3.40569
3.4662
3.42181
3.44625
3.8177
3.34124
3.28503
3.48707
3.40359
3.42269
3.42342
3.56025
3.43761
3.55561
3.60654
3.21649
3.53299
3.47466
3.45837
3.43663
3.40213
3.57744
3.41917
3.36111
3.60092
3.4285
3.40946
3.43941
3.51435
3.1162
3.25212
3.48566
3.50634
3.48128
3.39178
3.48993
3.65817
3.40382
3.38197
3.56109
3.275
3.46548
3.70146
3.39991
3.48344
3.35297
3.27888
3.50349
3.31174
3.25126
3.33097
3.60787
3.25633
3.42759
3.28047
3.41708
3.32167
3.38047
3.30925
3.28958
3.24967
3.49888
3.38532
3.44764
3.58165
3.35739
3.48992
3.30676
3.30071
3.0912
3.61414
3.43739
3.19738
3.36752
3.39541
3.49532
3.37465
3.6871
3.27438
3.71341
3.27569
3.59913
3.28608
3.31883
3.3562
3.2851
3.56219
3.43392
3.51309
3.26359
3.25971
3.39322
3.26053
3.1664
3.32279
3.36146
3.58147
3.29638
3.49993
3.28819
3.3871
3.59014
3.27568
3.33338
3.25037
3.29583
3.42875
3.3776
3.07184
3.32876
3.74908
3.49557
3.09942
3.31015
3.19263
3.24316
3.44435
3.52522
3.17259
3.4443
3.16752
3.2495
3.40611
3.25268
3.45357
3.26039
3.38792
3.3852
3.27077
3.44319
3.35753
3.30349
3.3198
3.27225
3.31652
3.39823
3.45469
3.6503
3.1729
3.51723
3.65937
3.8112
3.27222
3.26511
3.36419
3.53134
3.687
3.66636
3.2974
3.40699
3.4233
3.36863
3.37687
3.26565
3.47062
3.34183
3.18288
3.36263
3.78049
3.30718
3.54405
3.47332
3.40441
3.333
3.6724
3.44045
3.47482
3.18529
3.43694
3.31166
3.35978
3.43612
3.39177
3.63029
3.41009
3.30462
3.50868
3.13863
3.42777
3.29731
3.38368
3.41627
3.19293
3.34201
3.21755
3.62731
3.34209
3.40049
3.44186
3.45918
3.40722
3.39067
3.57027
3.38496
3.62872
3.47487
3.31277
3.42432
3.51152
3.33017
3.38164
3.54007
3.30044
3.35826
3.33761
3.57685
3.40888
3.42084
3.29752
3.51336
3.27692
3.3714
3.40188
3.36837
3.33845
3.42432
3.31362
3.7021
