3.53551
3.55383
3.55864
3.502
3.50757
3.57869
3.48616
3.56091
3.56986
3.52137
3.52391
3.67881
3.63229
3.60589
3.51927
3.60697
3.58109
3.54694
3.66482
3.62728
3.53637
3.58956
3.57371
3.64016
3.48947
3.51701
3.80714
3.58521
3.53678
3.60593
3.56134
3.4691
3.47595
3.56589
3.55703
3.65864
3.43016
3.53914
3.61921
3.62864
3.56094
3.44515
3.43329
3.63596
3.54364
3.71325
3.59885
3.66968
3.48968
3.61687
3.83762
3.5258
3.52472
3.68317
3.51419
3.64097
3.47184
3.43985
3.59797
3.80775
3.56506
3.46679
3.71573
3.48181
3.62505
3.49876
3.63799
3.45956
3.72776
3.51149
3.60165
3.54344
3.45585
3.32502
3.50998
3.76553
3.56099
3.63747
3.34314
3.36778
3.68395
3.57812
3.66619
3.52474
3.44084
3.49384
3.86971
3.54229
3.44954
3.75072
3.46174
3.56637
3.66015
3.64855
3.52424
3.69289
3.9856
3.38719
3.89342
3.57371
3.54945
3.58102
3.6927
3.71626
3.51584
3.42818
3.57321
3.76617
3.52424
3.65552
3.62553
3.49099
3.3415
3.54075
3.63038
3.40575
3.62766
3.63809
3.58722
3.70166
3.96949
3.52068
3.48729
3.39717
3.51291
3.7999
3.71837
3.59643
3.68876
3.79955
3.80373
3.45179
3.65479
3.63779
3.45845
3.75828
3.60954
3.46391
3.45105
3.55121
3.40044
3.43264
3.51104
3.49025
3.43144
3.65428
3.46041
3.49202
3.62568
3.49268
3.51565
3.55604
3.67647
3.55352
3.80863
3.62414
3.55464
3.71578
3.56958
3.86315
3.65416
3.38971
3.4461
3.64625
3.47779
3.46616
3.53968
3.48952
3.76365
3.65373
3.49298
3.43183
3.76796
3.88706
3.34307
3.32103
3.59559
3.5901
3.64116
3.4951
3.41889
3.34778
3.78743
3.64022
3.40597
3.61815
3.50597
3.56307
3.39926
3.43667
3.59072
3.47718
3.44943
3.55483
3.47789
3.47975
3.5952
3.48335
3.35929
3.61611
3.50661
3.67016
3.48276
3.50612
3.47352
3.56319
3.57542
3.64664
3.47671
3.55152
3.60505
3.51102
3.54451
3.4966
4.03337
3.57473
3.25441
3.80462
3.45067
3.48832
3.50095
3.76587
3.82402
3.89311
3.65069
3.53083
3.8919
4.03445
3.36661
3.56519
3.3671
3.43993
3.36654
3.70209
3.49193
4.04203
3.39311
3.97865
3.56262
3.86613
3.31734
3.46434
3.65384
3.45545
3.5048
3.58293
3.43081
3.79661
3.49124
3.61896
3.9305
3.47049
3.75321
3.61378
3.77182
3.80435
3.35906
3.75868
3.81851
3.76871
3.67587
3.67304
4.24485
3.33343
3.44727
3.95365
3.46818
3.39381
3.50158
3.43451
3.54306
3.12087
3.51195
3.71429
3.95041
3.47275
3.88268
3.48863
3.50009
3.57323
3.42495
3.551
3.48992
3.70782
3.60407
3.73113
3.84838
3.57655
3.53409
3.72781
4.08849
3.51912
3.40144
3.42994
3.5342
3.41521
3.59534
3.72049
3.58882
3.51747
3.42332
3.317
3.68901
3.25276
3.40646
3.36328
3.63879
3.59987
3.55659
3.84496
4.10812
3.59487
4.09502
3.31452
3.84454
3.28363
3.35494
3.77336
3.40779
3.73498
3.94779
3.84931
3.18093
3.34607
3.6521
3.93007
3.47229
3.60568
3.81061
3.83984
3.62176
3.35938
3.13194
4.12514
3.4453
3.5663
3.77297
3.50296
3.66939
3.40047
3.26171
3.86172
3.60131
3.54697
3.39338
3.40933
3.54231
3.56707
3.50956
3.28935
3.78829
3.44019
3.60972
3.46664
3.99451
3.95894
3.20677
3.55814
3.55767
3.55106
3.36112
3.82904
3.61843
3.65269
3.86728
4.04548
3.94189
3.76037
3.75185
3.61678
3.66554
3.5294
4.00624
3.55366
3.49262
3.79319
3.3444
3.60889
3.60455
3.49402
4.09532
3.65075
3.44593
3.56121
3.63898
3.6462
3.34848
3.63235
3.4187
3.56993
3.64897
3.64963
3.76514
3.8846
3.67133
3.45129
3.69908
3.90846
3.39544
3.62101
