4.20798
4.01501
3.97029
3.78658
3.71726
3.62436
3.62962
3.43993
3.49331
3.39449
3.49143
3.3644
3.38803
3.37634
3.39156
3.29241
3.33683
3.35373
3.40321
3.34227
3.32092
3.28426
3.28275
3.33257
3.27448
3.21868
3.27556
3.31995
3.24483
3.17475
3.32601
3.25514
3.12837
3.2009
3.15148
3.18267
3.18316
3.20504
3.25162
3.0302
3.20529
3.26768
3.2343
3.25839
3.22732
3.2284
3.32405
3.15927
3.12627
3.19657
3.16655
3.1827
3.16885
3.20779
3.18432
3.15067
3.1153
3.24006
3.47917
3.2183
3.07352
3.18598
3.24372
3.21174
3.1301
3.19315
3.03055
3.27547
3.26508
3.27803
3.11452
3.13929
3.18245
3.13992
3.1655
3.12118
3.19559
3.0372
3.44066
3.0535
3.24076
3.21012
3.32726
3.04903
3.21464
3.30059
3.06792
3.21511
3.09052
3.19339
3.13724
3.18639
3.1287
3.12985
3.27902
3.32454
3.10012
3.21614
3.26129
3.24983
3.15746
3.07065
3.25014
3.31769
3.15923
3.18723
3.14891
3.25155
3.21495
3.24539
3.33181
3.35536
3.33351
3.10331
3.34531
3.24043
3.38449
3.23621
3.06643
3.23055
3.14592
3.24431
3.25255
3.26786
3.31101
3.17217
3.20294
3.308
3.27765
3.35647
3.2215
3.30654
3.18263
3.13732
3.15693
3.13978
3.31329
3.19063
3.37221
3.11598
3.28838
3.28468
3.27538
3.21858
3.21156
3.11348
3.39855
3.16669
3.05805
3.33631
3.22526
3.18187
3.39293
3.33078
3.10675
3.20009
3.30435
3.23148
3.17563
3.09249
3.12647
3.24258
3.27246
3.14087
3.20008
3.34966
3.15849
3.10024
3.15903
3.23489
3.08186
3.10627
3.19328
3.14967
3.19685
3.43356
3.1974
3.31856
3.16082
3.15228
3.17089
3.13632
3.11027
3.28932
3.07525
3.10742
3.16276
3.46309
3.19408
3.06449
3.38447
3.13524
3.17232
3.00786
3.2177
3.33145
3.34118
3.05604
3.10018
3.13635
3.07107
3.28306
3.17698
3.23053
3.23098
3.09305
3.14685
3.15337
3.17908
3.06752
3.42208
3.22569
3.21014
3.12801
3.19731
3.16894
3.26388
3.22407
3.04019
3.19055
3.10862
3.30839
3.28099
3.21556
3.09204
2.96167
3.16101
3.07344
3.21642
3.19398
3.16747
3.14689
3.21639
3.16591
3.31035
3.16177
3.18637
3.077
3.16933
3.06356
3.18357
3.46662
3.06256
3.21883
3.19641
3.22574
3.35999
3.32987
3.176
3.14
3.06765
3.10527
3.04617
3.24814
3.03497
3.00823
3.16481
3.21106
3.16224
3.33037
3.25219
3.06656
3.08063
3.34054
3.11949
3.41223
3.26027
3.20211
2.99872
3.02756
3.04214
3.13265
3.16804
3.26568
2.89244
3.2006
3.23422
3.02023
3.20536
3.47374
3.18798
2.93279
3.15414
3.17718
3.20632
3.5195
3.31821
3.28972
3.19172
2.87598
3.10028
3.01857
3.07247
3.11736
3.05775
3.12859
3.33719
3.22312
3.13455
3.43518
3.04569
3.31991
3.14314
3.10467
3.10694
3.40849
3.11514
3.37242
3.0896
3.14051
3.22871
3.15265
3.06587
2.97499
3.12584
3.09991
3.14374
3.23269
3.34119
3.38374
3.0624
3.12643
3.21836
3.12376
3.39062
3.29649
3.27715
3.5688
3.19873
3.13611
3.50232
3.15103
3.23266
3.25209
3.16433
3.24125
3.14576
3.28828
3.14734
3.23357
3.31012
3.27097
3.12443
3.30273
3.26418
3.15726
3.13884
3.23734
3.25344
3.28464
3.39368
3.3551
3.4599
3.27447
3.37921
3.07154
3.09554
3.25151
3.0223
3.49594
3.32207
3.12902
3.39864
3.41748
3.28952
3.25232
3.49297
3.28915
3.45095
3.35215
3.32358
3.52463
3.20226
3.4152
3.12042
3.11761
3.29642
3.32078
3.19521
3.20612
3.32307
3.33651
3.19187
3.30803
3.26361
3.15542
3.15032
3.24357
3.17245
3.3445
3.32367
3.20969
3.27076
3.34654
3.36051
3.36182
3.55192
3.41104
3.36779
3.13141
