3.68699
3.6511
3.63645
3.61523
3.60077
3.49972
3.54488
3.50385
3.45276
3.53212
3.431
3.49447
3.49032
3.44117
3.46512
3.44983
3.44762
3.50317
3.41317
3.36466
3.37173
3.50687
3.45839
3.41795
3.43292
3.68295
3.44651
3.49232
3.36559
3.46654
3.49186
3.50708
3.42259
3.46994
3.52579
3.47273
3.4897
3.39814
3.2938
3.39085
3.49444
3.43286
3.53744
3.43571
3.47707
3.42253
3.40178
3.32349
3.39869
3.41373
3.24337
3.46381
3.53647
3.52111
3.517
3.47675
3.27519
3.45977
3.33497
3.57516
3.4489
3.25653
3.39915
3.51534
3.38192
3.48457
3.48544
3.36307
3.70353
3.49104
3.58727
3.46996
3.50847
3.69989
3.50248
3.40855
3.53323
3.52588
3.73087
3.36016
3.47924
3.46609
3.53703
3.58328
3.43708
3.44468
3.49239
3.49893
3.41721
3.36604
3.58748
3.32461
3.71597
3.46353
3.45521
3.36183
3.46629
3.4315
3.39692
3.4496
3.34203
3.29115
3.48077
3.37287
3.59986
3.48645
3.56502
3.35981
3.24895
3.38495
3.42253
3.43986
3.40888
3.54013
3.37698
3.38919
3.50536
3.5042
3.35629
3.51857
3.36154
3.38085
3.24511
3.59108
3.40956
3.39078
3.27846
3.39113
3.33261
3.4183
3.34184
3.3081
3.31591
3.25688
3.42554
3.29455
3.48242
3.496
3.55919
3.42897
3.36457
3.39349
3.58259
3.46198
3.40477
3.24233
3.54945
3.51604
3.3817
3.4964
3.57233
3.41159
3.39959
3.4602
3.46466
3.3444
3.46766
3.40551
3.3773
3.48346
3.44307
3.44654
3.41165
3.43472
3.40696
3.48861
3.33757
3.40621
3.27788
3.44857
3.42806
3.3883
3.40191
3.38846
3.32095
3.40734
3.38015
3.53738
3.45245
3.31936
3.36438
3.41577
3.38565
3.12839
3.28383
3.48654
3.29111
3.59997
3.31248
3.51184
3.47667
3.44471
3.53534
3.60654
3.53307
3.39087
3.64702
3.56608
3.35615
3.42369
3.34905
3.4539
3.4778
3.36915
3.58041
3.45884
3.45777
3.58066
3.53617
3.37342
3.5309
3.44203
3.47981
3.42509
3.43902
3.37584
3.33938
3.34998
3.43763
3.35629
3.80569
3.51027
3.37563
3.25816
3.47211
3.35358
3.32574
3.42455
3.36999
3.15857
3.49964
3.33969
3.25466
3.50193
3.29076
3.35698
3.39413
3.96675
3.43837
3.67493
3.45043
3.14916
3.23216
3.37806
3.38676
3.85194
3.42214
3.3189
3.37705
3.45649
3.22626
3.44897
3.34491
3.43777
3.36067
3.42983
3.18698
3.40376
3.43418
3.4394
3.26735
3.4153
3.99249
3.42419
3.37619
3.4667
3.61466
3.38311
3.41607
3.46664
3.28909
3.34448
3.47436
3.42444
3.31627
3.475
3.55694
3.43314
3.54857
3.47746
3.61089
3.57678
3.49708
3.45225
3.47377
3.57632
3.23765
3.70322
3.39568
3.38721
3.21794
3.52932
3.37999
3.30674
3.47236
3.29552
3.69867
3.94985
3.27673
3.61712
3.51565
3.77971
3.54363
3.18213
3.38521
3.19633
3.54619
3.31138
3.37996
3.53751
3.41696
3.31344
3.31088
3.36194
3.35462
3.19196
3.30779
3.50685
3.25314
3.21596
3.3256
3.51746
3.4062
3.47057
3.37749
3.43717
3.71967
4.0202
3.59076
3.71818
3.33475
3.39676
3.12993
3.58091
3.43772
3.36102
3.42006
3.40101
3.51587
3.59619
3.37068
3.45774
3.32864
3.69207
3.45877
3.35059
3.4115
3.45924
3.09085
3.68404
3.91898
3.36926
3.12658
3.4712
3.51757
3.14313
3.61381
3.39006
3.25549
3.35405
3.44131
3.54748
3.42109
3.79899
3.28278
3.31371
3.34764
3.42011
3.22415
3.34567
3.6459
3.28999
3.43043
3.23366
3.31132
3.55585
3.31785
3.38815
3.47156
3.44625
3.41407
3.63984
3.53062
3.50061
3.42305
3.4895
3.84503
3.53412
3.52947
3.35056
3.32221
3.32037
3.39156
3.13183
3.51534
3.3951
3.60961
3.68613
3.57263
3.63009
