3.46083
3.48647
3.48591
3.59078
3.64728
3.7024
3.70873
3.64763
3.7011
3.70919
3.74984
3.62722
3.7947
3.62467
3.68304
3.77401
3.61021
3.57184
3.73201
3.65739
3.80235
3.68248
3.79217
3.63728
3.85735
3.7585
3.65806
3.64437
3.66442
3.66037
3.62897
3.6642
3.78161
3.71315
3.60077
3.50693
3.62776
3.58389
3.68384
3.76794
3.50655
3.66978
3.65321
3.80443
3.74463
3.77369
3.63136
3.65385
3.70917
3.64057
3.77515
3.70963
3.63038
3.68916
3.92867
3.6881
3.62873
3.53271
3.55935
3.62555
3.60464
3.4431
3.54089
3.68308
3.66276
3.53984
3.53219
3.56357
3.46021
3.81103
3.4979
3.53002
3.54059
3.71311
3.79425
3.67596
3.7833
3.42441
3.72431
3.85047
3.65571
3.47633
3.72923
3.53813
3.43566
3.71849
3.51325
3.67911
3.66692
4.02109
3.65849
3.73562
4.09771
3.78422
3.57417
3.50322
3.51017
3.41839
3.70153
3.54389
3.62321
3.64246
3.6244
3.68248
3.74857
3.93165
3.87133
3.50772
3.65583
3.57368
3.62576
3.60025
3.50537
3.65316
3.68786
3.44158
3.44616
3.53431
3.4932
3.48906
3.74014
3.61687
3.8094
3.86284
3.51089
3.59008
3.52251
3.83323
3.65274
3.61559
3.70776
3.62486
3.54915
3.73268
3.85882
3.93737
3.72645
3.83649
3.46794
3.58992
3.52798
3.90325
3.67635
4.05131
3.73047
3.57615
3.71736
3.84865
3.67075
3.83969
3.94826
3.75895
3.57856
3.76133
3.78704
3.75252
3.673
3.68057
3.5062
3.54216
3.73268
3.63981
3.69243
3.66755
3.54518
3.49487
3.7252
3.74537
4.00532
3.52051
3.55016
3.57204
3.81332
3.78282
3.67991
3.63601
3.58073
3.75898
3.51052
3.69149
3.59629
3.61577
3.42404
3.63981
3.47892
3.64763
3.83922
3.52717
3.82204
3.78749
3.6771
3.94269
3.44387
3.68643
3.75682
3.65575
3.58445
3.93939
3.78379
3.6047
3.90502
3.76038
3.78921
3.51602
3.6854
4.06862
3.59721
3.83715
3.63578
3.82302
3.78107
3.45221
3.57761
3.81648
3.40298
4.0263
3.72919
3.48361
3.60146
3.60622
3.72828
3.67773
3.55234
3.35409
3.66863
3.82749
3.34537
3.67548
3.88671
3.44157
3.67386
4.32283
3.51363
3.56907
3.76656
3.50491
3.42974
3.49054
3.60791
3.53356
3.65868
3.58997
4.01314
3.81796
3.45701
3.482
3.69758
3.7644
3.6228
3.34102
3.80289
3.62829
3.61092
3.67412
3.76246
3.608
3.92951
3.6655
3.68287
3.48015
3.80275
3.35325
3.71679
3.6354
3.66965
3.59368
3.51075
3.70171
3.50194
3.7695
4.04174
3.40419
3.68922
3.49843
3.62393
3.87953
3.57526
3.46589
3.69795
3.41134
3.36707
3.2481
3.22292
3.57845
3.74232
3.73357
3.559
3.58347
3.77763
3.44531
3.75384
3.47291
3.46095
3.49035
3.70009
3.43413
3.66113
3.94388
3.36024
3.48433
3.72241
3.50711
3.54637
3.48598
3.82285
3.5361
3.5235
3.74247
3.66491
3.28059
3.45564
3.40475
3.78075
3.6131
3.5191
3.82125
3.61709
3.43623
3.42941
3.67701
3.55499
3.36845
3.3692
3.75144
3.53624
3.15886
3.41005
3.59938
3.38301
3.75859
3.82838
3.63771
3.51133
3.76191
3.4925
3.43021
3.48884
3.631
3.84202
3.4168
3.53636
3.27235
3.3637
3.3465
3.4012
3.53545
3.66162
3.43694
3.43187
3.59866
3.33614
3.62719
3.35054
3.8305
3.92576
3.5301
3.309
3.46288
3.42579
3.35745
3.54825
3.52574
3.61445
3.70289
3.52631
3.54241
3.3785
3.21205
3.50028
3.60085
3.52361
3.23045
3.74111
3.66637
3.7795
3.67708
3.46861
3.42731
3.28698
4.0773
3.43008
3.49757
3.5514
3.36896
3.37446
3.50246
3.81241
3.56474
3.74399
3.45487
3.57838
3.69699
3.63954
3.97148
4.10423
4.0005
3.88028
4.12423
4.0429
4.16492
