3.63788
3.61581
3.55828
3.53521
3.50636
3.48525
3.52176
3.48529
3.60636
3.48111
3.52208
3.57552
3.54906
3.52047
3.56825
3.53258
3.57247
3.51871
3.45414
3.58681
3.35824
3.53209
3.54632
3.54481
3.52357
3.58927
3.45363
3.41353
3.39751
3.38122
3.4358
3.51374
3.58048
3.45921
3.61593
3.55259
3.53752
3.38254
3.52535
3.41416
3.45123
3.47669
3.47872
3.57023
3.57042
3.57174
3.51225
3.76689
3.62144
3.52075
3.5252
3.64721
3.58098
3.75259
3.35615
3.49499
3.5554
3.55826
3.56207
3.78194
3.57778
3.44757
3.58425
3.47631
3.45958
3.60273
3.63428
3.4865
3.47051
3.40737
3.59789
3.64761
3.52221
3.54555
3.44466
3.4726
3.43449
3.53263
3.66656
3.56418
3.56266
3.32415
3.41494
3.32466
3.62168
3.51287
3.5162
3.61154
3.48194
3.39893
3.67556
3.43658
3.68839
3.47674
3.49134
3.55109
3.63529
3.59821
3.78126
3.66704
3.67573
3.63007
3.5027
3.87006
3.55142
3.51817
3.57396
3.81039
3.64076
3.60549
3.52932
3.44215
3.49457
3.79128
3.67288
3.63878
3.43726
3.49826
3.46155
3.34715
3.67371
3.4194
3.58703
3.66001
3.48204
3.52375
3.56257
3.62645
3.74205
3.65261
3.57354
3.47696
3.43909
3.39801
3.67748
3.67282
3.59725
3.53314
3.57441
3.49968
3.59244
3.49051
3.39766
3.46002
3.49362
3.55396
3.35537
3.37281
3.7533
3.67472
3.41131
3.59245
3.59972
3.46642
3.4777
3.48462
3.69341
3.66335
3.72043
3.73715
3.45889
3.51539
3.51847
3.5005
3.61224
3.62295
3.50649
3.8443
3.6307
3.25102
3.75227
3.39
3.4353
3.59126
3.62826
3.65537
3.5166
3.721
3.89314
3.52466
3.48956
3.6598
3.64588
3.47385
3.55931
3.496
3.76596
3.7188
3.8464
3.88796
3.48483
3.93523
3.62111
3.7155
3.89819
3.54162
3.56756
3.64351
3.41843
3.44131
3.54447
3.51094
3.59483
3.43311
3.53234
3.56926
3.32787
3.41613
3.71033
3.56708
3.36956
3.41422
3.54821
3.77373
3.69083
3.66723
3.70658
3.37886
3.6922
3.59299
3.79885
3.77246
3.51321
3.51635
3.47951
3.70225
3.58705
3.4734
3.29924
3.36978
3.44818
3.68438
3.55686
3.68337
3.76562
3.61749
3.58432
3.63338
3.72758
3.55214
3.41038
3.78177
3.81279
3.40502
3.47331
3.66603
3.38506
3.55411
3.51768
3.56818
3.44901
3.60605
3.44074
3.63269
3.45059
3.56019
3.44681
3.48913
3.44336
3.39512
3.60062
3.46073
3.46035
3.9931
3.36818
3.44115
3.64329
3.5524
3.60637
3.47126
3.55952
3.33779
3.31561
3.44459
3.53374
3.42997
3.13156
3.25326
3.47184
3.35205
3.45037
3.65407
3.76278
3.24225
3.32708
3.48484
3.4132
3.42421
3.17833
3.76527
3.48702
3.15182
3.34205
3.57352
3.78818
3.45267
3.28747
3.7803
3.49852
3.49547
3.42543
3.18457
3.57716
3.37973
3.65365
3.34911
3.35274
3.62632
3.55629
3.51904
3.29627
3.1618
3.28898
3.21337
3.34778
3.44197
3.34154
3.25095
3.61647
3.21292
3.52221
3.52201
3.45301
3.29588
3.30622
3.51342
3.7287
3.32386
3.24546
3.34922
3.82628
3.33678
3.27779
3.45949
3.68806
3.27162
3.25783
3.28422
3.64523
3.28626
3.42799
3.45611
3.29234
3.22674
3.4823
3.37141
3.3239
3.37788
3.30392
3.5418
3.37964
4.13419
3.61312
3.16993
3.45269
3.37789
3.2185
3.46747
3.46441
3.47982
3.2028
3.21643
3.31437
3.28069
3.57738
3.26788
3.5936
3.47846
3.28271
3.20807
3.17931
3.01156
3.36078
3.22363
3.56577
3.29437
3.22574
3.16356
3.28816
3.16506
3.22202
3.21237
3.32621
3.04686
3.25113
3.37278
3.28222
3.27377
3.22503
3.26383
3.35317
3.28212
3.40396
3.36676
3.19564
3.35917
3.34388
3.29363
3.42091
3.39495
