3.35524
3.51191
3.57247
3.59278
3.72922
3.70239
3.67817
3.75022
3.68698
3.91478
3.7769
3.81105
3.94763
3.74952
3.79744
3.76786
3.89819
3.92372
3.90358
3.7317
3.94734
3.92411
3.74564
3.77757
3.8347
4.00559
3.91614
3.78741
3.8876
3.89303
4.10556
3.63329
3.86583
3.996
3.734
3.85451
3.60434
3.66851
3.84363
3.71538
3.82798
3.68269
3.95319
3.96839
4.00397
3.70001
3.70253
4.00738
3.71415
3.62992
4.06491
4.112
3.95299
3.65283
4.10908
3.88323
3.96852
3.82563
3.86907
3.93723
3.75458
3.89029
3.79391
3.66065
3.79041
3.76135
3.71228
3.75237
3.91249
3.68595
3.65743
3.41038
4.03527
3.76435
3.62055
3.9911
3.89117
3.75297
3.62311
3.77883
3.76826
3.65284
3.60107
3.63032
3.59838
3.68099
3.84752
3.84039
3.83893
4.02613
3.94075
3.80164
3.7423
3.63243
3.88043
3.79433
3.75186
3.58454
3.7476
3.53454
3.84424
3.91967
3.80963
3.93761
3.8249
3.77442
4.21954
3.93092
3.79168
3.81364
4.0411
3.85353
3.74939
3.69515
3.8846
3.85213
3.91582
3.4198
4.16246
3.81568
3.6569
3.95619
3.86794
3.95256
4.08498
3.91658
3.58009
3.94212
4.05897
3.75656
3.75
3.77769
3.8043
3.84688
3.78386
3.88129
3.9127
4.22403
3.85277
3.83952
4.03449
3.78716
3.88342
3.95514
3.88245
3.59361
3.62676
3.81858
3.83806
3.73979
3.97157
3.81999
3.66041
3.66763
3.85227
3.81498
3.6139
3.72268
3.72927
3.91661
4.02509
4.09014
3.83077
3.62692
4.10858
3.39395
3.76964
3.81043
3.48491
3.7888
3.73903
3.70125
3.68175
3.64093
3.78649
3.57622
3.67298
3.66942
3.61553
3.57017
3.82162
4.22861
3.78691
3.81909
3.80219
4.00903
3.96094
4.11221
3.7111
3.96149
3.91545
3.8646
3.84449
3.69348
4.00375
3.77909
3.73671
3.78513
3.79123
4.04602
4.00265
3.65449
3.9284
3.95016
3.6866
4.08276
3.98143
3.81754
3.70539
3.73676
3.68728
3.61257
3.94402
3.83096
3.75987
3.76827
3.6071
3.80184
3.79599
3.93498
3.73742
4.18839
4.00287
3.76447
3.42002
3.41595
4.47323
4.19472
3.95476
3.86896
3.70333
4.44892
3.27916
3.7584
3.74674
3.89406
4.24014
3.87841
3.6382
3.93575
3.8013
3.99981
4.18573
3.96891
3.59541
4.21097
3.97871
3.85473
4.07118
4.01056
3.8393
5.00685
3.83616
3.8007
3.89847
4.2341
3.62727
3.88433
3.77936
4.80114
3.91851
3.80534
3.60231
3.8569
3.58187
4.02284
4.1275
4.9409
3.68601
3.84281
3.72063
3.77676
4.05789
3.69791
3.8048
3.98751
4.43284
4.02271
3.7198
3.68316
3.71459
3.79632
3.48257
3.76747
3.85984
4.4438
3.6731
3.67345
3.93837
3.78122
3.81612
3.59535
3.47763
3.92105
3.78934
3.70187
3.54088
3.49009
3.83667
3.69157
3.83509
4.00409
3.57016
4.48976
3.63165
3.7282
3.50539
4.40394
3.40129
3.62785
3.73214
3.42148
3.77037
4.15477
3.73686
3.5546
3.62703
4.07863
3.73573
3.90496
4.02383
3.76554
3.45069
3.60787
3.61626
4.21842
4.23397
4.16394
3.77559
4.26644
3.94473
3.64156
3.65774
3.66676
3.61034
3.83641
4.26213
3.73405
3.91547
3.83247
3.85992
3.72716
4.05965
3.83673
3.67311
4.01117
3.56276
3.44575
3.6132
3.98169
3.64715
3.79793
3.7234
3.49968
3.72919
3.547
3.75257
3.79249
3.59587
4.28789
3.78011
3.44031
3.50796
3.68587
3.82789
3.67053
3.50057
3.6488
3.55454
3.86364
3.82325
3.61262
3.85206
4.27701
4.04075
3.3996
3.71703
3.70235
3.86352
3.53896
4.03149
3.51234
3.61246
3.74606
3.89405
3.56016
3.3661
4.0658
3.89408
3.8366
3.72053
3.71781
3.63362
3.44305
3.73548
3.8474
3.83273
3.8658
3.89296
3.74805
