3.30901
3.43293
3.55055
3.62967
3.6845
3.61524
3.73031
3.62675
3.75635
3.82544
3.75677
3.79678
3.97817
3.94797
4.09042
3.90951
3.87879
3.88044
4.15205
3.76905
4.03656
4.11651
3.93934
3.9319
3.96747
4.03331
3.97454
4.32225
4.20366
3.83812
3.9413
3.97384
3.92124
3.91405
3.91187
3.82816
4.08454
3.81915
3.91334
4.08318
3.82208
4.03334
4.05555
3.94534
3.87222
3.93376
3.93086
4.26493
4.39521
4.09395
3.99058
4.25346
4.0013
4.04329
3.95705
3.99091
4.0912
3.80446
3.96384
3.59677
3.95854
3.82363
3.87195
3.97644
3.91244
3.96731
3.68173
4.10366
3.8036
3.87378
3.80291
3.73119
4.28696
3.76609
3.90998
3.56668
3.98773
3.92417
3.76933
3.85804
3.88543
3.69317
3.92077
3.88856
3.77616
3.71757
3.92594
3.68013
3.89529
3.97673
3.7664
3.81141
4.21607
3.87048
3.72933
4.13397
3.56433
4.13075
3.75673
3.72935
3.72075
3.84148
3.8356
3.85553
4.56869
3.81788
3.63235
3.86561
3.84019
3.86464
3.79999
3.68706
4.28404
4.20056
3.66125
3.82293
3.87277
3.95881
3.64286
3.90661
3.8014
3.58783
3.90076
4.03005
3.86791
3.74652
3.88657
3.77665
4.05109
3.89305
3.99629
3.67389
3.78984
3.7593
3.69252
3.82706
3.99758
3.84061
3.67564
3.61464
3.7147
3.63628
3.99661
3.90376
3.77448
4.08399
3.65796
4.32809
3.76526
3.87516
3.67903
4.41496
3.86159
3.96692
3.72144
3.93353
4.08372
4.20292
3.91364
3.8549
3.9633
4.04827
3.8541
4.14311
3.62651
3.95219
4.04973
4.03773
3.79104
3.81534
3.65379
3.64817
3.79813
3.87461
3.81534
3.79576
3.68334
3.75803
4.02277
4.07402
3.94915
3.73899
4.01989
3.81992
3.63355
3.85488
3.83271
3.75506
4.3863
4.71502
3.82878
3.64752
3.68723
3.69973
3.65515
3.67882
3.97194
3.9
3.64637
4.51818
3.99086
3.8835
3.7917
3.90153
3.90759
3.87012
3.9247
3.70117
3.84499
3.98248
3.67665
3.54699
4.37556
4.33289
4.06648
3.75561
3.95443
3.98607
3.95956
3.44644
4.04259
3.8914
3.95038
3.85266
3.61209
3.58734
4.09298
4.00973
3.95547
4.17495
3.98664
4.07685
3.75637
3.84343
3.73304
3.88201
3.95604
4.17189
4.08181
4.19402
3.66101
3.75774
3.75902
3.92814
4.02703
5.06439
3.67387
4.23648
3.65703
3.90139
4.32534
3.61458
3.76709
3.61034
3.66302
3.5306
4.16294
4.32279
3.87862
3.89126
3.93011
3.77513
3.80577
4.20641
4.25152
3.30259
3.83832
3.84922
4.18573
4.1156
4.20984
3.93021
3.99974
3.72322
3.54863
3.69562
3.89811
3.87827
3.83911
4.90273
3.62579
3.88518
3.93137
3.89456
3.69378
3.78643
4.15997
3.91991
4.63433
3.92376
3.91004
4.20161
3.91186
3.8491
4.1299
3.54351
3.55552
4.15243
3.89226
3.82952
4.01247
3.90405
3.77403
3.61777
3.87359
4.19735
3.5072
3.774
3.94301
3.97706
4.04919
3.65499
4.00435
3.76134
4.10297
3.84507
3.66083
3.56501
3.94218
3.55903
3.9974
3.99206
4.11797
4.08031
4.02487
4.10963
3.87919
3.84461
3.95038
3.4289
4.45695
4.17187
3.49971
3.96166
3.62777
3.7863
4.37848
3.53554
4.92024
3.57177
4.12713
3.97217
3.99334
4.29756
3.97459
3.82717
3.99374
4.77623
4.31535
3.98571
3.92244
4.20031
3.7438
4.36429
4.04693
4.40658
4.58295
4.33532
4.09588
3.74919
3.40523
4.64272
3.94117
3.87771
4.77791
4.22029
4.29663
4.26078
4.76409
3.94995
3.87113
4.76702
4.31777
4.6399
3.90332
4.3473
inf
3.99466
4.66304
4.65143
4.77162
3.99059
inf
inf
inf
inf
inf
inf
inf
inf
4.73758
inf
inf
4.7625
inf
inf
inf
inf
inf
inf
