4.43616
4.38656
4.44825
4.31846
4.30545
4.43621
4.17368
4.36323
4.2606
4.46389
4.27122
4.16806
4.34564
4.54847
4.05716
4.3231
4.68193
4.14439
4.45948
4.18301
4.50847
4.3155
4.40714
4.26706
4.26097
4.80637
4.1377
4.44417
4.38502
4.29745
4.60941
4.31044
4.04388
4.20073
4.38743
4.24486
4.1018
3.99296
4.31353
4.58629
4.72678
4.15605
4.29912
4.51683
4.39618
4.26395
4.43526
4.70989
5.32521
4.18643
4.15876
4.24127
4.49917
4.07859
4.31616
4.16054
4.34097
4.15572
4.11503
4.11617
4.87367
4.32166
4.30028
4.44166
4.12048
4.08682
3.95675
4.42599
4.4067
4.05064
4.06594
4.59751
4.01246
4.60601
4.12685
4.5175
3.82722
4.51925
4.29174
3.90847
4.5274
4.36862
4.24829
4.80876
4.2027
4.22328
4.03579
4.30481
4.29523
4.1029
4.13626
4.23551
4.26863
3.9851
4.10237
4.10665
4.12028
4.22194
4.247
3.89813
4.31027
4.29188
4.03152
4.52015
4.25612
4.55767
4.36041
4.26709
3.88729
4.10325
4.54007
4.19204
4.06309
3.7889
4.17901
3.95159
4.2911
4.26696
4.49868
4.38658
3.90344
4.35343
4.50178
4.7522
4.7916
4.28799
4.19043
4.69521
4.31848
4.25991
4.10219
4.49035
4.11082
4.76897
4.50034
4.26707
4.36352
4.24782
3.7689
4.35584
inf
4.27186
4.0315
4.22165
4.55543
5.20529
4.58689
3.96468
4.30889
4.01311
4.15896
4.30032
4.06097
4.45711
4.06769
3.9962
4.84829
4.47947
4.8835
4.37818
4.43972
4.37145
3.77576
4.27068
4.11177
4.04602
4.43823
4.21644
4.08427
4.33075
4.46164
3.95714
4.2972
4.3556
4.60751
4.34246
4.72167
4.6356
4.51898
4.13966
4.47956
4.41778
4.30084
4.30857
4.22914
4.20766
4.59878
3.96368
4.27701
4.26237
4.29809
4.49627
3.92517
4.12671
4.15003
4.40515
4.02376
4.25832
4.18045
4.06632
4.27143
4.259
4.40015
4.24246
4.16622
4.36408
3.99075
4.1121
4.09483
4.45954
3.98311
5.00378
4.22496
3.95266
4.2286
4.06129
4.28172
4.12118
4.01205
4.48765
4.21571
4.25821
3.99921
4.51596
4.49396
4.57881
4.3367
4.48642
4.51692
4.15737
4.19257
4.12672
4.27579
4.12913
4.60502
4.05266
4.0843
4.07573
5.20359
4.11095
4.14475
3.98304
4.80768
4.26388
4.17828
4.79742
3.77375
4.19414
4.25097
4.20745
4.12225
4.21781
4.25614
4.36765
4.15209
4.24477
4.32402
4.7812
3.81533
4.80766
4.23436
3.86104
4.34756
4.84224
4.02796
4.57871
3.99224
4.50722
3.91948
4.47203
4.88988
4.14022
4.06483
4.06596
inf
4.34708
4.21259
4.63719
inf
4.46698
4.36789
4.10341
4.31197
3.95487
inf
4.52255
4.18385
4.03728
3.86858
4.02786
4.19137
4.28193
4.27351
3.8614
4.21558
4.1494
3.93245
4.46565
4.65904
4.71416
4.00351
4.09481
3.82104
4.18358
4.33255
4.22771
3.87903
4.49784
5.01999
4.49111
4.43229
4.1106
4.27119
4.22507
4.21326
4.33721
4.4311
4.15285
3.89807
3.88579
inf
4.11303
4.21867
4.08899
4.20293
4.21439
4.08789
4.23564
4.34137
4.76271
4.27392
4.32538
4.18947
4.59197
3.98555
3.95342
3.7789
4.38237
4.42367
3.8972
3.96114
4.29076
4.89295
4.00765
4.26717
3.73845
4.28835
4.38721
4.2981
4.57773
4.28569
4.44792
4.51947
4.32862
4.2929
4.01908
4.17923
4.14278
4.30701
4.01081
4.09284
4.07451
4.10499
4.11223
4.36307
4.20574
4.74781
4.59099
5.54203
4.47232
4.12818
4.69945
4.24961
4.26919
4.68317
4.39359
4.30915
4.37195
4.41827
4.23529
4.70706
4.21674
4.30449
4.2549
4.13965
4.33078
4.10203
4.54691
4.38058
4.37775
4.37954
4.16913
4.45274
4.51806
4.60461
4.62259
4.52806
4.8239
4.91676
4.97751
