4.59304
4.59461
4.59285
4.7604
4.76871
4.5647
4.64738
4.84637
4.47206
4.57991
4.35916
4.77776
4.79979
4.35418
4.39308
4.79213
4.89522
4.25545
4.38895
4.44868
4.59364
4.69075
4.63039
4.30797
4.26954
4.64056
4.3911
4.3686
5.61778
4.01021
4.43072
4.20822
4.19184
4.19576
4.17567
4.44599
4.60033
4.6984
4.6161
4.42576
4.03804
4.15349
4.48291
4.66739
3.99418
4.5272
4.51815
5.34773
4.30169
4.87572
4.859
4.11335
4.03706
4.16851
5.32867
4.41525
4.38056
4.23352
4.35779
4.37094
4.76352
4.23196
4.13063
5.16195
5.23227
4.35205
4.04375
4.00997
4.52265
4.50265
4.32925
4.41472
4.34243
4.22812
4.1763
4.63468
4.15063
3.96782
4.20375
4.46051
4.27839
4.49043
5.11701
3.97541
4.15358
4.69215
4.40172
4.24998
inf
4.43437
4.46202
4.03612
4.71212
4.15842
4.11624
4.46172
5.08162
4.62218
4.44389
4.6729
4.428
4.28341
5.02746
4.2128
4.07715
4.66836
4.26296
4.29218
5.00018
4.64835
3.84621
4.00478
3.96825
4.11466
5.07064
5.12324
4.45426
4.10284
4.68972
4.22182
5.07547
4.18676
inf
4.2387
4.29006
3.92125
4.24064
4.62659
4.42611
4.1443
4.47894
4.66834
4.09111
4.01205
4.41354
4.40707
4.75552
4.2371
4.25394
5.10476
4.41447
4.45169
4.7523
4.06456
4.40656
4.13893
4.48247
4.70193
4.04024
4.05537
4.0359
3.96217
4.5067
3.90844
3.97978
3.95721
4.27182
4.16564
4.70378
4.50493
4.78308
4.65718
4.72537
4.44216
4.34655
4.23983
3.91186
inf
4.52639
4.47497
5.26239
4.24645
4.26143
4.78648
4.41978
4.41129
4.88032
4.2519
4.31043
4.31023
4.43659
inf
4.68068
4.4563
4.68011
4.46144
4.53457
4.30581
4.18062
4.13381
4.42921
4.58731
4.27762
4.20212
4.3363
4.23727
4.34655
4.31763
4.26583
4.10347
4.50441
4.16744
4.89914
4.57828
4.38277
4.21983
4.3605
4.5735
4.64098
4.22211
4.14663
4.07957
4.51822
4.53864
4.19419
4.51019
4.34713
4.95393
4.35183
3.86583
4.21857
4.28089
4.23964
4.87875
4.17706
4.28612
5.35309
4.63507
4.41111
4.39989
4.08189
4.83227
4.79297
4.7691
4.76129
5.23901
5.21941
4.53797
4.08789
4.35318
4.30889
4.80967
4.50859
4.78386
4.4432
4.72391
4.33052
4.50853
4.22026
inf
4.71156
4.21395
4.37026
4.51488
4.76209
4.33671
4.33424
4.36333
4.32244
4.6987
4.05878
5.06448
5.13271
inf
3.96883
4.77899
4.16101
4.16184
4.51055
inf
3.85627
4.49497
4.29922
5.12434
4.14941
4.26568
4.42565
4.31308
4.16442
4.3983
4.09012
4.09362
inf
4.335
4.13794
4.30808
5.08742
4.47834
3.94994
4.49456
4.28151
5.12687
4.32099
inf
4.30984
inf
4.28402
4.29065
4.56472
4.05963
4.18059
4.31377
4.73408
5.04847
4.31044
4.15318
4.14407
inf
5.19396
4.20339
4.35334
5.16984
4.203
4.3162
inf
4.35556
4.39361
5.1045
4.79775
4.26076
4.78912
4.95926
4.31204
4.82472
4.11504
4.13532
4.04536
4.17612
4.60923
4.39712
4.74743
4.1741
4.06344
4.43817
4.44993
4.46869
4.8931
4.5757
4.89593
4.32625
4.35141
4.30569
4.83548
4.10674
4.31614
4.21164
3.92842
4.97937
4.62339
4.23111
4.04221
4.29471
4.09574
4.91722
4.30818
4.90415
4.08016
4.71567
4.235
4.25276
4.18919
4.17716
4.78099
4.10605
5.00868
4.10243
4.18413
4.00351
5.1158
4.54493
4.70954
4.74124
4.43293
4.46718
4.44506
4.35144
4.52481
4.46206
4.65021
4.639
4.79316
4.34794
4.78611
4.54049
4.69853
4.21308
4.6895
4.59867
4.29584
4.71094
4.45566
4.75368
4.5615
4.67624
4.92546
4.75408
4.79604
4.77886
4.80966
4.8102
