4.66359
4.74124
4.77442
4.66955
4.79733
4.88684
5.01513
4.51748
4.83688
4.77045
4.74536
4.78112
4.96384
4.68868
4.91215
4.85159
4.66202
4.70589
4.82941
5.80313
4.56597
inf
4.8749
5.02694
5.2696
5.19722
inf
4.92806
4.74317
4.72048
5.48905
4.44492
5.45423
4.52815
4.9952
5.04651
5.03938
inf
inf
5.46013
4.90506
4.65935
4.49781
5.45286
4.86402
inf
4.58617
4.66838
4.64273
5.22235
5.20934
4.31601
5.25754
4.7879
4.7886
5.32628
4.61278
5.13936
inf
4.75956
inf
4.67878
inf
5.22846
4.71546
4.69334
5.14066
4.30929
inf
inf
5.18552
5.13988
4.61772
inf
5.05901
4.22521
4.56849
4.67438
5.16367
4.24888
5.17086
5.0618
4.37274
5.12566
5.05948
inf
4.59086
4.99255
inf
inf
inf
4.42252
4.62822
5.02861
4.56728
5.07655
4.6085
inf
inf
inf
4.98057
inf
inf
5.06103
inf
5.05849
4.57822
4.60139
inf
4.93019
4.99158
inf
4.60131
4.58651
inf
inf
4.58023
4.13059
4.33078
5.02352
4.65876
inf
inf
4.34722
inf
5.03366
4.86944
4.59343
4.59251
5.08666
inf
inf
inf
4.35706
inf
4.394
4.60293
4.39336
inf
5.07144
5.04945
inf
4.98559
4.37444
4.99686
inf
5.06574
4.96008
4.57751
4.6664
inf
4.17976
5.16521
5.10167
5.12803
5.03356
inf
inf
4.69137
5.00732
4.1152
5.03615
4.56791
4.27139
4.32143
4.73922
4.47507
4.30405
inf
5.14275
5.18068
4.33195
inf
4.64255
4.68494
5.01856
4.71129
4.54477
inf
5.20978
5.07912
4.57116
inf
4.7823
5.22199
5.28029
4.39353
4.83841
4.47649
4.89782
4.84522
inf
4.5414
4.42611
4.72858
4.81157
4.63565
5.06589
5.0124
4.71621
5.24914
5.48433
4.83757
4.61284
4.61336
4.71285
4.85524
5.28154
4.98144
4.53966
inf
4.34539
4.90949
4.91035
5.18736
4.82803
5.14208
5.26519
5.16192
4.6124
5.12224
4.73535
5.1857
5.25593
5.25293
inf
4.7222
5.1923
4.5181
3.93335
inf
4.28497
4.71213
inf
5.16593
4.67494
5.07129
4.9974
4.69714
inf
4.67556
4.68759
5.1059
4.63642
inf
inf
4.58892
5.11468
5.13547
inf
inf
5.17125
4.27145
5.02525
4.35342
4.62502
5.02563
5.07954
inf
5.1191
4.98184
4.64964
5.0446
5.06656
4.65561
4.46729
5.06499
5.05298
4.69106
inf
inf
inf
4.68675
4.13441
5.13948
4.38344
5.12265
5.01697
4.58624
5.08217
4.37311
4.36989
5.07743
inf
inf
5.04144
5.06806
4.4205
4.2753
4.61598
4.66339
inf
5.06764
4.66241
5.08619
inf
inf
5.05521
inf
4.70306
inf
5.01559
5.00963
4.40261
4.72679
5.10557
5.09493
5.00381
4.36924
4.6632
inf
inf
4.70958
4.72321
5.10429
inf
4.66143
5.1591
5.01328
inf
inf
4.47148
4.49711
5.1534
4.50627
3.99119
4.68722
4.49976
4.53634
4.32703
inf
4.4893
4.77874
4.54174
inf
4.20227
4.82121
4.83165
4.56491
4.53052
5.28193
5.03454
5.19976
4.57193
4.3616
4.88075
5.16981
5.17343
5.30596
inf
4.84456
5.23817
4.44631
4.88703
4.5642
inf
4.65369
4.48495
4.96968
4.86475
4.98161
5.36234
5.30532
5.04665
4.65037
inf
5.03504
inf
inf
4.40077
4.36646
5.0149
4.20821
4.74
4.93929
5.06973
4.75746
4.80196
4.70357
4.82024
4.82901
5.02482
4.73748
5.10361
4.79916
4.68983
4.74271
4.84158
4.87879
4.58942
5.01738
4.94865
4.84498
4.95318
4.60328
4.70902
4.86429
4.61954
4.74474
4.65735
