4.87575
4.86236
5.08451
4.68266
4.85607
5.00626
4.72249
4.64592
4.77635
4.94271
5.30083
4.87197
4.96087
4.65803
4.87675
4.96569
5.19548
5.01769
4.80351
5.10517
4.65436
4.48836
4.75049
5.20886
4.85469
4.78073
4.81721
5.15586
4.71372
5.05059
4.5214
4.68727
4.84182
4.53578
4.39953
5.01146
4.48418
5.47494
4.92667
4.91881
5.43045
5.49971
4.42577
4.50797
4.51447
4.65093
5.1868
5.00923
inf
4.90252
4.45418
4.8317
4.86092
5.25157
5.19233
5.28311
5.19174
4.57504
5.21592
4.46558
inf
4.5229
5.17718
5.17825
4.79929
4.49381
4.75952
5.17641
5.18255
4.28685
4.46858
inf
5.173
5.12942
4.16691
5.14523
5.19159
4.46534
4.75786
inf
4.67781
4.24923
inf
5.03669
4.73267
inf
4.68178
inf
4.2284
4.66128
4.68707
5.06758
inf
4.6036
4.99873
5.0703
inf
inf
4.96535
4.99008
5.12012
inf
5.0222
5.05689
4.36653
5.03054
4.32104
4.93388
4.97424
inf
inf
4.9365
5.00386
5.04177
4.9391
inf
inf
5.03489
inf
5.07058
4.61747
4.40946
4.93097
5.02431
inf
inf
inf
4.63314
4.23668
inf
4.9332
inf
5.0453
inf
inf
4.97583
4.61152
inf
inf
5.03607
4.95887
4.05557
inf
4.61322
inf
inf
5.09382
inf
inf
4.35256
4.99938
4.55093
4.59467
4.96845
inf
4.65069
5.0709
5.07222
4.60929
4.60311
inf
5.12544
inf
inf
4.94618
4.38362
5.1047
5.11387
5.13918
4.62926
5.13898
4.71867
4.72252
5.06314
inf
4.76893
4.5346
inf
inf
4.78243
inf
inf
5.12002
inf
5.16599
inf
5.22573
inf
5.17316
inf
5.2908
inf
4.88238
4.47974
4.94298
4.71812
5.39766
5.0271
4.69315
4.81577
4.78123
4.48441
inf
4.71798
4.91923
5.36825
5.26655
4.66664
inf
5.30104
4.91014
5.1545
5.38422
4.78738
5.22588
inf
4.77669
5.1818
inf
5.08336
5.1447
5.22674
5.06778
5.11395
5.07954
inf
5.20936
5.13601
inf
5.10161
4.69139
inf
inf
4.67685
inf
inf
5.04035
4.71932
inf
inf
4.66062
inf
5.1357
4.95865
4.65669
4.95048
5.08511
inf
5.05076
4.94916
inf
inf
inf
5.07475
5.02251
4.56341
4.95331
4.62153
4.99988
inf
inf
4.57759
5.07951
inf
inf
inf
5.0411
4.60643
4.59989
inf
5.07412
inf
inf
inf
4.67912
5.0433
inf
4.9675
inf
inf
4.97233
inf
inf
inf
4.59144
inf
inf
inf
inf
4.99148
inf
5.05227
inf
4.64239
5.02745
5.06964
4.27414
inf
inf
5.07461
inf
5.05635
inf
inf
5.08699
4.66485
5.00295
inf
5.15627
5.01314
5.04881
4.92805
5.03732
inf
4.38628
inf
inf
5.01573
4.66921
5.17892
inf
4.29337
5.10605
inf
4.28132
5.0559
5.08459
5.14263
4.72947
5.1816
inf
5.15286
inf
inf
5.17383
inf
inf
4.81005
4.75112
inf
5.23401
4.50318
5.15607
4.40379
4.3869
inf
4.84246
4.83277
inf
4.83657
4.61259
5.2892
inf
5.28214
5.2311
5.30035
inf
4.60243
4.65345
4.93677
5.00347
5.00609
4.71152
5.35901
4.74217
4.79075
5.37504
inf
inf
5.16904
5.44106
5.09789
5.49488
4.87835
5.55462
4.63438
4.92833
4.86372
4.87748
inf
5.13263
4.68829
5.16007
5.83354
4.88376
5.91063
5.2624
5.23418
5.18123
5.23657
5.07481
5.14586
4.8805
5.09721
5.08017
4.84875
4.9346
4.77496
4.77112
4.57776
