4.88307
4.57911
4.51239
4.43073
4.45327
4.1769
4.05225
4.12129
4.22224
4.46646
4.39357
4.26314
4.0546
4.16468
4.13004
4.17852
4.00041
4.24477
4.21865
4.12045
4.33842
4.17819
4.14552
4.03043
3.91994
4.06925
4.40046
4.0938
3.95787
3.90939
4.0053
3.98921
4.08828
4.43352
4.06657
4.04133
4.055
4.31288
4.02245
3.95039
4.35568
3.90091
4.00806
3.94835
4.68331
4.04914
4.26634
4.10136
3.81911
4.82268
4.82741
4.42579
4.22061
4.83501
4.82287
4.20428
3.92456
4.04192
3.98325
4.1704
4.14313
4.57784
3.96975
4.12191
4.35185
4.12118
3.85486
4.22587
4.80876
4.09377
4.30503
4.49483
4.23858
4.18371
4.45628
4.70945
4.06053
4.67405
4.54164
3.92908
4.70365
3.88897
4.64316
4.41327
3.95346
4.47611
3.99453
4.25294
4.12114
5.11227
4.13823
4.12719
4.46289
3.89993
3.91653
4.22685
4.04053
4.11674
4.23941
4.23004
4.40329
4.63464
4.10759
5.11479
4.37785
4.65896
4.39541
4.0037
4.11565
4.62188
4.37377
4.1047
4.14979
4.26034
4.62475
4.00052
4.40759
4.38057
5.09513
4.69423
4.1256
4.68232
4.68509
4.01602
3.85897
4.4612
4.29293
4.12145
4.26225
4.00775
4.43101
4.41023
4.1495
4.63063
4.11148
4.38462
4.10282
4.42998
4.30148
4.304
4.47024
4.28629
4.48148
4.76029
4.47791
4.75964
4.08019
4.50367
4.28343
4.03101
4.16809
4.14884
3.94711
4.16106
4.13946
4.05091
4.5062
4.46814
4.72359
3.90464
4.21935
3.98825
4.57435
4.71578
5.1783
4.18256
4.56712
4.40469
4.39444
4.36485
4.44877
4.39149
4.46883
5.35731
3.92901
4.00992
4.8549
4.42904
4.29518
4.09047
4.11916
4.13712
4.3446
4.35145
4.16172
4.68048
4.13315
4.28558
4.15488
4.28632
5.0388
4.46709
4.35214
4.50965
4.23
4.29808
4.25186
4.36124
4.21575
4.39973
4.54002
4.53954
4.44326
4.4891
4.66293
4.07767
5.06484
4.60975
4.16315
3.94623
4.18132
4.19674
4.14498
4.12495
4.29297
4.0898
5.36442
4.3595
4.17285
4.33632
4.22917
4.9687
4.68776
4.33121
4.91658
4.12191
4.61925
4.41969
4.05253
4.86175
4.27395
3.9998
3.85219
4.00214
4.17141
4.5204
4.62082
4.37615
4.22869
4.51372
4.76317
4.36865
4.79903
4.35047
4.79184
4.24681
4.8186
4.5155
4.82076
3.97951
4.01112
4.35898
4.00975
4.53014
4.01232
4.50616
4.72821
4.72813
3.99006
4.157
4.12941
4.09523
4.53364
4.69604
4.33247
4.76651
4.71462
3.8244
4.7617
4.08493
4.14689
4.14594
4.32422
4.0846
3.9769
4.3558
4.09645
4.27665
3.82189
3.99822
3.85336
4.08869
4.12474
4.5165
4.32066
4.18646
3.95933
4.44433
3.88003
4.50769
4.34498
4.55292
4.69018
4.77162
4.18229
4.14123
4.04717
4.14454
4.51334
4.67733
4.16801
4.1479
4.28976
4.65315
4.48446
4.06115
4.49699
4.36555
3.91712
4.0856
4.71435
3.92228
4.49519
4.45937
4.79933
4.34995
4.0144
4.18615
4.71882
4.22274
4.55581
4.17096
4.18528
4.20487
4.33422
3.79148
4.32668
4.42612
4.24825
4.05635
4.38975
5.17002
4.04416
4.34375
3.99511
4.53343
4.17727
3.86967
4.1074
4.83982
3.99554
3.7123
4.44983
4.05991
4.12254
3.96376
4.17181
4.64862
4.14554
4.12539
4.26669
4.34681
4.59536
4.15364
4.1214
4.1889
4.13773
4.0166
4.17761
3.90024
4.24493
4.30155
4.2966
5.01934
4.02228
4.00812
4.04543
4.14781
4.41289
4.30014
4.25936
4.59954
4.7612
4.36823
4.49251
4.03534
4.08993
4.10982
3.9394
4.79439
4.06657
4.19389
4.30132
4.05516
4.09737
4.08456
4.21375
4.21952
4.18501
4.10811
4.26223
4.29419
4.21198
4.33109
4.22106
4.37288
4.2733
4.51493
4.49252
4.46331
