5.3445
5.23976
5.04741
4.61571
4.73691
4.52869
4.71826
4.30693
4.36967
4.10787
4.21587
4.15618
4.26792
4.21301
4.17082
4.07312
4.44357
4.07906
4.4073
3.87112
4.09566
4.38881
4.10353
4.2597
4.19905
4.2763
4.05195
4.04928
3.95292
4.07913
4.19641
3.91488
4.20463
4.03009
4.06045
4.52584
3.85642
4.2446
4.10265
3.80915
3.90873
3.95719
3.88007
4.10199
4.39669
3.91119
4.22434
4.19599
3.89819
4.42617
3.84472
3.87852
3.82344
3.68197
3.84197
4.18748
3.83351
3.82309
4.24854
4.0767
4.06417
4.10357
3.92497
4.35864
4.02416
4.0836
4.0501
4.32835
4.03783
3.89671
3.88467
4.45138
4.18312
4.01992
3.82324
3.97527
4.14286
4.0497
4.05848
4.55429
3.8775
4.7943
3.91008
4.40304
4.11305
4.15734
3.91151
3.97375
3.95888
3.8323
4.10749
4.39551
3.9615
3.95734
4.20326
4.03211
4.04487
4.31322
3.8814
4.24004
4.19989
4.7613
4.35001
3.92172
4.03608
4.28788
4.39232
3.88484
3.90172
4.14745
3.69832
3.92103
4.36951
4.09021
4.09782
3.93597
4.24172
3.91897
4.02045
3.81037
4.03218
4.28452
3.67983
4.03612
4.12778
4.20215
3.97767
4.79687
4.23257
4.00271
4.15695
4.22486
4.23302
4.47036
4.10308
4.18133
4.35515
4.475
3.99441
4.10499
4.02693
4.72419
3.86386
4.24132
5.19027
3.87286
3.73858
4.37698
4.23982
4.52953
4.02198
4.06892
4.04927
4.11846
4.39194
4.04218
4.19673
4.28513
3.99286
4.54168
4.11223
4.4026
4.29593
4.15321
4.18986
4.40558
4.15194
4.19447
4.20187
4.15286
4.07317
4.16423
4.11327
4.32894
4.44059
4.89426
3.92944
4.36479
4.90004
4.28163
4.00107
4.2681
4.50987
4.34499
4.29258
3.87136
4.13118
4.23842
4.3263
5.3383
4.06314
4.33129
4.29477
4.372
4.14685
4.34637
4.14886
4.62104
4.1052
4.20089
4.52401
4.21228
4.25603
4.21918
4.01109
4.09006
4.23445
4.48634
4.45312
4.19169
4.01739
3.93602
4.29735
3.96067
4.6865
3.91129
4.25207
4.67906
4.35562
4.3276
4.17954
3.96004
4.3034
4.05493
4.77381
3.83445
4.0519
4.14156
4.22853
3.72615
4.14395
4.49536
3.69963
4.12899
4.35389
4.3041
4.56812
4.01879
5.12416
3.93793
4.10471
4.45228
4.17447
4.41273
4.2554
3.90252
3.88829
inf
4.47729
4.68585
4.32676
4.30303
4.05003
4.43554
4.14223
4.26365
4.05938
4.16931
4.11722
3.91778
4.24817
4.03006
4.68555
4.22506
4.95135
inf
4.46044
4.59594
4.01862
3.8964
3.99067
4.4265
3.769
4.61638
4.14573
4.41051
4.20801
4.12792
4.66963
4.33467
3.90557
4.62147
4.6359
4.45299
4.21624
4.06052
4.25232
4.10819
inf
4.6643
3.90886
5.05663
4.11733
4.07942
4.4797
4.26103
4.1119
4.65288
5.01957
4.40638
4.21184
3.81107
4.242
4.11752
3.8794
4.02807
4.2244
4.35146
3.83887
4.18821
4.24197
3.75099
4.27398
4.44132
4.02328
4.41685
4.439
4.12567
3.93311
4.21914
4.29785
4.72842
3.89326
4.04699
3.96707
4.3311
4.17275
4.14129
3.69221
4.19502
3.87909
3.9912
3.8929
4.32355
4.31872
4.07075
4.21721
4.13186
4.48775
4.12674
4.20184
5.11327
4.11891
4.39079
5.25996
4.27106
4.25184
4.40761
4.1561
4.63628
4.58941
4.45477
4.5233
4.29687
4.21258
4.64246
5.25932
4.14367
3.92486
4.51332
4.04655
4.96835
4.40826
3.92245
4.31985
4.4318
4.44257
4.33605
4.51519
5.06298
4.17101
4.35161
4.12975
4.44454
4.92705
4.5838
4.79079
4.67803
4.30095
4.47893
4.55763
4.34805
4.62476
4.65919
4.41554
4.42623
4.35577
4.50662
4.64157
4.45091
4.49441
4.34211
4.52436
4.34433
4.20218
4.29049
4.4977
4.32832
4.38379
4.39564
