5.1101
4.93616
5.10619
4.75943
4.63953
4.82232
4.82652
4.58704
4.68251
4.66866
4.61729
4.32792
4.35978
4.50547
4.41822
4.39824
4.44841
4.64761
4.63122
5.09055
4.49478
4.44842
4.44419
4.51736
4.19812
5.0111
4.67796
4.46503
4.34404
4.74193
4.31841
4.32066
4.17774
4.21677
4.24691
4.12301
4.71112
4.22064
4.16369
4.41329
4.34258
4.2917
4.44216
4.58269
4.7059
4.91946
4.3751
4.26987
4.1833
4.49094
4.48103
4.49559
4.1545
4.33784
4.37981
4.2389
4.82397
4.4301
4.30975
4.06468
5.31032
4.28429
4.29862
4.34861
4.07183
4.1873
4.86839
4.09599
5.12468
5.07515
5.04383
4.55846
4.54224
4.22776
3.90477
4.12431
4.24334
4.32819
4.60229
3.8975
4.76567
4.17714
4.21582
5.22277
4.07134
4.19226
4.58009
4.29098
4.37146
4.48065
4.29674
inf
4.19985
4.39487
4.18146
4.25961
3.96675
5.18777
4.47893
4.17295
5.16178
4.41705
4.61496
5.23126
4.47672
4.70714
5.16775
4.74011
4.75512
inf
4.30462
4.42923
4.74037
3.8366
5.18366
4.1709
4.72363
4.31509
4.53287
4.03734
5.2505
4.71356
inf
4.16434
4.30227
4.53766
5.08458
4.70299
4.2558
4.49481
5.0728
4.49608
4.11179
3.97961
5.11737
5.14714
4.64872
4.73365
5.09348
5.08252
inf
4.71978
4.75828
4.31605
4.42696
4.03571
5.2459
4.12417
4.61668
4.31244
4.49761
4.41223
inf
inf
5.17974
4.20621
inf
4.5395
4.02121
inf
4.33429
4.24658
4.47609
4.56341
4.5496
4.24662
4.25467
4.14493
4.25854
4.56844
4.73847
4.39115
4.2041
4.80007
4.43206
4.45268
4.21284
4.42801
4.90281
4.45852
5.27094
4.46809
5.26216
4.36919
4.73786
4.53886
4.9848
4.6137
4.36956
4.44718
4.46143
4.34567
4.33295
4.38105
4.45471
4.54569
4.55713
4.4823
4.40956
4.69795
4.18209
4.72312
5.17535
4.56966
5.65406
4.5246
4.80173
4.36148
4.83471
4.20266
4.44229
4.61914
4.28286
4.96518
4.36943
5.27738
4.63654
4.68085
4.43733
4.94421
4.40174
4.38198
4.46515
4.0575
4.86789
3.99738
3.81826
4.33929
4.41871
4.27817
4.20445
4.80825
4.60162
4.29431
4.24364
4.37828
3.97691
4.21889
4.33854
4.48729
4.36308
4.22808
4.15191
4.22787
5.2387
4.2321
4.11655
4.52572
4.60907
5.14379
4.53418
4.1239
5.2533
4.25429
4.75739
4.48958
4.3198
4.29486
5.17164
4.73069
5.10862
4.61593
4.66612
4.24971
4.66618
5.09758
4.33055
4.19608
4.21874
4.28075
4.72412
4.37048
inf
4.79616
4.43549
5.07661
4.72236
4.57446
3.90999
3.94601
4.31136
4.73095
4.24353
4.67259
5.12791
4.71207
4.53382
4.54856
4.49949
5.05419
4.75169
4.80776
4.54744
4.2652
4.73197
4.43134
4.26423
4.46888
4.52969
4.19115
5.18634
4.80266
4.51704
4.74198
5.10854
4.2335
3.87159
4.0211
4.81258
4.80578
5.15673
4.32383
4.70545
5.16913
4.58587
4.20686
4.47518
4.76827
4.05781
5.2708
4.75954
4.82643
4.3186
4.54636
4.24397
4.11632
4.8001
4.80238
4.39934
inf
4.30675
4.77899
4.48848
4.29605
4.40638
4.88441
4.33631
5.30957
4.6021
5.24772
4.74462
4.50208
4.68189
inf
4.61897
4.35753
4.70765
4.34987
5.38735
5.52353
4.94478
4.22553
5.42286
4.71099
4.67288
4.40714
4.24883
4.76678
4.19479
4.2293
4.37178
4.54959
4.65737
4.30146
4.84075
4.89746
4.59766
4.49561
4.69224
4.86294
4.46174
4.95578
4.72262
4.67695
4.26479
5.5327
4.82547
4.69928
5.1293
5.07959
5.12066
4.7184
4.45828
4.76318
4.58564
4.15456
4.48716
4.49991
4.77247
4.77099
4.50491
4.70513
4.62711
4.60713
4.94315
4.43775
4.61167
4.4712
4.33292
4.30203
