3.39243
3.52447
3.55581
3.58404
3.65534
3.65687
3.72313
3.72805
3.67895
3.70603
3.6969
3.71584
3.70102
3.73832
3.73801
3.67511
3.67169
3.70129
3.68742
3.72442
3.81074
3.74412
3.63526
3.72302
3.705
3.925
3.70179
3.6775
3.914
3.65886
3.6949
3.75019
3.7908
3.75045
3.50663
3.72201
3.77012
3.77821
3.83713
3.58435
3.7926
3.89855
3.86813
3.97557
3.75314
3.76205
3.73293
3.56874
3.67066
3.6711
3.87961
3.56407
3.77991
3.77843
3.5932
3.73939
3.87998
3.85295
3.72907
3.80781
3.46291
3.58573
4.3919
3.72284
3.78939
3.89149
3.64036
3.74158
3.63903
3.59411
3.82595
3.85966
3.75081
3.54609
3.67593
3.64518
3.82666
3.80985
3.61159
3.72868
3.70796
3.69428
3.7685
3.6365
3.61796
3.59273
3.77225
3.69481
3.63883
3.32188
3.78827
3.57429
3.65796
3.46879
3.606
3.61033
3.68911
3.42326
3.62438
3.56227
3.7112
3.44362
3.80246
3.6804
3.61263
3.72868
3.64296
3.69693
4.23317
3.73992
3.68103
3.53022
3.47384
3.95774
3.68049
3.77335
3.66051
3.73352
3.69403
3.65277
3.85864
3.72618
3.76746
3.57203
3.74683
3.56146
3.72801
3.67375
4.09464
3.51017
3.91236
3.73757
3.90062
3.73879
3.55529
3.73549
3.8893
3.78109
3.59348
3.7547
3.41925
3.70472
3.7783
3.60662
3.53579
3.70438
3.68792
3.66142
3.61301
3.75595
3.81003
3.62825
3.81825
4.14127
3.4106
3.90584
3.58664
3.46575
3.85728
3.4752
3.65903
3.50071
3.87387
3.8252
3.70965
3.59812
3.4238
3.59324
3.72718
3.57429
3.74346
3.69091
3.70184
4.06513
3.756
3.7092
3.62623
3.87008
3.79714
3.59498
3.57822
3.66522
3.64681
3.89825
3.75784
3.64867
3.58497
3.84151
3.65088
3.71911
3.84649
3.74865
3.98624
3.8101
3.75261
3.66469
3.72236
3.98238
3.98756
3.71312
3.57449
3.81651
3.76497
4.01026
3.6854
3.51248
3.79898
3.80613
4.00718
3.81663
3.66445
3.76316
3.93329
3.79663
3.74746
3.56259
3.68764
3.54919
3.92445
3.61249
4.15185
4.24745
3.70272
3.64066
3.84199
3.74828
3.90586
3.86534
3.87812
3.79776
3.50174
3.58319
3.9423
3.63315
4.0034
3.7332
3.8389
3.60395
3.65561
3.96775
3.81016
3.78424
3.7897
3.63567
3.52554
3.49087
3.42001
3.66837
3.60166
3.55494
3.76144
3.91392
3.7915
4.1147
3.44233
3.52063
4.48167
3.57784
3.77996
4.0869
3.6357
3.68068
3.77006
3.61495
3.61923
3.74328
3.89116
3.48679
3.65929
4.1201
3.47127
3.80565
3.99033
3.59782
3.31206
3.54692
3.60654
3.87718
3.97563
3.74833
3.42157
3.71568
3.37949
3.71401
4.13562
3.70682
3.86696
3.85379
3.54354
3.56362
3.8051
3.80576
3.62609
3.68991
3.57277
3.80219
3.81921
3.5256
3.9751
3.92727
3.50247
3.57392
3.3279
3.64225
3.44366
3.74744
3.97128
3.50183
3.58672
3.42483
3.70982
3.53749
3.58372
3.6518
3.69876
3.82332
3.72931
3.55083
3.76375
3.77397
3.61145
3.95791
3.6222
3.52594
3.6392
3.54126
3.47993
3.95711
3.66795
3.67084
3.86523
3.32482
3.84047
4.03805
4.11675
3.80791
3.79142
4.01421
3.47192
3.61518
3.77855
3.64079
3.49357
4.25645
3.99765
3.81507
3.67798
3.72557
3.87571
3.86786
3.81606
3.70829
3.69994
3.4067
3.63193
3.66577
3.57347
3.49612
3.50474
4.02394
4.08406
3.83085
3.85424
3.73295
3.46787
3.7776
3.57466
3.78264
3.48509
3.54932
3.5143
3.62163
3.64684
3.79343
3.62277
3.5449
3.50621
3.91914
3.58835
3.81643
3.68751
3.57804
3.67186
3.66263
3.65763
3.49285
3.64022
3.69935
3.58175
3.85404
3.96794
3.65449
3.58365
3.68759
3.69817
3.57482
3.77566
3.74115
3.81881
3.92201
