inf
inf
inf
6.10284
5.5117
inf
5.7077
inf
5.59805
inf
5.49173
inf
5.41687
5.05096
5.31894
4.99686
4.73909
5.38342
4.68534
5.38521
4.52638
4.72105
4.27618
4.65984
5.34216
4.3201
4.27217
4.43051
4.62143
4.63924
5.20047
4.24602
5.33858
4.41231
4.28577
4.7667
3.96558
4.16557
4.78231
4.28266
4.88649
4.85553
4.39742
4.41997
4.31393
4.12604
4.36017
4.2554
4.27501
4.02843
4.54775
4.35335
3.97641
4.56644
3.9389
4.55323
4.36518
4.54372
3.88582
4.73224
3.90143
3.97939
3.97072
4.60728
4.55828
4.10475
4.11832
4.00624
4.1554
4.82757
3.91424
4.36259
4.61287
3.92158
4.01151
4.24955
3.998
4.51613
4.07444
4.56999
4.41512
4.38283
4.411
3.81919
3.86089
inf
4.15775
4.31097
4.27696
4.50872
3.89357
3.91208
4.02272
4.02727
4.24232
4.10883
4.81298
4.18522
4.12618
4.59378
3.83739
3.94327
4.47831
3.93208
4.418
4.08471
4.33587
4.02732
4.06117
4.25251
4.35749
4.77407
4.27241
4.73545
3.99165
4.43248
3.97495
4.30368
4.54528
4.5147
4.10296
4.27426
4.08922
4.24512
4.09741
4.05472
4.0664
4.39299
4.79423
4.32982
4.44354
4.17889
4.24079
3.93475
4.0954
3.98836
3.92888
4.43417
4.44407
4.5529
4.33809
4.13272
4.33591
4.22514
4.02232
4.29329
3.97534
4.38317
4.14462
4.68979
4.11252
4.19389
4.44511
5.29261
4.61696
3.85673
4.18639
4.10534
4.57182
4.36221
4.38183
4.38404
4.59899
4.26974
4.57547
4.88487
3.99088
4.30788
4.44125
4.63614
4.23316
3.82565
3.9415
4.15255
4.20782
4.47181
4.32478
4.63925
4.03722
4.1535
4.14797
4.3685
4.41026
4.36569
4.58483
4.04451
4.91506
4.43237
4.01807
4.62979
4.36924
4.36752
4.48784
4.21996
4.30958
4.33241
4.30004
4.41411
4.42636
4.66927
4.3022
4.08519
4.31231
4.17151
3.99964
4.27045
3.96038
3.82059
4.20404
4.0092
4.04542
4.25213
3.91861
4.47695
4.68449
4.05098
4.18893
3.97975
4.842
4.36968
4.41566
4.83969
4.19334
4.22455
5.12824
4.50058
4.11841
4.10682
3.86274
4.726
4.04902
4.18325
5.14894
4.17554
4.47084
4.23857
4.15068
4.30631
4.35207
4.69491
3.87583
4.48461
4.25503
4.39497
4.4567
4.02834
4.39151
4.2369
4.21931
4.6161
3.99454
4.35024
4.53519
4.10845
5.02321
3.8899
4.18435
3.95177
4.36764
4.20509
4.58907
4.29953
5.00268
4.16988
4.13897
3.84017
5.06942
4.548
4.36596
4.36021
4.30305
4.5987
4.64338
5.04343
4.93573
4.52646
4.89486
3.87822
inf
inf
5.09574
3.80183
4.9718
4.49045
4.13599
4.35132
3.97738
4.46168
4.49255
4.53484
4.48146
4.5525
4.96127
4.30608
4.90996
4.96404
4.98625
4.91505
5.07978
4.25953
4.59891
4.02336
4.32588
4.30449
inf
4.14428
4.13855
4.97455
4.52694
4.04455
4.15126
4.54691
4.26559
4.01062
4.06838
3.98921
4.03528
4.26229
4.38336
3.93115
5.09906
4.13641
3.95855
4.19975
4.36689
4.3508
4.95197
inf
4.07076
4.06791
4.58517
4.11449
4.42452
4.22798
4.24893
4.66889
4.11594
4.10703
3.85889
4.60915
4.46144
4.7601
4.29151
4.74986
4.46894
4.35219
4.75212
4.10675
4.55387
5.18075
4.80423
inf
4.42059
4.5734
4.59141
4.28431
4.6144
4.67202
4.06811
4.84552
4.28544
4.90311
4.99889
4.41586
4.57791
4.06166
4.50914
4.76895
4.46829
4.32917
4.2602
4.65627
4.39374
4.38654
4.78951
4.51687
4.61531
4.82361
4.8512
4.46456
4.34682
4.68827
4.4072
4.37653
4.67105
4.6598
4.4702
4.61544
4.47644
4.54195
4.35109
4.43845
4.366
4.63059
4.31072
4.46699
4.34248
4.523
4.47713
4.34546
