4.73205
4.7365
4.74614
4.88381
4.72866
4.50245
4.74923
4.77829
4.35078
4.96881
4.90621
4.87272
4.60041
4.70777
4.66095
5.25916
4.47378
4.68568
4.8557
4.83268
4.50959
4.33941
4.40184
4.74799
4.42504
4.83712
5.23915
4.74037
4.91535
4.59773
4.46025
4.56682
4.8375
4.68468
4.80009
5.03527
4.6134
4.78611
4.61046
4.81226
4.78679
4.42448
4.45259
4.74069
4.30978
4.69663
5.00361
4.98492
4.7443
4.832
4.74244
5.26353
4.35
4.47853
5.31236
5.39295
4.62457
5.32347
4.27084
4.86959
4.30549
4.09573
4.13655
4.62431
4.89827
4.41216
inf
5.30035
4.41086
inf
5.24749
4.15706
4.60866
inf
5.27281
5.14223
5.17444
4.5492
inf
4.36363
4.51255
4.72939
4.77875
5.11341
4.46504
4.66074
4.41849
4.50042
inf
5.12054
4.7556
5.09
4.66569
4.71541
4.72175
5.09927
4.73367
4.14033
4.19419
4.41088
4.41752
4.67767
4.45044
4.29183
4.43709
4.55633
4.73828
4.65106
5.14095
4.69238
inf
4.45208
5.0411
4.72461
inf
5.01397
4.64013
5.16872
inf
4.69907
4.44463
4.57997
inf
5.08273
4.61145
4.45223
5.17412
4.28739
4.62643
4.47472
4.41902
4.68284
inf
4.409
4.66718
4.68746
5.15557
4.25844
4.48539
4.39982
4.46022
5.17773
4.43548
4.28684
4.71245
4.4458
4.39129
5.07347
4.48833
4.65988
4.75417
inf
5.01955
4.65044
4.74722
5.02366
inf
4.79314
inf
4.72855
5.16702
5.23272
5.1086
4.79867
5.25203
4.35519
inf
inf
4.4308
4.34641
5.24703
4.40037
5.11917
4.62538
5.18976
4.70855
4.58393
5.25537
4.2815
4.88387
4.4253
5.28795
5.22119
4.6271
4.9511
4.40745
4.69346
4.68466
5.32236
4.50201
4.99984
4.32868
5.01561
4.9616
4.99858
5.05705
4.33952
5.56754
4.96544
4.65496
5.31762
inf
4.84838
4.61098
4.98205
4.9577
5.00061
5.42569
5.03071
4.90574
5.36197
inf
4.82433
5.30825
4.68609
4.8259
4.87051
4.42371
5.30575
4.5576
4.83822
5.30021
5.09014
4.54287
4.82831
4.3641
5.26728
inf
5.17523
4.82522
4.533
4.48793
4.50676
inf
inf
5.01895
4.6438
5.20713
4.47102
4.42993
4.20197
4.72423
4.28198
4.51941
4.49536
inf
4.4513
5.14062
inf
inf
inf
4.45942
inf
4.57405
4.3926
5.15112
4.42906
4.68896
4.68578
inf
inf
4.43116
4.3847
5.07646
inf
4.6457
4.40735
4.60457
4.20153
4.7019
4.18445
5.08181
4.6622
4.60182
4.37959
4.98574
inf
inf
4.24773
5.06193
4.26993
inf
4.65492
5.11225
4.42112
4.42561
4.40466
5.06839
5.08993
4.65779
5.04656
5.0913
4.41386
4.64496
5.07394
4.43794
4.65744
4.66264
3.92512
5.05107
5.0429
4.99675
4.70655
4.46017
5.05582
4.63263
4.44466
5.07917
inf
inf
4.64856
4.29525
4.26098
4.19569
inf
4.39062
5.04116
5.06116
4.64739
4.38838
5.14314
4.13777
4.69237
4.67878
4.30355
5.02511
5.12243
4.45006
4.67531
5.12973
4.56119
4.75917
5.0686
4.80676
5.20234
4.13071
4.80164
4.22325
4.52246
inf
4.71684
4.54238
4.72433
5.22802
inf
5.17315
4.39152
4.61132
4.42034
inf
inf
5.31425
inf
4.88662
4.87073
4.33999
5.34345
4.17376
4.7252
4.89991
4.63918
4.39514
4.726
4.69617
5.37058
5.0223
5.4442
5.45156
4.62663
4.81741
4.84758
4.63119
5.08027
4.71948
5.1022
5.13916
4.42127
4.46514
5.18339
4.86579
4.87952
4.61093
5.0749
4.8411
4.76469
4.75367
4.77866
4.85159
4.88302
4.81675
4.84059
4.65985
4.80951
5.06904
4.72047
4.74817
4.5991
4.5375
4.6502
4.48841
