4.82552
4.88175
4.73792
4.98563
4.82011
4.76591
4.91538
5.58829
4.75144
5.1287
5.21583
4.90644
5.06275
4.65397
5.18757
4.9791
4.79978
4.88387
4.77446
5.05917
inf
4.95862
4.96507
5.61306
5.17793
4.85296
5.06358
4.80902
4.82379
4.61133
5.10089
4.81255
5.40651
inf
5.39068
4.44655
5.33357
4.53517
4.64424
4.61541
5.29386
inf
inf
5.30478
inf
4.61917
inf
4.80371
5.21343
4.79867
4.51656
4.39179
4.83021
5.12342
5.1372
5.159
5.14731
4.54442
4.71629
4.5296
inf
inf
5.16265
5.13615
4.51894
4.46668
inf
4.68145
4.72522
inf
inf
4.03827
5.12935
4.62887
4.30961
inf
inf
inf
4.6559
4.68999
5.0556
inf
4.99646
4.60639
4.67049
4.71904
4.44576
4.4299
4.64508
4.68289
4.43623
5.10775
4.64872
5.03169
4.43202
inf
4.61723
inf
5.08954
4.62986
5.0431
4.45909
inf
4.7051
4.60298
4.17792
4.42798
4.36092
inf
inf
4.25026
inf
5.01563
5.04088
inf
5.12223
inf
5.07261
4.6212
5.1795
5.047
4.43425
4.65074
4.53811
4.43363
4.71823
4.43934
4.66752
inf
4.96291
4.41587
5.09403
4.6708
4.48502
5.04806
4.70537
4.61647
5.0395
4.3056
4.27949
inf
5.09877
inf
inf
4.28789
4.31786
5.14285
4.46063
5.19309
4.5055
4.2961
4.19462
4.75135
inf
4.32294
5.12887
5.11659
5.15124
5.2542
4.77496
4.53677
4.48634
4.53487
4.80914
4.77564
4.26509
4.53908
4.80054
4.77774
5.25181
4.83449
4.83479
4.612
4.4529
4.28681
4.33302
4.84799
4.83782
4.58529
4.88049
5.31458
5.34744
4.15576
5.33878
4.94228
4.57107
5.44182
4.97648
4.92824
4.54511
4.32641
4.34941
4.20558
5.44242
5.10763
5.49866
4.73353
4.42377
4.76133
5.12372
4.4722
4.41407
4.62486
4.30825
4.75906
4.84435
4.42685
4.78857
4.77149
4.33579
5.35921
5.43224
4.42862
5.37915
4.59965
4.87336
5.28866
4.91233
4.19854
4.23157
4.62738
5.29711
5.34717
4.44244
4.47416
4.44938
4.85016
4.2
4.44228
inf
4.4905
5.33319
4.7764
5.22799
4.89208
4.59115
4.80246
4.53864
4.78512
4.62038
4.59066
4.83165
4.40003
4.26558
inf
4.36245
4.40803
inf
4.26393
inf
4.80248
4.74977
4.34327
5.21996
4.29203
5.1396
4.38502
4.689
4.50989
4.76363
4.73742
4.47209
5.21545
5.20176
4.50519
4.75961
4.53204
4.78093
4.75672
4.51117
4.48718
4.33916
5.14949
4.46186
4.49602
4.52314
5.17923
4.55815
4.3281
4.49733
4.24397
4.06283
4.32828
4.73919
5.23157
4.34007
4.50209
5.17215
5.13781
5.10477
4.78007
4.52261
4.33493
5.18929
inf
4.49165
4.12158
4.48388
4.51107
5.14699
4.65218
4.53168
5.20995
4.42247
4.73599
4.50691
4.21737
4.52702
4.78631
inf
4.34019
inf
5.27884
4.58367
4.55278
4.23206
5.17656
4.03201
4.7134
4.7168
4.81055
4.40108
5.17983
5.18455
5.10923
5.22339
4.57258
4.51707
5.06065
4.79387
4.76034
4.83307
4.74426
5.27509
5.1603
5.2083
inf
5.29418
4.57743
4.84451
inf
5.17837
5.24147
4.42212
inf
4.66767
4.47641
4.6786
4.66015
4.67361
4.85284
5.30072
4.8706
5.27972
4.63479
4.38143
inf
4.50029
5.39436
4.42806
4.58339
5.38124
4.60052
4.45693
4.98427
4.82501
5.47132
5.437
4.64914
4.87653
5.46116
5.13059
4.32018
4.84945
5.16833
5.57191
5.63995
5.10936
5.01428
4.45193
4.77987
5.36241
5.11501
5.10569
4.86847
4.86997
4.45284
4.82616
5.16873
5.03455
5.11729
4.59514
4.59083
4.54885
4.7121
4.74777
4.60884
4.5591
4.59647
4.48509
