5.56652
5.14521
5.7191
5.50558
5.26064
5.86837
5.66245
5.17126
5.12908
4.98551
5.31424
5.89084
5.15787
5.54699
5.26164
inf
4.73051
5.01907
4.41453
5.71748
5.16898
5.24793
4.79376
4.71973
5.10118
5.46276
4.84105
5.53405
5.01465
5.31861
inf
inf
4.8664
5.34459
5.03247
4.70298
5.44666
inf
inf
inf
5.46967
4.8642
inf
4.95426
5.16278
4.57406
4.72578
4.77277
5.31392
5.32148
inf
5.26791
5.09462
inf
inf
4.11272
inf
inf
4.68656
inf
4.69379
5.1321
4.54948
4.80284
4.57599
inf
4.39774
4.474
4.65436
inf
inf
inf
5.14179
5.07834
inf
5.11514
inf
inf
4.67959
inf
inf
inf
4.40349
4.87276
inf
4.86917
inf
inf
inf
5.0465
4.56501
inf
4.65937
inf
inf
4.09342
inf
5.11818
4.50669
4.51619
inf
inf
inf
4.43935
4.43936
inf
5.07592
4.47401
4.83013
5.06027
4.62225
5.01793
5.04268
inf
4.76948
inf
inf
5.07912
5.09393
4.82316
inf
4.50038
4.74945
5.08893
4.26615
inf
5.10758
inf
inf
5.16245
inf
4.71374
5.06192
inf
5.06325
inf
inf
inf
4.57493
4.20096
4.46134
5.12178
4.862
4.64089
4.35969
inf
5.06315
4.43242
4.25414
4.99839
4.59769
5.09901
4.49254
4.37923
4.40581
5.0638
5.3565
inf
5.18355
4.09235
4.61605
5.10747
4.58703
4.35996
inf
inf
4.72949
4.56842
4.55228
4.58534
inf
4.69422
4.92783
4.50673
4.27756
4.66828
4.65587
5.33382
inf
4.21221
4.41794
4.5623
3.9347
4.02859
inf
5.34081
inf
inf
5.31556
4.72557
4.64523
4.56279
4.62718
5.28546
4.46819
4.79104
5.16036
4.928
4.95997
4.86787
5.05434
4.92554
5.10588
4.70825
4.25622
4.44656
inf
4.82339
4.6264
4.71727
4.70154
inf
4.96997
4.73353
4.35072
4.98187
inf
4.66896
5.34233
5.17642
4.54714
4.60511
5.33136
5.05875
4.63005
4.36964
4.38184
4.95294
5.11958
inf
4.42989
4.77411
4.79929
4.6141
inf
4.45164
4.91906
4.773
4.33165
inf
4.5944
4.4796
4.42593
5.06095
4.50239
4.63657
inf
4.47631
inf
4.46064
5.02141
inf
4.13544
4.88777
inf
4.5624
4.50947
4.74709
inf
4.5908
4.77597
4.52866
4.38636
4.9965
inf
inf
4.56562
4.10309
4.99516
inf
4.89916
4.79223
4.84843
4.86113
5.00473
4.07341
inf
4.97113
4.88379
4.77009
inf
inf
inf
inf
4.91273
inf
4.26127
4.97154
4.16512
inf
4.98878
4.76279
4.46653
4.87651
inf
inf
inf
5.09713
inf
4.42899
inf
4.86799
inf
5.09082
4.55554
4.96368
inf
4.56734
4.26832
inf
5.04144
inf
4.54178
inf
4.67845
4.27026
4.31621
4.81981
5.13212
4.54606
4.28386
4.52959
4.91327
inf
5.01943
4.47472
inf
4.54146
4.99439
4.99292
4.92739
4.62939
4.5728
4.20574
5.10243
4.95861
inf
4.63387
5.07601
4.46895
inf
inf
inf
inf
inf
4.73584
inf
5.09848
inf
4.9769
inf
5.03716
5.13386
inf
4.66468
4.72743
inf
inf
4.79617
4.87742
5.20805
4.40665
inf
inf
inf
4.82365
4.89635
5.28174
5.32149
inf
inf
4.55497
5.42437
4.69902
5.51015
5.06927
4.84479
4.56132
5.12062
4.48511
4.65253
4.68353
5.03205
5.70043
4.79581
5.36968
5.00225
5.04238
4.76533
4.91064
4.99796
4.92366
4.97844
4.87267
4.63424
4.93643
4.72868
4.73398
4.45616
4.45605
