4.77878
4.94549
4.81629
4.70157
4.78006
5.25042
5.07595
4.97108
4.93756
4.86928
4.88621
5.52714
4.6915
5.56414
5.05154
4.86916
5.35611
5.66241
4.6546
4.86875
5.27387
5.2764
5.1783
5.2198
5.56818
5.51841
5.14113
5.03206
4.52366
inf
5.05856
inf
inf
5.0134
4.96396
5.3217
5.39205
4.91915
4.89403
4.51416
inf
4.90806
inf
4.5734
4.80607
5.17762
5.14631
inf
inf
5.25015
5.26034
5.19457
inf
4.74812
inf
inf
inf
5.15925
inf
inf
inf
inf
inf
inf
inf
4.64601
4.63206
4.63365
inf
4.43477
inf
4.66956
inf
inf
inf
inf
4.92978
inf
inf
5.09484
5.01468
4.96017
4.37225
4.93828
inf
4.99077
4.95305
4.51214
5.04031
4.91979
inf
inf
inf
4.95936
5.04262
inf
inf
4.92728
4.58938
inf
inf
5.01713
4.28813
inf
inf
inf
inf
4.47711
inf
inf
inf
inf
inf
inf
inf
inf
inf
inf
inf
inf
4.48617
4.92453
inf
inf
inf
inf
inf
4.89654
4.86949
inf
4.89152
4.9979
inf
inf
4.46506
inf
4.89771
inf
inf
inf
inf
inf
4.88424
4.85065
inf
4.51042
4.94619
inf
5.03229
4.90396
inf
inf
inf
5.04519
inf
4.90212
4.98239
inf
4.87341
5.08502
inf
inf
inf
inf
inf
inf
4.92238
inf
4.93946
inf
inf
5.042
inf
inf
4.99625
inf
5.18468
4.99881
4.99234
4.60841
inf
5.13205
5.01815
5.017
inf
5.19445
inf
5.11876
inf
5.17697
5.26907
5.2155
inf
4.56341
inf
5.31275
4.8825
4.66469
5.35176
inf
inf
5.26963
4.90978
4.94671
5.27507
4.76058
inf
5.13588
inf
5.20651
inf
inf
inf
5.04847
inf
inf
inf
inf
5.03717
5.16381
5.10317
inf
4.96326
inf
4.33601
5.08813
4.98561
5.16995
5.03102
4.91595
inf
inf
inf
inf
inf
inf
4.51202
4.48561
5.0051
inf
inf
inf
4.87548
inf
inf
4.99212
4.89308
4.51038
4.98773
inf
inf
inf
4.96411
4.95296
4.95715
inf
4.9779
inf
inf
inf
inf
4.90838
4.85136
4.93346
4.60847
4.96938
inf
inf
inf
4.86065
inf
inf
4.89521
5.03964
4.29449
inf
inf
5.00228
4.93414
4.99251
inf
inf
4.95838
4.58225
inf
4.58061
inf
inf
inf
4.99463
4.94928
inf
5.02956
4.98464
4.94397
inf
inf
4.65449
4.9734
4.95777
4.90928
inf
5.0683
4.9163
inf
inf
4.93109
5.05209
5.04957
5.04841
5.04143
inf
inf
4.66662
5.05032
5.13568
inf
4.70263
5.02362
inf
inf
inf
inf
5.25842
inf
4.62952
inf
4.24987
4.71364
5.04753
4.69449
inf
inf
4.6924
5.16222
4.68933
5.13799
5.27408
4.78709
inf
4.67325
4.84037
inf
inf
inf
inf
inf
4.70246
4.8129
inf
5.241
inf
inf
5.35993
inf
4.69047
inf
inf
4.97221
5.40573
4.91643
4.73681
4.71324
5.01459
5.41554
inf
5.07391
5.42479
inf
5.15287
inf
inf
5.17155
5.14369
4.91871
4.63814
5.03201
4.82605
5.31642
4.89909
5.75393
5.32421
5.4306
5.40128
4.73334
inf
5.60348
4.74538
4.84965
5.29952
5.15664
5.26598
5.18786
4.90954
4.8069
5.15877
4.84052
4.72872
4.69723
4.60694
