3.4868
3.44637
3.45278
3.5334
3.50354
3.56546
3.63832
3.67892
3.54321
3.5319
3.59817
3.61277
3.62023
3.5948
3.62389
3.48953
3.63191
3.65973
3.521
3.53817
3.6713
3.63782
3.54879
3.59823
3.59485
3.648
3.5486
3.67091
3.60092
3.64353
3.6012
3.6277
3.6169
3.53304
3.51303
3.50039
3.65907
3.54946
3.5995
3.5891
3.48827
3.73216
3.61131
3.74046
3.61749
3.5489
3.67911
3.57305
3.53521
3.46279
3.61201
3.5148
3.58621
3.51235
3.59071
3.5935
3.52192
3.50641
3.47294
3.68232
3.42654
3.47309
3.58727
3.44416
3.52647
3.65599
3.45757
3.55974
3.57124
3.51798
3.5674
3.5752
3.54192
3.53557
3.62966
3.4943
3.59689
3.51763
3.72826
3.72602
3.47938
3.49463
3.39354
3.53357
3.64504
3.46605
3.63173
3.54698
3.46445
3.63776
3.6232
3.65391
3.6121
3.57788
3.60068
3.57065
3.56984
3.47439
3.70927
3.5647
3.5915
3.5844
3.49085
3.44689
3.7105
3.55809
3.55598
3.6735
3.3938
3.5093
3.45996
3.77877
3.61182
3.74534
3.53802
3.66725
3.4821
3.74664
3.73403
3.4434
3.55167
3.49023
3.66376
3.4945
3.68935
3.59237
3.77791
3.63821
3.49726
3.74695
3.54705
3.84491
3.72249
3.61488
3.49775
3.81026
3.57344
3.77715
3.65206
3.66915
3.71386
3.42279
3.77132
3.66274
3.62048
3.60535
3.56286
3.49016
3.54409
3.82963
3.62856
3.4737
3.62014
3.64746
3.52302
3.60704
3.50908
3.83008
3.94181
3.66542
3.54503
3.69738
3.8163
3.64955
3.75494
3.7908
3.73621
3.80064
3.71556
3.55852
3.71548
3.54453
3.9437
3.73165
3.815
3.40223
3.60583
3.62407
3.80426
3.6758
3.70339
3.59254
3.69212
3.61661
3.4857
3.58304
3.50355
3.79227
3.47335
3.62215
3.49524
3.81278
3.55246
3.69165
3.61068
3.69925
3.68561
3.75925
3.56426
3.81606
3.6907
3.51532
3.69455
4.04131
3.91155
3.61277
3.87633
3.77351
4.08329
3.56112
3.56247
3.59493
3.64442
3.89306
3.77561
3.59686
3.60508
3.57289
3.39145
3.55599
3.57213
3.65802
3.49757
3.65567
3.78187
3.62112
3.4256
3.40115
3.70471
3.42867
3.52797
3.54572
3.66424
3.71073
3.69948
3.46211
3.84798
3.40412
3.64065
3.57546
3.7041
3.47058
3.52686
3.93783
3.50735
3.56566
4.14276
3.47178
4.11355
3.84357
3.55029
3.5529
3.57626
3.53679
3.76777
3.56629
3.65764
3.91878
3.81223
3.59533
3.55562
3.45393
3.53922
3.75343
3.67326
3.38515
3.42988
3.62021
3.72695
3.64439
3.57573
3.47638
3.74208
4.0957
3.52461
3.67077
3.80593
3.57144
3.83387
3.85977
3.55153
3.82694
3.81074
3.86082
3.52877
3.32146
3.66763
3.77
4.04452
3.79119
3.31837
3.49047
3.35305
3.78637
3.53163
3.66362
4.2059
4.21977
3.6372
3.63769
3.47157
3.52766
3.53653
3.80687
3.35899
3.54142
3.67025
3.73445
3.78003
3.64957
3.63019
4.03427
3.52889
3.52038
3.96329
3.76382
3.39103
3.88912
3.66812
3.95749
3.63977
3.92335
3.65568
3.60413
3.84101
3.55032
3.74531
3.73733
3.62121
3.84084
3.81527
3.64147
3.95529
3.62651
3.72893
3.50451
3.73835
3.52114
3.79021
3.84535
3.78421
3.87215
3.8006
3.45858
3.68977
3.46964
3.58414
4.00663
3.58809
3.9055
3.58838
3.7719
3.90168
3.87045
3.89339
3.67321
3.63249
3.76778
3.69825
3.4493
3.83162
3.7287
3.85411
3.59213
3.64522
3.63862
3.94817
3.63758
3.48003
3.78918
3.68351
3.43842
3.98242
3.40677
4.15667
3.55519
3.72583
3.48881
4.00716
3.66479
3.63047
3.47176
3.47736
3.71399
3.62198
4.13512
3.9146
3.82419
3.81382
3.60735
4.07578
3.60559
3.62942
3.93039
3.65502
3.41081
3.60081
3.70652
3.83394
3.98683
