4.27802
4.22255
4.26604
4.3196
4.17124
4.23778
4.41296
4.35421
4.46102
4.2719
4.32678
4.43103
4.17641
4.27128
4.24027
4.4716
4.32497
4.5174
4.35835
4.27592
4.21655
4.41756
4.41225
4.40759
4.43833
4.46442
4.67634
4.65957
4.25701
4.21983
4.56199
4.39329
4.20896
4.02093
4.4249
4.13994
4.45871
4.02949
4.36637
4.2428
4.58327
5.08356
4.49967
4.955
4.66866
4.22627
4.26728
4.38877
3.98708
4.30982
4.14959
4.20742
5.3274
4.1466
4.2882
4.17226
4.65121
4.90759
4.48794
4.34831
4.38022
4.10063
4.62234
inf
4.35131
4.44852
4.58087
4.36332
4.08622
4.40559
4.65729
4.21255
3.93471
5.26653
4.05568
4.54619
3.96694
4.0825
4.51806
4.52113
5.20195
4.39959
4.64723
4.46374
4.11324
4.20904
4.02777
inf
4.06075
4.28442
4.15993
4.25841
4.01076
4.12706
3.95752
4.23585
4.59142
5.05902
3.92824
3.94975
4.27255
4.46397
4.73543
3.99086
4.07758
4.46519
4.30727
4.18871
4.06628
4.19689
4.5092
4.31651
4.75664
4.53623
4.53743
4.32691
5.11004
4.52355
4.35713
5.20957
4.28884
4.21567
4.31303
4.27238
4.17212
4.53878
4.18839
4.32337
4.34608
3.97867
4.22566
4.35232
4.57871
4.65261
4.65328
5.32005
4.6575
4.70171
5.22514
4.07051
5.14469
5.10043
4.23324
4.75652
4.39363
4.49857
4.25055
4.03252
4.4086
4.11934
4.35038
4.26384
4.22465
inf
4.71041
4.37132
4.10157
4.08118
4.06653
4.77557
4.16343
4.83017
4.49408
4.29556
4.87655
4.28387
4.8375
4.12718
4.83374
4.53125
4.61737
4.37857
4.65802
3.86531
4.11773
4.85695
4.32618
4.47093
4.29589
4.3192
3.99105
4.43462
4.30701
4.63594
4.41339
4.25024
4.68378
4.53514
4.11591
4.11979
4.28236
4.31909
4.29073
4.10181
4.09425
4.41837
4.56996
4.23136
4.24297
4.2294
4.45576
4.51106
4.30683
4.90861
4.61554
4.45882
4.29613
4.26545
4.53867
4.50205
4.5446
4.95192
4.263
4.19432
4.40561
4.69651
4.49691
4.33394
4.23342
4.20049
4.14911
4.55369
3.97908
4.32906
4.43368
4.28247
4.27153
inf
4.61917
4.33128
5.32186
4.51748
4.22884
4.15998
4.30732
4.22852
4.58696
4.24773
4.29738
5.13969
4.51244
4.06056
4.61046
4.27828
4.73842
4.33166
3.9767
4.08665
4.34797
5.08316
4.41865
4.82971
4.47952
4.43175
4.75746
4.1448
4.42918
4.13679
4.53392
4.11485
5.15109
4.26878
4.07317
4.76109
4.0298
4.04576
4.69432
4.35185
4.51621
4.15148
4.39851
4.44439
3.80551
4.43839
4.68035
4.68296
4.27559
4.68839
4.34301
5.22469
4.00148
3.98537
4.34898
4.11157
4.29961
4.3556
4.15807
3.93493
4.01594
4.74832
4.24656
4.25643
3.83949
4.29512
4.10994
4.12981
4.27656
4.08982
4.74066
4.36656
4.48118
5.07721
4.01147
4.32878
4.49785
3.83679
5.08283
4.30512
4.17607
4.1475
inf
4.45294
4.25287
4.16547
4.77187
4.31526
5.12706
4.73704
4.112
3.89016
4.37919
4.19418
3.84526
4.56859
4.12251
4.70447
4.06445
4.01748
4.53106
3.79955
4.27772
4.10871
5.10725
4.09438
4.22865
4.08992
4.2776
4.17141
4.10034
4.41651
4.37699
4.51256
4.16483
4.21869
4.34791
4.84365
4.17614
4.21438
4.2515
3.93328
4.64422
4.18604
3.99533
4.41664
4.33224
4.4139
4.17839
4.74949
4.33462
4.06804
4.11269
4.54005
4.10474
5.05656
4.30977
4.06585
4.07512
4.24517
4.20441
4.23348
4.11455
4.00277
4.64038
4.08185
4.08796
4.10601
4.094
4.07815
4.46727
4.02995
4.31861
4.22064
4.24235
4.25304
4.11706
4.65663
4.28196
4.10046
4.37056
4.10051
4.25335
4.46134
4.12266
4.44031
4.60669
4.48338
4.47273
4.59711
4.63554
4.54549
