4.12898
4.3225
4.18994
4.28036
4.35637
4.3535
4.30463
4.52877
4.30395
4.40299
4.46504
4.55234
4.63885
4.20131
4.14093
4.40352
4.08664
4.88174
4.18385
4.54743
4.33314
4.591
4.25482
4.36287
4.29085
4.40468
4.59565
4.50581
4.85527
4.38954
4.31997
4.84337
4.33972
inf
4.13832
4.40668
4.49295
4.16399
5.3318
4.19719
4.75477
4.12866
5.19515
4.70486
4.23844
4.60276
4.30737
4.61938
4.38619
4.36995
4.25332
4.27167
4.62846
4.54028
4.47795
4.82199
4.73998
4.75189
4.52428
4.22078
4.48038
4.48231
4.51607
4.55335
4.32776
4.72439
4.10854
4.47449
4.14982
4.22798
4.41127
4.16466
4.60296
inf
5.12041
4.48727
4.49765
4.14687
4.23877
4.20908
4.31664
4.13029
4.0862
4.0645
4.14187
5.14922
4.00512
4.88571
3.84752
4.95277
4.1353
4.55007
3.7576
4.5554
4.22534
4.25118
inf
4.07389
inf
4.65045
4.19334
4.59301
4.5419
4.4687
4.38529
4.39624
4.22763
4.2528
4.2356
5.07299
3.86813
4.21588
4.40815
5.12682
4.43353
4.36777
4.65575
3.7986
4.99424
4.2316
4.10002
4.62877
4.12859
4.19708
4.66225
4.68062
4.35948
4.40474
4.41268
5.0478
4.44344
4.95831
4.48798
3.92299
4.63536
4.07855
4.48661
3.8841
inf
4.57455
4.14625
5.07636
4.75309
4.44208
4.42709
5.12594
4.69718
4.43166
5.14276
4.15241
4.13444
4.82583
4.1682
4.77369
4.33278
4.45639
4.30526
4.1999
4.48107
4.74362
4.4602
4.79917
4.14625
4.70481
4.51206
4.48321
4.81058
4.29144
4.44229
4.81137
4.6229
5.04331
4.4393
4.76551
4.36696
4.05099
4.19672
4.3138
4.20419
5.24725
4.65176
5.2409
4.33492
4.12867
4.68862
4.7001
4.64292
4.45155
5.39332
4.26959
4.93762
4.43494
4.86785
4.13557
5.02939
4.61505
4.36893
5.14595
5.00815
5.09722
4.66474
5.28784
4.48152
4.34061
4.59856
4.74775
4.62179
4.70938
4.55064
4.24335
4.77389
4.5741
4.51072
4.43633
4.65846
4.35808
4.3018
4.27491
5.43478
4.81991
5.27055
4.19258
4.5936
4.45402
4.63758
4.30784
5.27717
4.54632
4.4793
4.70355
4.1178
4.5499
4.21577
5.15736
4.53256
4.76364
5.11659
5.21307
4.43461
4.52884
4.49895
5.2589
4.56875
4.40774
4.36304
5.05734
4.42404
5.10891
5.14754
4.75497
inf
4.68798
4.1088
4.54785
4.12934
4.52958
4.72112
4.02394
4.24308
4.73513
5.14512
5.17209
4.30689
4.30784
4.4639
4.69904
5.06208
4.94627
4.54304
4.36607
4.13993
4.52954
4.77784
3.76052
5.12418
4.15009
4.47328
4.35686
4.34164
4.23871
4.1724
4.48614
4.70758
4.40343
inf
4.34776
inf
4.75878
4.21779
4.5142
4.51606
4.17517
4.46047
5.04358
4.59022
inf
4.42229
4.09417
4.52821
4.14208
4.30587
4.52168
4.54401
4.51595
4.0696
3.83788
4.55495
4.39116
5.14513
4.44294
4.7896
4.33863
4.81941
4.15988
4.53485
5.19106
4.01897
4.11491
4.70306
4.60958
4.07978
5.12807
5.3085
4.48712
4.62191
4.27831
4.25785
4.61109
4.6115
5.1362
4.43029
5.25032
4.41203
4.43604
4.35344
4.1894
4.46098
4.63453
4.9302
4.49737
4.22274
4.39703
4.11817
4.86133
4.34431
4.9217
4.40474
4.9591
4.08608
4.44995
4.29594
4.09905
4.74207
4.92496
4.54534
5.39791
4.33005
4.11682
5.37689
4.609
4.82702
4.51725
4.50694
4.47692
4.88873
4.87289
4.69285
4.74023
5.10481
4.4133
4.61134
4.44328
4.89914
4.5561
4.75185
5.24436
4.3511
4.30173
4.21654
4.49514
4.42475
4.27025
4.74225
4.4927
4.78902
4.43952
4.28823
4.35817
4.55874
4.69684
4.50744
4.53443
4.46758
4.55855
4.69773
4.47384
4.48961
4.47299
4.39941
4.42469
