4.57945
4.39878
4.69811
4.63068
4.4532
4.47938
4.36353
4.61288
4.32807
4.44747
4.58919
4.57285
4.68233
4.9079
4.77376
4.46736
4.94624
4.50656
4.94586
4.77798
4.54082
4.68898
5.20797
4.63007
4.74484
4.59553
4.68296
5.18658
5.12934
4.69672
4.4614
4.65015
4.7787
4.69751
4.79841
5.39493
4.5174
4.56039
4.7261
4.69148
4.73685
4.69028
4.96598
4.89332
5.37875
inf
4.83985
4.96314
5.34256
4.4521
4.43271
inf
5.03788
4.27913
5.11476
inf
inf
4.82307
4.60998
5.23605
5.19648
4.83399
4.70986
5.16105
4.52934
4.49518
4.79276
5.1335
4.29902
4.64077
4.75254
5.18794
5.08929
4.45936
4.33333
4.74839
4.34479
4.42742
inf
5.21916
5.16846
5.01182
4.96685
4.98648
inf
4.44041
inf
4.70982
4.41032
4.43506
5.11918
inf
inf
4.59564
4.9786
4.44517
5.20115
5.13988
4.26061
4.18614
5.09968
inf
5.12359
5.0663
5.04019
4.22278
4.37113
5.2145
4.6158
4.6163
4.67737
4.64688
4.22813
5.0809
4.42482
5.09938
4.71108
4.6545
4.99804
3.99987
inf
4.36922
4.51562
5.11007
5.13191
5.08305
inf
4.66951
4.71228
5.12006
4.67333
4.46294
inf
inf
5.0836
4.4529
4.67683
5.12247
4.37302
4.43686
4.13153
4.58311
4.66269
4.43058
4.79051
inf
4.26664
4.4999
inf
5.08238
5.14596
4.11427
4.63178
4.6687
4.46578
inf
4.71669
5.06071
5.19345
inf
5.13899
inf
5.27131
4.84169
4.80487
4.7364
4.26982
4.58294
5.14334
4.78834
5.27373
4.88069
5.27219
4.05782
4.78879
5.32484
inf
4.62885
4.82068
4.84203
4.40797
inf
4.64134
4.29189
4.85
5.396
5.54633
5.20505
inf
4.71245
4.99412
4.81313
4.74291
4.60627
4.61995
4.51315
4.43795
4.73221
4.72984
4.59417
4.61825
5.61351
4.59818
4.39336
4.74568
5.08239
5.50483
5.38135
4.92856
inf
4.4075
4.70044
4.20022
4.70899
4.85751
5.36014
5.27596
4.51855
4.58194
4.50552
4.87957
4.51577
5.34247
4.86333
4.902
4.53859
4.14365
4.44959
4.09443
4.56593
4.42111
5.11737
4.74121
4.56738
4.8184
4.30871
4.75686
5.24331
inf
5.05372
4.72222
5.06606
inf
4.84929
4.68445
5.22362
4.47345
inf
4.51771
4.76042
inf
5.19986
5.16128
4.50904
inf
4.73409
3.9455
5.01601
4.16755
4.68433
5.21704
5.22363
5.0257
4.24188
4.73429
5.16857
inf
5.24164
4.35318
5.07543
4.43184
5.20084
4.58851
5.28067
4.67906
inf
5.04674
4.75848
4.65091
5.07949
4.71189
4.80476
5.20387
4.64183
4.42643
4.32384
inf
5.1325
4.22174
4.04846
4.75968
5.18114
5.07575
4.48937
4.45504
4.30249
5.15999
5.21428
4.31694
4.10034
4.34401
4.68509
4.08778
5.1844
4.68848
5.20328
4.45238
4.77502
inf
4.41273
4.50489
4.68863
4.68426
inf
5.22823
5.25644
5.07837
4.25544
inf
4.53157
4.5064
4.7918
4.31317
4.34712
inf
4.3477
4.79622
4.35667
inf
inf
inf
4.76632
4.745
4.82934
5.29111
5.32611
4.91642
inf
4.65192
5.25443
4.63166
5.38042
5.35794
4.83875
4.36911
4.27998
inf
4.91431
4.69021
5.41678
4.21328
4.43219
4.73588
4.96219
inf
4.64581
4.58343
5.44376
4.99875
4.42116
4.97999
4.4705
4.97907
4.78677
4.73989
4.55993
5.06492
5.53374
4.47501
4.93535
4.63471
4.73492
5.22627
4.62304
4.94135
4.84322
4.85065
4.62335
4.63343
4.67447
4.57481
4.77767
4.7457
4.59498
5.80836
4.97013
4.86285
4.58967
4.44886
4.82803
4.80379
4.63924
4.61861
4.75402
4.48533
4.69469
4.48991
4.56083
4.46229
4.34539
