4.50987
4.63527
4.81046
4.72814
4.70974
4.99273
4.82398
4.8424
4.98237
4.79401
5.2456
4.66732
4.68062
4.50594
4.89426
4.7895
4.96748
4.38312
4.65073
4.73464
5.04523
4.57564
4.78664
4.39407
4.92221
4.62859
4.71948
4.85702
5.1225
5.0072
5.4286
4.81628
4.98426
4.46533
4.57204
5.42638
4.72907
5.01699
4.72891
5.37226
4.33334
4.43366
5.38637
4.84045
4.61366
4.64618
4.64036
5.26298
inf
4.87262
5.2895
4.71595
4.27772
4.26534
4.57113
4.17217
4.55499
5.15687
inf
5.19262
4.73898
4.68681
5.21216
4.32564
5.20674
5.08528
4.69415
4.72951
5.19517
5.12984
5.01574
4.67057
4.28132
4.47405
4.46909
4.66014
5.03676
4.67337
4.67686
5.09464
5.06531
5.16813
4.4452
4.68841
inf
inf
4.4179
5.09842
4.62134
4.59763
4.60748
4.5309
4.20623
4.66028
4.63415
4.36644
4.3924
5.09065
4.38352
4.65708
4.3048
inf
4.62782
inf
4.9527
5.08605
4.58126
4.31468
4.37409
5.04308
inf
4.34862
inf
4.247
4.98894
4.33537
4.53015
4.22745
5.02523
4.18427
4.54107
4.34597
4.20564
4.58002
4.58302
inf
inf
5.00246
4.34253
4.21819
5.03571
4.61345
4.59371
4.60751
inf
4.21104
5.17374
5.0884
4.67434
inf
5.0107
4.99201
inf
5.01106
4.38909
4.61529
4.98955
4.95729
5.14338
inf
4.4426
5.06604
4.12843
4.64604
4.8091
4.25308
5.21162
4.98874
4.2555
4.68807
4.68133
4.66738
4.70993
4.27506
4.68776
inf
5.09443
5.11614
4.66705
5.12487
4.35862
4.53949
4.54039
4.77277
4.78291
inf
5.16119
5.2877
5.29248
inf
4.83803
inf
4.14625
4.65136
5.19705
4.21217
5.24181
4.3187
4.83956
4.68606
4.50614
5.33946
4.64554
4.92212
4.14212
4.78207
5.02305
4.76317
4.46917
4.40758
4.62759
4.36284
4.50151
4.41632
4.48325
4.54551
4.97621
4.96665
4.39338
5.31012
4.35926
4.63589
4.24561
4.62839
4.61445
5.28946
4.43453
4.83282
4.42016
4.78793
5.02544
4.54296
5.14191
4.73617
4.20502
4.33178
4.76703
4.568
5.14831
4.24066
4.76758
4.75625
4.14178
5.16972
inf
4.74497
5.1417
4.76437
5.1272
3.86321
4.44465
4.74307
5.11967
4.35015
5.17695
4.33514
4.77365
4.51897
4.30014
5.04117
4.45932
inf
4.25553
4.79684
4.4076
4.4617
4.71625
4.42056
4.66489
4.23451
inf
4.70905
5.15337
4.36433
4.31474
4.64551
4.24438
inf
5.16855
4.38121
inf
4.47829
4.66567
4.14844
4.42219
4.67875
4.03132
4.22224
4.44786
4.46459
5.19436
4.94761
4.21454
5.01758
3.94044
inf
5.17427
4.36405
4.64828
5.11654
5.1106
4.18206
4.93266
4.51576
4.0067
inf
inf
4.67279
3.96958
inf
4.47526
4.67398
4.10377
4.54067
4.71533
4.38675
4.37353
inf
4.07099
4.58398
4.07612
4.17131
4.40201
4.47496
4.54191
4.18289
4.41608
4.21512
4.33822
4.31769
4.58112
4.66528
3.86622
3.98087
5.22549
4.78741
4.5276
4.77074
4.34723
4.62526
5.17653
4.25785
4.11099
4.40001
inf
4.95065
4.58339
4.6424
4.42555
4.90662
5.28374
5.35914
4.44886
4.32381
4.904
5.35898
4.68715
4.88654
4.67556
4.89288
4.6526
4.67843
4.66767
4.33796
4.88839
4.23024
4.98455
4.99891
4.5885
4.26355
4.59194
4.64911
4.15027
4.50639
4.46864
4.86216
4.65795
4.84409
4.55341
4.73025
4.64814
4.9118
4.61638
4.10834
4.62526
4.41072
4.75496
4.57799
4.7176
4.89956
4.91193
4.4229
4.53704
4.85266
4.68573
4.57324
5.21278
4.47984
4.93045
4.7696
4.66321
4.68425
4.63367
4.33161
4.50891
4.48487
4.44974
4.2472
4.26529
4.43368
