 8448.266662
 10593.581034
 9837.129359
 7623.924344
 7865.823615
 951.400275
 775.972595
 616.872335
 651.106655
 1181.895568
 951.907194
 973.643176
 666.108273
 808.651470
 584.721955
 2322.940872
 1922.454296
 1524.700403
 1550.644882
 2424.051472
 3033.240189
 2420.145182
 2430.738191
 1925.746862
 2885.008172
 1729.012768
 2001.948159
 1533.921363
 2304.969449
 1670.228205
 1426.426186
 1654.357998
 2430.038164
 2042.920276
 1483.028817
 3812.161596
 3195.305643
 2554.812875
 2514.903952
 4006.263154
 5151.867000
 4034.962834
 3987.261569
 3226.163581
 4759.775934
 2997.137212
 3321.773858
 2554.118646
 3675.502856
 2911.282621
 2338.555790
 2807.599983
 4076.928596
 3471.195896
 2525.454013
 7167.663964
 11723.143211
 8717.376484
 6831.730468
 5871.976553
 4056.834412
 1016.220597
 813.611468
 511.861122
 410.897048
 142.567713
 1130.699232
 1084.548982
 811.363545
 982.386041
 586.475775
 575.527748
 490.983697
 321.262344
 129.876001
 112.957526
 2538.402453
 2037.330990
 1298.666608
 1103.590768
 411.372425
 2588.210101
 3003.144804
 2800.500372
 2106.021230
 2458.146575
 2013.789440
 2937.962790
 1530.860074
 1417.088988
 1234.861583
 1331.218287
 2594.653741
 1468.830499
 859.992436
 348.871257
 1024.035109
 1987.410399
 1435.425190
 840.887540
 327.018690
 387.487241
 2307.354783
 1262.732774
 419.155230
 352.041458
 4263.279162
 3310.454446
 2210.212969
 1959.880179
 897.174139
 4089.353978
 5018.095383
 4379.314696
 3343.191492
 3457.206035
 3213.558153
 5009.439369
 2611.318283
 2265.652306
 1948.925553
 2312.142161
 4149.751685
 2480.499104
 1615.133241
 732.995069
 1773.288212
 3290.204065
 2384.494587
 1502.664039
 717.954775
 893.462498
 3632.933066
 2117.222235
 1030.329928
 885.871524
 1836.410991
 1728.865942
 1736.850626
 1874.538508
 1853.415688
 863.581836
 883.887587
 853.475590
 865.244911
 830.521783
 869.388308
 849.994524
 848.844133
 877.387887
 843.408658
 368.849431
 382.046740
 398.123509
 394.909464
 354.735777
 369.975244
 366.272829
 385.434908
 376.843125
 399.897229
 1794.720246
 1601.974732
 1736.686677
 1866.662293
 1898.230456
 1508.388573
 679.177933
 691.279138
 625.204791
 576.911553
 159.143080
 688.879431
 673.855479
 708.425204
 681.372291
 684.225237
 689.269203
 566.449792
 460.105581
 170.308662
 137.452630
 276.136540
 288.596623
 307.943906
 319.047512
 256.578019
 266.539210
 277.538141
 291.776883
 295.949855
 301.139667
 309.916077
 310.459080
 329.639947
 262.507707
 263.327482
