3.71074
3.73274
3.7337
3.73516
3.74139
3.73791
3.7296
3.73334
3.74509
3.77147
3.72498
3.79719
3.75534
3.76832
3.76487
3.78304
3.78083
3.76904
3.74802
3.77976
3.76909
3.77953
3.74495
3.80094
3.78759
3.77139
3.75957
3.77809
3.77592
3.80223
3.75733
3.72811
3.77048
3.73319
3.76993
3.77308
3.75888
3.7427
3.78427
3.73032
3.77276
3.75487
3.75026
3.79168
3.73996
3.76545
3.73958
3.78284
3.74355
3.75601
3.6732
3.78354
3.78209
3.74458
3.74401
3.749
3.73376
3.75985
3.735
3.75906
3.71435
3.81523
3.74286
3.76323
3.76457
3.7211
3.72089
3.7572
3.80428
3.75402
3.77386
3.71574
3.71687
3.74846
3.78363
3.76658
3.6413
3.7558
3.76326
3.75481
3.69933
3.7711
3.7626
3.75205
3.77074
3.70361
3.74548
3.74582
3.79084
3.70804
3.74518
3.76722
3.69094
3.66222
3.78907
3.77409
3.75467
3.75334
3.7958
3.71222
3.76134
3.71153
3.8193
3.75224
3.71713
3.77219
3.79446
3.65818
3.75739
3.783
3.74723
3.71517
3.7127
3.71801
3.69146
3.73095
3.76655
3.80133
3.69657
3.67709
3.69915
3.71568
3.69631
3.68782
3.68743
3.77311
3.66108
3.72374
3.7614
3.70436
3.8032
3.69312
3.70281
3.72316
3.7957
3.74501
3.70161
3.74862
3.83511
3.69519
3.74561
3.72309
3.73582
3.81444
3.66626
3.70815
3.74076
3.73615
3.84598
3.70854
3.71747
3.78153
3.739
3.71055
3.70624
3.82752
3.78313
3.73637
3.72943
3.83468
3.70085
3.86293
3.78589
3.7446
3.71215
3.72838
3.67641
3.74221
3.73035
3.70627
3.80444
3.78129
3.77671
3.79238
3.74592
3.83911
3.79106
3.73475
3.7178
3.8407
3.7019
3.78243
3.74104
3.77875
3.78588
3.7785
3.76093
3.79434
3.79216
3.81086
3.719
3.81239
3.71258
3.73358
3.8407
3.75341
3.79829
3.82053
3.79348
3.75887
3.78194
3.72242
3.75421
3.77115
3.68972
3.78691
3.76834
3.74035
3.7342
3.71181
3.76349
3.72909
3.73767
3.80107
3.76473
3.73471
3.75005
3.77416
3.68659
3.7114
3.73359
3.8281
3.78264
3.73692
3.68636
3.76326
3.83671
3.75531
3.72721
3.71953
3.71929
3.69519
3.73557
3.8225
3.76444
3.75029
3.72544
3.72139
3.7228
3.79649
3.79791
3.79639
3.69637
3.73485
3.70473
3.85149
3.79113
3.78855
3.65828
3.72812
3.72608
3.88854
3.73442
3.78855
3.70733
3.72875
3.76214
3.67468
3.7623
3.79062
3.76374
3.73587
3.77644
3.7513
3.81762
3.7075
3.84719
3.64965
3.70378
3.7939
3.68803
3.84849
3.7086
3.78848
3.68888
3.81725
3.74044
3.73199
3.77454
3.79917
3.71918
3.80201
3.76946
3.80551
3.69489
3.73793
3.86805
3.68399
3.80095
3.76745
3.70277
3.70244
3.81838
3.6421
3.7285
3.71846
3.74591
3.72684
3.76131
3.80315
3.72788
3.70702
3.76708
3.77813
3.68917
3.79062
3.71912
3.82969
3.79478
3.66834
3.67998
3.73108
3.76529
3.82763
3.63508
3.76601
3.67878
3.73277
3.7536
3.74478
3.71763
3.73609
3.70829
3.77383
3.85606
3.69492
3.77948
3.83468
3.74025
3.68041
3.78269
3.80299
3.67398
3.60878
3.7598
3.73692
3.68459
3.66276
3.72034
3.69679
3.75334
3.80968
3.76428
3.86935
3.67842
3.74467
3.728
3.73232
3.7414
3.83876
3.66933
3.78399
3.81037
3.68679
3.7112
3.71353
3.66852
3.77794
3.75601
3.65168
3.70022
3.72211
3.74945
3.74629
3.70948
3.68755
3.81476
3.72158
3.73427
3.77227
3.81304
3.70907
3.75712
3.74688
3.80736
3.70187
3.67773
3.75984
3.71285
3.67996
3.70672
3.75865
3.73607
3.79556
3.7681
3.77879
3.77618
3.84929
3.80467
3.69616
3.84595
3.7283
3.79928
3.82917
3.77791
3.78361
3.77631
3.78101
3.77159
3.78076
