4.66296
4.60361
4.5341
4.5346
4.51101
4.55515
4.52595
4.60119
4.55184
4.47771
4.48354
4.47852
4.45414
4.46512
4.48023
4.50468
4.44242
4.54998
4.52129
4.49766
4.4261
4.3938
4.43076
4.45577
4.48244
4.55256
4.42229
4.46266
4.55259
4.44828
4.45878
4.65207
4.40849
4.44995
4.46832
4.48212
4.4259
4.44577
4.4373
4.53522
4.39171
4.50019
4.4959
4.56517
4.5735
4.60478
4.55213
4.44585
4.61154
4.58965
4.46276
4.62796
4.43876
4.67579
4.60872
4.42305
4.42807
4.58323
4.52789
4.48535
4.50929
4.43673
4.44872
4.43601
4.51166
4.47332
4.53773
4.5191
4.47487
4.51951
4.54504
4.53065
4.34216
4.49176
4.47356
4.50695
4.54087
4.67964
4.63486
4.52397
4.59494
4.55108
4.58777
4.702
4.51204
4.45918
4.45879
4.49719
4.5604
4.54264
4.38977
4.44223
4.48917
4.47
4.43266
4.60464
4.43566
4.55424
4.45698
4.54811
4.38672
4.49268
4.37989
4.37354
4.42202
4.49005
4.5454
4.56461
4.65923
4.37205
4.41491
4.5009
4.5454
4.58882
4.5597
4.50632
4.39257
4.50291
4.39467
4.50375
4.37127
4.61187
4.55152
4.45004
4.46009
4.55141
4.52137
4.58635
4.43014
4.66902
4.51809
4.44807
4.5715
4.8232
4.44851
4.35282
4.52267
4.53415
4.37939
4.53375
4.56097
4.52631
4.49371
4.5849
4.53968
4.43871
4.42109
4.48621
4.38235
4.51392
4.42897
4.55611
4.51458
4.51016
4.41631
4.52284
4.65049
4.50326
4.68749
4.45254
4.53159
4.38559
4.28962
4.50285
4.74903
4.42607
4.51828
4.49077
4.5348
4.34754
4.63328
4.49739
4.50888
4.50416
4.59389
4.42287
4.54245
4.37812
4.64807
4.54196
4.5209
4.51991
4.57125
4.58159
4.37664
4.64644
4.54971
4.53114
4.33205
4.53773
4.36236
4.45332
4.36565
4.42212
4.54067
4.44133
4.47875
4.47197
4.53497
4.57898
4.4961
4.49362
4.43411
4.45282
4.46504
4.42664
4.61245
4.59545
4.46294
4.41159
4.42727
4.40244
4.48057
4.4106
4.58135
4.68239
4.51011
4.51944
4.5251
4.4473
4.42476
4.65075
4.68092
4.39833
4.4904
4.57069
4.48758
4.51206
4.38314
4.47816
4.41828
4.44794
4.37015
4.4032
4.52817
4.6217
4.51043
4.67804
4.37897
4.76094
4.40072
4.60383
4.52502
4.57048
4.46253
4.61207
4.58894
4.34516
4.45719
4.36794
4.43648
4.56055
4.3888
4.41609
4.42723
4.62098
4.6363
4.62019
4.48463
4.42169
4.4795
4.54998
4.42966
4.5614
4.69763
4.53812
4.41141
4.42819
4.69366
4.63772
4.62008
4.26669
4.56143
4.47447
4.49775
4.39442
4.53619
4.56213
4.51057
4.41673
4.62835
4.49189
4.48933
4.54482
4.65382
4.62702
4.6328
4.45413
4.3597
4.57852
4.47343
4.4285
4.59988
4.44688
4.37803
4.40792
4.43104
4.64638
4.61957
4.61436
4.53146
4.46805
4.50212
4.57941
4.65461
4.70311
4.50396
4.45576
4.49125
4.63457
4.62327
4.57304
4.61748
4.49442
4.47443
4.45323
4.39408
4.70476
4.6044
4.62346
4.64974
4.43061
4.61217
4.56926
4.60872
4.61877
4.65933
4.65998
4.48386
4.62337
4.59901
4.53625
4.4209
4.5555
4.72106
4.56605
4.62374
4.57902
4.3933
4.58583
4.46724
4.63787
4.3437
4.45841
4.29025
4.54774
4.51465
4.51382
4.61099
4.55062
4.40935
4.56413
4.62291
4.37153
4.40985
4.41513
4.63915
4.39717
4.54501
4.46128
4.43561
4.51609
4.48579
4.36933
4.51734
4.43689
4.40612
4.53939
4.46825
4.45981
4.54028
4.42948
4.46004
4.3789
4.44857
4.45769
4.47158
4.44808
4.48315
4.40071
4.42858
4.3586
4.43964
4.43317
4.45417
4.42185
4.49131
4.47613
4.53347
4.45032
4.44641
4.44043
4.42767
4.45895
4.52153
4.41837
4.48656
4.53755
4.50012
4.59856
