4.71143
4.64769
4.61815
4.64657
4.61693
4.59621
4.61921
4.51618
4.55403
4.57024
4.48661
4.57336
4.6225
4.62778
4.55615
4.4846
4.44148
4.6352
4.49332
4.53957
4.50479
4.51149
4.55759
4.48885
4.58939
4.61906
4.57533
4.47401
4.48859
4.52876
4.60412
4.57947
4.55002
4.59867
4.49132
4.6493
4.61108
4.68228
4.38295
4.577
4.5789
4.54929
4.59728
4.6904
4.6178
4.70744
4.55316
4.6698
4.59176
4.67797
4.59392
4.52447
4.51339
4.57352
4.67371
4.52883
4.63942
4.522
4.70009
4.63563
4.65685
4.57921
4.58343
4.47764
4.4686
4.4266
4.48462
4.47064
4.61948
4.68792
4.50425
4.4671
4.51383
4.62631
4.69982
4.58142
4.6815
4.74933
4.45086
4.59736
4.49621
4.68065
4.57438
4.59014
4.56535
4.60066
4.68504
4.61765
4.37844
4.49906
4.72738
4.60379
4.62164
4.60129
4.53251
4.47036
4.51324
4.29232
4.7113
4.55462
4.6788
4.50989
4.59418
4.524
4.59202
4.68314
5.08713
4.61756
4.63065
4.44904
4.36355
4.38344
4.49181
4.7447
4.72484
4.61593
4.63575
4.60572
4.56697
4.49426
4.54153
4.71286
4.61026
4.4864
4.63567
4.75088
4.40101
4.69927
4.63717
4.60924
4.63858
4.52535
4.52034
4.51358
4.60735
4.55192
4.64691
4.52626
4.48073
4.64603
4.77068
4.40258
4.62267
4.49395
4.46775
4.72204
4.60429
4.64383
4.72878
4.71227
4.68111
4.51388
4.55743
4.47533
4.37402
4.60311
4.47019
4.69323
4.53494
4.59348
4.62491
4.56135
4.52221
4.59576
4.52504
4.65532
4.37748
4.6682
4.81118
4.48069
4.65388
4.60545
4.70265
4.55209
4.60092
4.52507
4.60633
4.66624
4.65993
4.55243
4.53234
4.56784
4.63046
4.63994
4.64915
4.52198
4.61954
4.53704
4.64757
4.51821
4.60179
4.60495
4.5478
4.53273
4.66319
4.60633
4.49242
4.48141
4.55464
4.55858
4.67314
4.63475
4.52025
4.53344
4.69256
4.73355
4.70372
4.55744
4.47003
4.7687
4.41363
4.53579
4.49791
4.7773
4.66025
4.55372
4.62493
4.52575
4.47449
4.48104
4.53071
4.44279
4.57411
4.63757
4.59854
4.45418
4.61479
4.63106
4.45244
4.54488
4.71122
4.58997
4.70908
4.44257
4.55043
4.68027
4.68463
4.37378
4.519
4.52129
4.58463
4.6231
4.54667
4.8812
4.55842
4.61538
4.41434
4.69693
4.66542
4.70433
4.60363
4.48804
4.5611
4.52184
4.50782
4.59224
4.58961
4.74007
4.59196
4.88782
4.5357
4.60662
4.48464
4.53577
4.3128
4.65368
4.66199
4.59619
4.57793
4.38947
4.52079
4.56494
4.84307
4.58682
4.46824
4.40196
4.51481
4.7027
4.64471
4.4725
4.68419
4.75713
4.45924
4.48654
4.46014
4.55976
4.57108
4.62219
4.88015
4.38233
4.41648
4.60694
4.78229
4.44076
4.38512
4.38984
4.54203
4.70714
4.61457
4.41383
4.43873
4.51607
4.68909
4.45128
4.44818
4.44519
4.508
4.57981
4.50064
4.6449
4.40167
4.58697
4.60365
4.56476
4.53238
4.44549
4.64942
4.57073
4.66436
4.57592
4.46688
4.65827
4.50629
4.39255
4.46713
4.38008
4.5477
4.50052
4.53288
4.52252
4.46249
4.65107
4.40184
4.48864
4.48555
4.696
4.59827
4.66393
4.49747
4.67524
4.46799
4.73326
4.41043
4.55897
4.7225
4.70126
4.62006
4.61479
4.57525
4.51967
4.56518
4.67496
4.70446
4.65098
4.48319
4.56382
4.58614
4.54246
4.59123
4.61007
4.68934
4.50441
4.62632
4.67515
4.52154
4.68059
4.70158
4.5222
4.69777
4.53858
4.58618
4.5232
4.59448
4.60825
4.57644
4.66027
4.56547
4.56862
4.5786
4.66091
4.63924
4.53646
4.44133
4.59694
4.68002
4.52274
4.5005
4.57571
4.57911
4.55697
4.52591
4.5046
4.51115
4.50561
4.56895
4.5618
4.56483
4.53014
4.56639
4.53437
