4.66774
4.68145
4.63279
4.63351
4.6363
4.57572
4.62999
4.56951
4.618
4.61939
4.60925
4.63636
4.54745
4.67206
4.58852
4.65062
4.49147
4.60871
4.53616
4.53882
4.53167
4.60685
4.52143
4.64352
4.64311
4.54282
4.57233
4.5208
4.52673
4.54219
4.64836
4.68408
4.48765
4.44462
4.49436
4.69172
4.48245
4.66332
4.48954
4.4817
4.55065
4.66593
4.4855
4.66341
4.48981
4.69221
4.62951
4.46895
4.50766
4.70754
4.5286
4.65179
4.46045
4.60095
4.62288
4.57985
4.30544
4.53702
4.62636
4.59636
4.45226
4.52005
4.45081
4.49376
4.47773
4.49791
4.81724
4.53531
4.6949
4.50524
4.52725
4.515
4.53846
4.58799
4.59999
4.5175
4.42514
4.58203
4.64045
4.43116
4.66913
4.53331
4.64853
4.37987
4.52771
4.67469
4.52056
4.69746
4.73736
4.72416
4.51733
4.49669
4.77307
4.60104
4.48287
4.92921
4.7134
4.60451
4.60397
4.57861
4.76662
4.58294
4.65282
4.54401
4.60653
4.74041
4.80583
4.61744
4.68117
4.61165
4.52899
4.67559
4.76203
4.50422
4.52754
4.64922
4.64975
4.90403
4.54992
4.72095
4.53663
4.64729
4.54515
4.5126
4.59414
4.54111
4.5315
4.61197
4.70379
4.64725
5.00549
4.63002
4.50744
4.68414
4.40257
4.55768
4.44583
4.49221
4.77378
4.50822
4.5712
4.4405
4.48324
4.40474
4.67335
4.58214
4.64576
4.72179
4.74673
4.52278
4.56763
4.53462
4.76403
4.7679
4.52665
4.77856
4.80166
4.60885
4.52709
4.50377
4.55864
4.60917
4.54983
4.58442
4.72645
4.4316
4.56855
4.50586
4.61117
4.58819
4.46899
4.63611
4.42495
4.68126
4.68797
4.86289
4.41211
4.62689
4.84562
4.5556
4.78308
4.71328
4.62529
4.72913
4.52861
4.73415
4.77952
4.50533
4.52303
4.67064
4.65127
4.65983
4.55695
4.39767
4.66419
4.55894
4.68111
4.57703
4.62112
4.61822
4.63526
4.5541
4.52022
4.5554
4.44598
4.62599
4.74695
4.61487
4.71405
4.50993
4.59333
4.77162
4.70126
4.4889
4.66742
4.67155
4.56196
4.62269
4.48327
4.47659
4.53536
4.74011
4.60681
4.66663
4.72405
4.72994
4.77651
4.43727
4.5793
4.73365
4.69562
4.60337
4.54046
4.59895
4.60208
4.64725
4.5753
4.53429
4.78986
4.53876
4.46751
4.66462
4.59364
4.8104
4.53179
4.68032
4.78166
4.42876
4.54893
4.57551
4.66899
4.81243
4.9364
4.72782
4.55612
4.46503
4.60141
4.75135
4.50353
4.59043
4.55428
4.52359
4.50117
4.65777
4.78901
4.52435
4.44766
4.69897
4.44181
4.55658
4.63544
4.85348
4.7669
4.76773
4.64821
4.54011
5.03863
4.50013
4.76753
4.73745
4.6445
4.4749
4.48479
4.63426
4.55045
4.4146
4.67619
4.68465
4.9436
4.64911
4.54877
4.71941
4.4732
4.50479
4.56028
4.78476
4.34009
4.48703
4.50605
4.38742
4.53501
4.60988
4.54032
4.67307
4.54033
4.37987
4.45464
4.75317
4.46392
4.4905
4.60923
4.58029
4.46829
4.7118
4.54902
4.40058
4.77195
4.61306
4.61029
4.6363
4.55733
4.44178
4.63763
4.70183
4.67799
4.40181
4.52776
4.57061
4.43268
4.44914
4.63445
4.45786
4.67146
4.66062
4.44542
4.56226
4.69678
4.52612
4.57705
4.55172
4.67761
4.50762
4.53897
4.44552
4.50312
4.38433
4.50533
4.60003
4.423
4.6075
4.61585
4.49915
4.40656
4.56862
4.5496
4.67725
4.57203
4.53931
4.45826
4.57186
4.63871
4.54635
4.53066
4.73832
4.50724
4.46732
4.61868
4.46001
4.62043
4.62507
4.54697
4.6155
4.49843
4.63349
4.54625
4.55248
4.63708
4.69055
4.59744
4.66131
4.55208
4.65616
4.56885
4.56513
4.67931
4.69033
4.62572
4.55384
4.59649
4.54529
4.64615
4.64407
4.66931
4.55961
4.56843
4.62865
4.54078
4.5034
4.50553
4.53348
