4.64171
4.67753
4.68797
4.67887
4.64894
4.7415
4.6409
4.70395
4.70001
4.71372
4.63975
4.62624
4.75629
4.56942
4.7055
4.68867
4.80854
4.7613
4.61341
4.61278
4.58846
4.766
4.59314
4.68801
4.71529
4.68932
4.61137
4.73808
4.67737
4.65706
4.56501
4.73924
4.54502
4.80159
4.74471
4.66656
4.7579
4.89039
4.68741
4.79395
4.54976
4.59158
4.64442
4.54373
4.61697
4.53566
4.62245
4.7331
4.70506
4.70407
4.63534
4.74481
4.76798
4.64759
4.69343
4.95115
4.58794
4.53333
4.57753
4.91799
4.73978
4.72636
4.71257
4.66095
4.55917
4.68558
4.64677
4.79437
4.6956
4.69102
4.75031
4.75612
4.60654
4.54081
4.59133
4.64236
4.38972
4.53176
4.43817
4.61716
4.80431
4.46542
4.68497
4.6081
4.73005
4.59256
4.73155
4.63448
4.95763
4.49419
4.65967
4.62324
4.60094
4.68324
4.8045
4.59433
4.84494
4.55324
4.79825
4.56183
4.66232
4.78149
4.71935
4.60905
4.83986
4.68344
4.81682
4.78836
4.74977
4.51871
4.59529
4.62427
4.54668
4.53389
4.68622
4.50163
4.58407
4.58679
4.63623
4.79663
4.65449
4.49654
4.50706
4.53822
4.66264
4.60045
4.70395
4.52302
4.83793
4.55854
4.66528
4.48158
4.57254
4.64476
4.64515
4.63391
4.65603
4.55661
4.55985
4.5478
4.5759
4.58862
4.8166
4.78797
4.6325
4.55263
4.69205
4.7273
4.66039
4.59446
4.59487
4.59228
4.51511
4.57327
4.55808
4.70999
4.67136
4.61291
4.69367
4.67161
4.77616
4.69446
4.46077
4.80842
4.6002
4.67456
4.69491
4.5067
4.74878
4.63179
4.49489
4.7648
4.81269
4.64958
4.58134
4.54791
4.66429
4.58354
4.53742
4.70876
4.77089
4.67088
4.71139
4.69251
4.53073
4.66549
4.56679
4.69691
4.70276
4.6206
4.6148
4.73116
4.66045
4.69167
4.8677
4.66148
4.55288
4.63299
4.67385
4.6488
4.63686
4.62248
4.64077
4.83216
4.57058
4.61311
4.81063
4.71312
4.5965
4.68403
4.92329
4.78082
4.73831
4.71386
4.76818
4.50881
4.5592
4.73469
4.75608
4.64059
4.50432
4.76015
4.63577
4.67183
4.68545
4.57898
4.8464
4.62008
4.70039
4.70429
4.57159
4.59968
4.78489
4.60305
4.76244
4.66837
4.76096
4.81699
4.69023
4.66323
4.59654
4.77283
4.75116
4.61451
4.74837
4.62477
4.70855
4.63765
4.53936
4.65666
4.77581
5.01464
4.62557
4.35268
4.7267
4.63673
4.57263
4.46768
4.81731
4.68304
4.54211
4.58984
4.72936
4.60725
4.52518
4.51544
4.61255
4.69707
4.60543
4.67914
4.57261
4.75005
4.51549
4.54726
4.59873
4.5752
4.6185
4.69654
4.80976
4.82906
4.6815
4.49084
4.68202
4.56228
4.81608
4.77841
4.66637
4.91235
4.49108
4.4904
4.7045
4.60741
4.65114
4.66198
4.61894
4.73257
4.92547
4.67901
4.73781
4.58979
4.67381
4.66661
4.604
4.48709
4.74859
4.81267
4.5968
4.54811
4.43918
4.37337
4.70086
4.50107
4.57054
4.58117
4.62867
4.53149
4.78213
4.6469
4.63956
4.75212
4.9632
4.59275
4.59455
4.75993
4.83613
4.73694
4.90005
4.64811
4.68759
4.61105
4.60488
4.56433
4.67972
4.76987
4.65884
4.68214
4.78903
4.69357
4.79074
4.60182
4.55109
4.52294
4.70733
4.56517
4.71535
4.68748
4.78821
4.55654
4.81427
4.72307
4.81342
4.60847
4.70949
4.82983
4.82582
4.81281
4.62023
4.81193
4.62932
4.76054
4.70742
4.6515
4.72909
4.61334
4.65356
4.63451
4.64199
4.66949
4.95182
4.7491
4.78072
4.62561
4.76088
4.84535
4.83724
4.72914
4.73628
4.81029
4.76696
4.60591
4.77741
4.65291
4.8146
4.72527
4.83849
4.72099
4.732
4.70891
4.77615
4.69321
4.7809
4.70808
4.77811
4.69987
4.70569
4.64267
4.58028
4.5953
4.62483
4.55015
