4.64639
4.64852
4.62247
4.6595
4.62674
4.61837
4.58374
4.66004
4.61521
4.6077
4.55876
4.57116
4.59105
4.61832
4.53358
4.64874
4.60081
4.58027
4.57475
4.62959
4.48598
4.70496
4.73053
4.5828
4.56755
4.64994
4.61384
4.73666
4.6234
4.59571
4.60641
4.58944
4.70168
4.79127
4.60256
4.62796
4.68131
4.62408
4.68793
4.65816
4.7284
4.73993
4.51118
4.58794
4.50803
4.5371
4.51269
4.62802
4.77115
4.63845
4.49268
4.82132
4.64541
4.60199
4.70117
4.70178
4.66805
4.58524
4.7026
4.6602
4.61642
4.79739
4.74973
4.69653
4.63792
4.60863
4.557
4.63961
4.58295
4.58373
4.73113
4.65138
4.98395
4.67217
4.6803
4.62405
4.70698
4.57791
4.61685
4.69924
4.93547
4.55246
4.63617
4.5868
4.83191
4.78788
4.46336
4.80452
4.78164
4.77408
4.56198
4.66002
4.49775
4.86294
4.67887
4.65437
5.05175
4.77541
4.44968
4.47892
4.61075
4.58138
4.61341
4.69587
4.64736
4.65076
4.727
4.56423
4.89099
4.5899
4.72555
4.65974
4.56352
4.78867
4.54166
4.64705
4.51794
4.48982
4.59264
4.70833
4.48911
4.6926
4.72991
4.61796
4.77893
4.66716
4.68009
4.74772
4.58127
4.63989
4.51609
4.51249
4.5189
4.61631
4.52831
4.81763
4.41043
4.63288
4.67342
4.61808
4.47761
4.77522
4.57054
4.78018
4.71742
4.6849
4.55479
4.55744
4.70895
4.66799
4.78273
4.49309
4.65008
4.45527
4.72119
4.62077
4.61241
4.77919
4.72356
4.52654
4.63908
4.5959
4.56194
4.6488
4.88754
4.72941
4.57644
4.69066
4.51583
4.69243
4.65341
4.52338
4.54833
4.58579
4.67145
4.5118
4.68113
4.63313
4.6955
4.5374
4.79645
4.66859
4.44664
4.66927
4.57513
4.6572
4.74941
4.77392
4.6483
4.63435
4.50896
4.70029
4.51211
4.71692
4.44716
4.60793
4.70298
4.59642
4.6047
4.55593
4.63857
4.58893
4.6092
4.70382
4.64727
4.77233
4.72392
4.5741
4.54894
4.61817
4.63162
4.76176
4.87596
4.59376
4.60181
4.64196
4.78506
4.58827
4.71633
4.53588
4.64265
4.97655
4.79148
4.62417
4.69095
4.7386
4.69023
4.70351
4.6806
4.95848
4.81885
4.72094
4.61465
4.67553
4.53078
4.52851
4.65029
4.69971
4.54262
4.50562
4.65502
4.53563
4.5166
4.60814
4.66356
4.93641
4.65562
4.72925
4.79535
4.48428
4.59856
4.62347
4.71608
4.77553
4.41412
4.70832
4.77906
4.65983
4.74395
4.70196
4.65639
4.92985
4.7021
4.60794
4.45334
4.55877
4.61737
4.73645
4.50488
4.75403
4.45423
4.59054
4.66673
4.79288
4.42355
4.55064
4.56101
4.62462
4.66072
4.55353
4.39994
4.44532
4.54524
4.5098
4.4196
4.7147
4.57699
4.65507
4.4572
4.75053
4.51947
4.94106
4.54169
4.6371
4.58126
4.44185
4.40714
4.80194
4.42213
4.5681
4.68484
4.49131
4.59584
4.42729
4.71245
4.6151
4.663
4.42089
4.48855
4.42152
4.49957
4.46035
4.71639
4.52437
4.75929
4.51797
4.54399
4.68362
4.61549
4.5551
4.60103
4.5617
4.65667
4.59275
4.81903
4.58489
4.66001
4.65495
4.71468
4.54751
4.53839
4.6451
4.60174
4.61236
4.43539
4.49876
4.4811
4.61593
4.47563
4.58387
4.48707
4.68583
4.53427
4.57075
4.447
4.73855
4.57351
4.76408
4.63843
4.58651
4.58863
4.51641
4.58455
4.65473
4.56111
4.7085
4.46296
4.55255
4.55872
4.5502
4.67915
4.5836
4.65194
4.44664
4.57074
4.74054
4.72933
4.72877
4.82336
4.66368
4.63467
4.58871
4.66193
4.65738
4.706
4.59065
4.73111
4.6833
4.66804
4.61403
4.74277
4.71576
4.59397
4.66046
4.63085
4.64548
4.6282
4.72239
4.57443
4.63664
4.65397
4.66832
4.71161
4.63203
4.59268
4.64768
4.57191
4.60696
4.57294
4.58872
