4.60201
4.64704
4.68213
4.63819
4.68543
4.74221
4.69444
4.71578
4.81696
4.72573
4.76614
4.74545
4.69901
4.70411
4.7051
4.64186
4.77693
4.61683
4.78524
4.95087
4.73842
4.64833
4.73357
4.61441
4.79994
4.78113
4.70743
4.6949
4.62388
4.79032
4.79619
4.60581
4.79357
4.60907
4.63733
4.74598
4.68564
4.62078
4.79478
4.7103
4.67525
4.64708
4.61923
4.60049
4.77549
4.7259
4.84678
4.65857
4.52308
4.82652
4.78204
4.56238
4.80959
4.72681
5.10902
4.59178
4.63808
4.66718
4.5138
4.81211
4.91888
4.81069
4.77715
4.69511
4.93855
4.72165
4.60875
4.77439
4.89322
4.68514
4.62118
4.60873
4.92686
4.66289
4.80154
4.82463
4.45789
4.60897
4.68839
4.68852
4.64881
4.89901
4.75846
4.65459
4.74485
4.50565
4.52292
4.59816
4.63446
4.72323
4.5908
4.85199
4.50568
4.63295
4.48788
4.55592
4.5755
4.58486
4.69503
4.6247
4.93305
4.7466
4.7347
4.7796
4.59839
4.69623
4.57722
4.62317
4.52179
4.66248
4.52653
4.54633
4.7036
4.71911
4.6788
4.66501
4.7471
4.6347
4.50248
4.68697
4.76675
4.66709
4.4921
4.81202
4.53435
4.77003
4.64951
4.791
4.55617
4.70551
4.51698
4.48557
4.61867
4.68763
4.70023
4.72352
4.99892
4.76772
4.83167
4.7266
4.68648
4.70449
4.64416
4.37485
4.71545
4.62083
4.6919
4.78299
4.67608
4.63888
4.54496
4.65135
4.61686
4.71655
4.6082
4.7181
4.67529
4.97443
4.63456
4.66751
4.59298
4.63148
4.61766
4.78721
4.70941
4.58621
4.80488
4.84442
4.70693
4.68146
4.50236
4.58082
4.66619
4.71723
4.64035
4.79538
4.64603
4.95064
4.74248
4.68206
4.63761
4.63368
4.77994
4.69819
4.79855
4.53459
4.65141
4.82437
4.69992
4.66374
4.71056
4.764
4.69083
4.80303
4.73047
4.66854
4.81389
4.75015
4.7008
4.73442
4.77939
4.5909
4.80457
4.65894
4.79374
4.81748
4.63892
4.71546
4.79863
4.61978
4.59483
4.83397
4.7357
4.62656
4.87206
4.9243
4.56192
4.6729
4.91025
4.54225
4.67144
4.77006
4.7805
4.84254
4.70805
4.67218
4.7637
4.63451
4.83151
4.69079
4.87529
4.55739
4.72665
4.70932
4.64241
4.83814
4.72877
4.58786
4.77089
4.65976
4.80757
4.95038
4.61019
4.68526
4.62849
4.66308
4.76257
4.78288
4.54669
4.53479
4.75274
4.71429
4.55935
4.88286
4.84002
4.82425
4.9492
4.70742
4.7334
4.67251
4.86545
4.56781
4.65421
4.5531
4.72529
4.88707
4.96161
4.63947
4.60144
4.88314
4.71254
4.77929
4.56027
4.70759
4.60272
4.39179
4.61669
4.63047
4.79355
4.75698
4.81692
4.57154
4.50847
4.72782
4.67931
4.69158
4.69529
4.81726
4.77786
4.90123
4.70697
4.49407
4.56664
4.65995
4.6091
4.5086
4.60193
4.72678
4.6689
4.52089
4.61316
4.72801
4.79356
4.31523
4.57396
4.66804
4.8313
4.58966
4.73897
4.61977
4.57121
4.45675
4.72732
4.5759
4.55102
4.78801
4.80209
4.53579
4.69445
4.66748
4.79591
4.52776
4.64662
4.6422
4.79538
4.52958
4.61223
4.6585
4.79516
4.68685
4.6999
4.61759
4.60471
4.61769
4.65056
4.90761
4.80989
4.55499
4.47075
4.61973
4.53881
4.68907
4.56247
4.62494
4.58806
4.64019
4.58558
4.54714
4.68244
4.69374
4.68725
4.68597
4.58442
4.83149
4.6165
4.59891
4.8291
4.65999
4.69136
4.78475
4.83118
4.89968
4.72018
4.73035
4.64351
4.86181
4.55882
4.64129
4.67084
4.74379
4.8052
4.70792
4.70499
4.82262
4.62714
4.73826
4.64887
4.66403
4.72463
4.70062
4.67792
4.71141
4.7581
4.77309
4.74589
4.77086
4.73932
4.79049
4.76444
4.68006
4.73261
4.69171
4.80356
4.73417
4.70423
4.70193
4.68648
4.6962
4.66255
4.63059
