3.80947
3.77142
3.74387
3.71757
3.70807
3.69818
3.7054
3.67362
3.68523
3.69669
3.64831
3.69868
3.66733
3.68722
3.6694
3.70829
3.63109
3.67555
3.66682
3.63835
3.64741
3.64831
3.64717
3.62588
3.68412
3.72403
3.69076
3.69058
3.68013
3.64068
3.73212
3.69523
3.63763
3.65063
3.64538
3.71608
3.70221
3.70326
3.74668
3.64311
3.66253
3.66594
3.71685
3.72797
3.67485
3.66199
3.67537
3.71067
3.70912
3.74036
3.71305
3.69109
3.7357
3.73401
3.66401
3.71596
3.60928
3.63316
3.64579
3.72878
3.72507
3.67583
3.66691
3.7026
3.71201
3.64385
3.74465
3.67134
3.73915
3.70926
3.70852
3.67471
3.64722
3.70777
3.7391
3.73244
3.67505
3.73459
3.75308
3.66513
3.64979
3.70192
3.66471
3.78536
3.69984
3.73109
3.69893
3.63323
3.7115
3.70848
3.68693
3.73018
3.64731
3.6101
3.68422
3.64287
3.74093
3.76916
3.7802
3.66757
3.68069
3.63747
3.67591
3.77422
3.80284
3.74696
3.71873
3.71986
3.66868
3.66919
3.72053
3.72522
3.73594
3.70997
3.76946
3.74884
3.73228
3.72244
3.74801
3.66945
3.67007
3.68767
3.71479
3.66271
3.68862
3.69262
3.72779
3.71114
3.67033
3.77831
3.68274
3.69611
3.66881
3.70856
3.67394
3.65783
3.68634
3.71164
3.66893
3.6363
3.67822
3.69737
3.76022
3.70528
3.66537
3.72292
3.68523
3.67977
3.72635
3.69575
3.77181
3.69654
3.67629
3.76264
3.66724
3.63868
3.63256
3.71804
3.6771
3.68642
3.73159
3.66468
3.6798
3.71094
3.66145
3.70108
3.61848
3.67441
3.68409
3.69924
3.67047
3.71438
3.69024
3.68463
3.67609
3.69586
3.72981
3.72191
3.64645
3.69826
3.69757
3.64361
3.70499
3.68913
3.63486
3.78321
3.73752
3.69174
3.67474
3.74596
3.70298
3.70093
3.64995
3.70828
3.71886
3.6511
3.69737
3.62946
3.63289
3.64395
3.69789
3.7697
3.64535
3.6348
3.66975
3.64682
3.72406
3.75734
3.67636
3.67936
3.65163
3.72094
3.68703
3.63975
3.64709
3.65404
3.63329
3.6333
3.60947
3.70888
3.71344
3.73309
3.66425
3.63403
3.63801
3.61992
3.68471
3.62841
3.71041
3.61212
3.71079
3.65552
3.64896
3.64508
3.61154
3.57446
3.67092
3.60193
3.65912
3.73967
3.70294
3.73183
3.66238
3.72172
3.67783
3.72136
3.58682
3.83324
3.67997
3.69251
3.69598
3.76589
3.67797
3.62192
3.71094
3.59011
3.69531
3.66479
3.66623
3.6743
3.65471
3.75088
3.66483
3.69099
3.63577
3.64667
3.65775
3.7122
3.67464
3.78376
3.66877
3.64313
3.72291
3.62757
3.64674
3.61419
3.67273
3.56175
3.63675
3.65287
3.58093
3.74064
3.65097
3.57556
3.62842
3.60834
3.61943
3.73417
3.69509
3.70792
3.60249
3.63304
3.5514
3.63827
3.68261
3.76714
3.67715
3.62066
3.656
3.7071
3.79245
3.75071
3.70052
3.66099
3.66148
3.68093
3.75841
3.67051
3.70869
3.8482
3.63364
3.63907
3.67796
3.66235
3.64675
3.61023
3.73654
3.76778
3.69667
3.78873
3.74127
3.64946
3.66417
3.63588
3.63581
3.59066
3.63502
3.56773
3.67012
3.65548
3.69391
3.64131
3.60192
3.74937
3.66558
3.62853
3.75067
3.6908
3.62357
3.65381
3.59358
3.67777
3.59866
3.6671
3.7369
3.622
3.67621
3.67133
3.59864
3.62457
3.72958
3.53811
3.67341
3.65957
3.62355
3.67324
3.62253
3.61308
3.71467
3.72521
3.67642
3.70974
3.65203
3.68239
3.64579
3.6164
3.65513
3.65697
3.70967
3.70605
3.68039
3.61191
3.71207
3.65621
3.64389
3.61207
3.66665
3.59972
3.64069
3.73284
3.63165
3.63179
3.711
3.71674
3.62956
3.65835
3.62082
3.68801
3.64476
3.66578
3.61746
3.6947
3.67155
3.64719
3.63357
3.68578
3.70757
3.68321
3.66148
3.68585
