3.7111
3.71
3.71366
3.7275
3.71824
3.74365
3.74601
3.74161
3.74363
3.72727
3.754
3.76028
3.76531
3.79985
3.76968
3.77258
3.77353
3.76952
3.76144
3.75863
3.78706
3.75992
3.78859
3.74253
3.77201
3.76777
3.79841
3.75766
3.77897
3.75116
3.76195
3.77033
3.80186
3.79264
3.79846
3.7574
3.75661
3.77498
3.78345
3.82721
3.7989
3.82681
3.79843
3.76485
3.77522
3.76736
3.76019
3.76557
3.74259
3.79893
3.82383
3.73667
3.80958
3.84527
3.74137
3.78427
3.83793
3.73858
3.75544
3.73894
3.78133
3.80799
3.73794
3.72923
3.80135
3.82162
3.75617
3.7946
3.75828
3.72168
3.73262
3.72203
3.74933
3.75311
3.80813
3.83851
3.81123
3.74143
3.774
3.81449
3.78012
3.79028
3.78936
3.75479
3.76513
3.67984
3.80135
3.82653
3.748
3.68378
3.743
3.71255
3.75073
3.74617
3.85388
3.71213
3.74336
3.76067
3.78177
3.80664
3.7883
3.75813
3.7687
3.77078
3.79109
3.64454
3.72958
3.76523
3.87674
3.68929
3.67331
3.77452
3.76018
3.68216
3.74627
3.71471
3.73701
3.74734
3.75216
3.76579
3.75198
3.81111
3.74789
3.75479
3.68439
3.73942
3.71898
3.74371
3.78393
3.85462
3.77646
3.74789
3.72295
3.70195
3.77701
3.73036
3.71109
3.75456
3.75406
3.79029
3.7821
3.78729
3.81168
3.75862
3.68079
3.76445
3.6641
3.7706
3.7912
3.71368
3.73366
3.78046
3.72555
3.68167
3.77347
3.71751
3.76955
3.71835
3.73172
3.77532
3.75431
3.80557
3.6987
3.76694
3.70869
3.72867
3.7902
3.80266
3.74282
3.75045
3.78514
3.72311
3.70735
3.73022
3.78247
3.75239
3.71474
3.80213
3.78736
3.8798
3.7935
3.83182
3.70538
3.7081
3.79322
3.66138
3.72201
3.70516
3.78995
3.76721
3.76065
3.65934
3.77102
3.79328
3.72995
3.70964
3.78689
3.81033
3.79009
3.78325
3.80422
3.7387
3.72963
3.78451
3.73212
3.71728
3.79928
3.7455
3.76247
3.72384
3.72962
3.73882
3.76274
3.72985
3.76005
3.81021
3.7284
3.74905
3.73155
3.7782
3.80411
3.70573
3.80604
3.7093
3.74512
3.74215
3.82162
3.76129
3.70969
3.68796
3.79648
3.72581
3.77225
3.66694
3.71707
3.69508
3.81744
3.81325
3.76588
3.78435
3.84952
3.80844
3.64153
3.76622
3.80748
3.76924
3.81042
3.80593
3.7358
3.77302
3.66782
3.79964
3.69076
3.72161
3.77596
3.88601
3.78777
3.84863
3.84992
3.86244
3.82469
3.91329
3.85516
3.91343
3.72624
3.76399
3.78863
3.68797
3.67561
3.64086
3.80689
3.82926
3.76199
3.78633
3.76884
3.72145
3.81468
3.83743
3.7476
3.79956
3.80964
3.80058
3.77404
3.80055
3.69021
3.80759
3.79181
3.74324
3.86286
3.75779
3.8207
3.68284
3.70384
3.81892
3.63872
3.68379
3.67335
3.80794
3.75284
3.70123
3.84627
3.83303
3.7169
3.72267
3.84118
3.82583
3.82042
3.75529
3.70157
3.84722
3.8265
3.70286
3.7496
3.70189
3.77044
3.8122
3.79112
3.67972
3.75201
3.71474
3.77382
3.84309
3.86382
3.78124
3.86279
3.78535
3.67722
3.71876
3.67657
3.72646
4.08174
3.70682
3.71425
3.70874
3.66507
3.83441
3.80141
3.87301
3.74288
3.85872
3.87463
3.84116
3.7961
3.71278
3.7404
3.70988
3.76268
3.90758
3.68016
3.97023
3.762
3.71568
3.69656
3.62598
3.70613
3.83215
3.77245
3.66746
3.73234
3.65641
3.75403
3.77294
3.79726
3.78851
3.88159
3.80886
3.69276
3.75649
3.6887
3.80892
3.8052
3.72197
3.71885
3.73165
3.8518
3.74701
3.7641
3.70927
3.67083
3.71642
3.73125
3.7643
3.62403
3.7915
3.71589
3.69193
3.71214
3.69861
3.77374
3.6466
3.66345
3.75461
3.70012
3.76316
3.7231
3.75037
3.79057
3.76168
3.78114
3.70609
