3.87453
3.79479
3.76342
3.70595
3.69798
3.67186
3.67352
3.65011
3.62699
3.63163
3.59771
3.58468
3.56939
3.61253
3.59574
3.61048
3.63501
3.57965
3.62114
3.62471
3.58533
3.58497
3.56892
3.60023
3.61526
3.57099
3.58969
3.60186
3.56232
3.58794
3.58675
3.54195
3.57748
3.61146
3.60461
3.58993
3.62743
3.58841
3.59225
3.5852
3.61761
3.63549
3.59489
3.59955
3.56488
3.60817
3.58979
3.57572
3.61812
3.59352
3.59835
3.62115
3.63251
3.67425
3.5726
3.58744
3.6316
3.66476
3.66656
3.58948
3.61863
3.5947
3.61668
3.58505
3.63628
3.63155
3.6683
3.6516
3.61409
3.63075
3.65628
3.6277
3.61797
3.64622
3.64074
3.6146
3.6363
3.63274
3.64979
3.59937
3.62157
3.67337
3.67483
3.61045
3.59598
3.67185
3.62529
3.65063
3.62293
3.5984
3.70559
3.55973
3.66911
3.6226
3.67877
3.63017
3.65749
3.63495
3.70392
3.71239
3.67119
3.68628
3.61749
3.63056
3.6751
3.61655
3.74639
3.65716
3.71802
3.70949
3.62875
3.64147
3.63655
3.61532
3.63873
3.66165
3.62241
3.66003
3.70397
3.66645
3.63647
3.67644
3.68324
3.62791
3.66733
3.75493
3.67628
3.68552
3.67232
3.70227
3.73043
3.68145
3.67354
3.67694
3.68473
3.67368
3.6578
3.63759
3.69675
3.69535
3.62616
3.72716
3.68089
3.69632
3.7492
3.61181
3.62768
3.64962
3.65746
3.62895
3.69395
3.62797
3.64997
3.72273
3.648
3.69098
3.65695
3.61708
3.74345
3.64575
3.6461
3.68183
3.78356
3.61808
3.68003
3.63556
3.59304
3.59898
3.71407
3.70419
3.64538
3.71513
3.61859
3.65695
3.67431
3.69267
3.66679
3.6403
3.69418
3.69052
3.67036
3.66444
3.65635
3.62789
3.7023
3.63829
3.72522
3.61469
3.68851
3.65815
3.66525
3.61691
3.67701
3.76091
3.6538
3.67202
3.67176
3.62615
3.61604
3.65204
3.66605
3.63923
3.68403
3.69287
3.65413
3.59227
3.63255
3.59573
3.69213
3.66264
3.68948
3.63447
3.60547
3.65174
3.62333
3.64273
3.53763
3.61851
3.62776
3.6775
3.72793
3.57497
3.64084
3.57834
3.53364
3.69723
3.59734
3.60136
3.69761
3.65131
3.68797
3.5411
3.67134
3.63701
3.60374
3.66409
3.69691
3.62597
3.60547
3.64139
3.6804
3.57896
3.55237
3.66495
3.60446
3.64524
3.6101
3.58012
3.56838
3.63349
3.63148
3.63544
3.57499
3.56767
3.6559
3.63532
3.59516
3.62701
3.71886
3.63822
3.60221
3.67628
3.64361
3.65421
3.66288
3.53105
3.53962
3.59934
3.64488
3.63265
3.54299
3.60318
3.68995
3.57545
3.72421
3.6764
3.66266
3.61787
3.57241
3.6273
3.63196
3.57849
3.58638
3.58196
3.63862
3.62106
3.65297
3.61301
3.62711
3.50929
3.61704
3.63703
3.64659
3.60869
3.57183
3.57176
3.61715
3.60979
3.62282
3.64921
3.67294
3.64631
3.62484
3.58701
3.56733
3.62624
3.68023
3.61601
3.61466
3.58829
3.56604
3.58266
3.60705
3.69404
3.56769
3.52061
3.67464
3.6298
3.66015
3.58493
3.63805
3.57038
3.63051
3.62778
3.61324
3.67318
3.54146
3.58253
3.66772
3.69781
3.63754
3.60963
3.61059
3.58586
3.63869
3.693
3.5659
3.71214
3.53781
3.63975
3.64907
3.75457
3.5293
3.69639
3.60601
3.64114
3.64878
3.67712
3.74798
3.58572
3.64812
3.56991
3.72524
3.64279
3.68584
3.62482
3.56425
3.5879
3.67838
3.55389
3.61618
3.68647
3.54625
3.66732
3.66234
3.6735
3.6506
3.62823
3.62807
3.63907
3.65459
3.67538
3.63465
3.70281
3.62025
3.64903
3.56443
3.60967
3.52195
3.62185
3.56585
3.56981
3.58684
3.62017
3.62201
3.62983
3.60681
3.52667
3.57231
3.6343
3.58463
3.62611
3.67608
3.54337
3.65763
3.62169
3.67527
3.57831
3.55736
3.60581
