3.75896
3.74301
3.74199
3.73353
3.74217
3.71629
3.73287
3.69988
3.7016
3.71179
3.71039
3.70954
3.68731
3.67398
3.69703
3.68282
3.68718
3.72197
3.73906
3.71745
3.72348
3.71606
3.66281
3.71424
3.73046
3.70467
3.70008
3.70071
3.67048
3.71687
3.68767
3.75909
3.70006
3.67198
3.70418
3.7105
3.71277
3.68918
3.73866
3.66573
3.73922
3.74211
3.7002
3.6707
3.71029
3.71733
3.71618
3.69932
3.69647
3.69799
3.64816
3.69601
3.68104
3.68879
3.74646
3.65477
3.68982
3.69676
3.699
3.72295
3.72571
3.73483
3.73259
3.75821
3.72233
3.71879
3.67093
3.75216
3.71171
3.68845
3.66682
3.70981
3.77012
3.71793
3.68999
3.70304
3.67998
3.71089
3.745
3.69733
3.72347
3.67746
3.67332
3.73333
3.63604
3.67359
3.73245
3.73685
3.69858
3.64342
3.7334
3.79035
3.68368
3.76926
3.65077
3.72689
3.68062
3.74693
3.68751
3.81028
3.70369
3.63848
3.689
3.73093
3.73133
3.64782
3.76927
3.70197
3.66461
3.7262
3.68152
3.71241
3.77899
3.65707
3.7632
3.7244
3.74573
3.75302
3.72579
3.66456
3.78275
3.76108
3.69552
3.63824
3.69197
3.68129
3.67681
3.68752
3.72309
3.70141
3.73901
3.68589
3.69627
3.68846
3.72427
3.65732
3.77413
3.64835
3.76414
3.67606
3.68308
3.68665
3.73208
3.7646
3.68886
3.71812
3.71875
3.69815
3.69687
3.71458
3.67852
3.74987
3.73226
3.72006
3.74635
3.77174
3.7368
3.65012
3.78358
3.71476
3.65835
3.72172
3.70832
3.67247
3.72413
3.72503
3.71778
3.75168
3.71398
3.69768
3.7649
3.74579
3.79094
3.77259
3.69704
3.73301
3.76595
3.70763
3.70213
3.69469
3.75494
3.71016
3.76881
3.68933
3.73717
3.78171
3.73923
3.65931
3.69117
3.6695
3.73064
3.71511
3.70848
3.70212
3.72704
3.76629
3.79958
3.72469
3.68764
3.7397
3.74856
3.7602
3.76789
3.73989
3.74036
3.73404
3.74605
3.80219
3.75506
3.69551
3.6831
3.7845
3.71824
3.75166
3.76601
3.69382
3.66488
3.71339
3.74252
3.80494
3.73929
3.78408
3.7596
3.68198
3.63852
3.71678
3.64407
3.74683
3.7104
3.66018
3.70248
3.63694
3.78904
3.6336
3.74361
3.73102
3.67953
3.73388
3.67003
3.75097
3.73532
3.74771
3.77384
3.70064
3.70164
3.78078
3.70568
3.76385
3.82144
3.73595
3.70787
3.78238
3.7159
3.75952
3.71347
3.71421
3.66102
3.70511
3.72402
3.66314
3.63405
3.69642
3.82604
3.70914
3.78554
3.74707
3.65358
3.64194
3.78998
3.73648
3.75718
3.73731
3.70753
3.64059
3.69584
3.72454
3.70918
3.80385
3.69034
3.73033
3.74395
3.66857
3.69223
3.88593
3.71965
3.74332
3.69897
3.79121
3.68812
3.83315
3.65895
3.75651
3.73219
3.67495
3.67494
3.82968
3.75916
3.65384
3.7271
3.70725
3.71875
3.70032
3.67754
3.74269
3.6259
3.65956
3.7043
3.71531
3.74343
3.70422
3.69675
3.76145
3.65733
3.65406
3.76086
3.72427
3.71725
3.7022
3.67767
3.72264
3.74365
3.67793
3.86291
3.58727
3.81715
3.78778
3.75461
3.65586
3.6414
3.78369
3.72972
3.75969
3.69364
3.74176
3.7575
3.61279
3.65536
3.67809
3.68122
3.65275
3.83139
3.73586
3.71215
3.68368
3.76309
3.80028
3.69432
3.66947
3.7226
3.79491
3.7879
3.69448
3.67421
3.77303
3.72689
3.77804
3.74412
3.81468
3.76936
3.77411
3.78201
3.68689
3.74476
3.68164
3.75001
3.80392
3.76734
3.64801
3.70676
3.70535
3.81822
3.73054
3.69783
3.71418
3.79853
3.72763
3.71939
3.70963
3.75365
3.6443
3.72333
3.74637
3.70793
3.72515
3.71735
3.63745
3.76068
3.64792
3.67056
3.67835
3.69126
3.70814
3.71999
3.68138
3.71956
3.72358
3.69457
3.68245
3.65948
3.72506
