3.69456
3.70845
3.72556
3.73363
3.74246
3.75452
3.756
3.78166
3.75284
3.78588
3.75682
3.78065
3.77492
3.78764
3.7816
3.78056
3.77095
3.79496
3.77649
3.75702
3.79784
3.74786
3.80505
3.78907
3.75284
3.7505
3.77233
3.81739
3.76258
3.71102
3.80276
3.73268
3.86063
3.77441
3.79042
3.81878
3.78742
3.72027
3.81122
3.76009
3.77532
3.7808
3.821
3.78116
3.78248
3.76205
3.8507
3.79668
3.80104
3.8268
3.84876
3.83309
3.76127
3.81629
3.84045
3.75902
3.81877
3.74482
3.74009
3.76608
3.75633
3.8144
3.75701
3.80929
3.76304
3.76976
3.76698
3.8156
3.7451
3.75604
3.77477
3.81898
3.7076
3.7727
3.77853
3.86259
3.76546
3.74668
3.81779
3.76985
3.74613
3.69149
3.70796
3.79494
3.75491
3.74005
3.8245
3.78073
3.76147
3.78968
3.78771
3.72375
3.80917
3.78384
3.80849
3.77725
3.73478
3.78001
3.75249
3.72685
3.74789
3.8542
3.7644
3.78333
3.79383
3.73227
3.75116
3.73888
3.80845
3.77644
3.75802
3.73261
3.78464
3.76239
3.76065
3.79682
3.71495
3.77135
3.72465
3.85296
3.74901
3.8279
3.81701
3.76097
3.80505
3.81663
3.72015
3.79059
3.7706
3.67661
3.82191
3.7408
3.79385
3.81436
3.75935
3.79413
3.72845
3.80371
3.71723
3.79075
3.78957
3.87362
3.81812
3.729
3.77697
3.77357
3.78455
3.79095
3.77931
3.78381
3.75739
3.79128
3.73508
3.77552
3.74233
3.80808
3.76245
3.76249
3.83299
3.78647
3.70342
3.74562
3.73463
3.83465
3.76515
3.69237
3.79297
3.84953
3.83063
3.80793
3.80624
3.79656
3.80584
3.72439
3.75727
3.86816
3.80412
3.80573
3.78924
3.76255
3.84705
3.77856
3.78645
3.81605
3.81155
3.8158
3.72915
3.70984
3.74096
3.78992
3.78932
3.76146
3.79031
3.84761
3.82651
3.78861
3.75625
3.82526
3.80043
3.79442
3.79583
3.75418
3.83639
3.80299
3.77795
3.80536
3.73178
3.88007
3.74775
3.84888
3.86482
3.79951
3.83045
3.73376
3.81253
3.78077
3.80762
3.87679
3.86428
3.8073
3.78285
3.88602
3.83916
3.81935
3.75091
3.85271
3.79551
3.81179
3.90151
3.80823
3.78749
3.79019
3.68671
3.70525
3.70741
3.84215
3.85177
3.66999
3.85004
3.80307
3.82996
3.74766
3.77427
3.86687
3.87469
3.75202
3.73192
3.64868
3.71551
3.82359
3.75887
3.7714
3.8004
3.81892
3.89212
3.81519
3.824
3.7895
3.77379
3.77658
3.69583
3.67376
3.65271
3.65862
3.8001
3.7311
3.82084
3.754
3.75235
3.73693
3.89099
3.84265
3.77895
3.61673
3.73745
3.77055
3.6744
3.77504
3.8024
3.84744
3.71644
3.77313
3.72016
3.76934
3.68465
3.88149
3.72162
3.86686
3.70476
3.81447
3.76648
3.80981
3.81457
3.85428
3.84582
3.79536
3.85009
3.78354
3.76196
3.72507
3.76253
3.70943
3.64448
3.80629
3.75382
3.85411
3.65821
3.84358
3.6922
3.79676
3.83829
3.60209
3.71279
3.66076
3.77977
3.67106
3.67485
3.81967
3.6788
3.8865
3.81528
3.72967
3.74794
3.74269
3.77275
3.79763
3.82237
3.79884
3.73788
3.71446
3.7327
3.74816
3.93912
3.83293
3.70464
3.73876
3.64173
3.91302
3.79748
3.8799
3.82794
3.88834
3.85992
3.70556
3.76387
3.76586
3.76721
3.81079
3.65412
3.83297
3.74185
3.78714
3.70176
3.75412
3.87428
3.74056
3.73582
3.68129
3.74569
3.74727
3.78351
3.86061
3.79189
3.78445
3.79957
3.81868
3.77089
3.75731
3.7327
3.72774
3.77495
3.71395
3.7378
3.85165
3.77455
3.81584
3.70728
3.71643
3.72683
3.81413
3.75025
3.74535
3.76414
3.81519
3.75063
3.75781
3.6801
3.7383
3.68231
3.75496
3.72747
3.63746
3.64234
3.76759
3.70694
3.66782
3.71956
3.68059
3.75347
3.73972
