3.74756
3.74867
3.74953
3.74944
3.70987
3.73081
3.70959
3.70997
3.71866
3.71488
3.72392
3.70215
3.74919
3.72671
3.71118
3.70622
3.71625
3.70504
3.70814
3.69271
3.67428
3.76335
3.73381
3.72484
3.72424
3.7399
3.71231
3.76827
3.73922
3.7784
3.73074
3.7382
3.78001
3.72625
3.71842
3.73715
3.75545
3.7437
3.74769
3.75026
3.77349
3.70628
3.76367
3.7236
3.78796
3.71596
3.67592
3.74695
3.76731
3.78108
3.73016
3.82496
3.70417
3.75653
3.70062
3.72055
3.74212
3.70652
3.7675
3.77764
3.73908
3.75952
3.80345
3.77211
3.74134
3.69789
3.70841
3.64809
3.71089
3.7194
3.75559
3.66235
3.79319
3.70125
3.76497
3.7413
3.71186
3.70296
3.74469
3.75347
3.82792
3.76171
3.67105
3.74286
3.76195
3.73412
3.79482
3.73619
3.65543
3.75817
3.69305
3.74817
3.71272
3.76533
3.74443
3.77658
3.76051
3.63653
3.71859
3.64759
3.74102
3.73682
3.77358
3.66619
3.68249
3.74727
3.73122
3.70792
3.67639
3.75905
3.65258
3.63948
3.72928
3.71375
3.67715
3.76771
3.75544
3.69605
3.72807
3.7673
3.71678
3.66474
3.7538
3.78563
3.79328
3.73664
3.7262
3.70381
3.72582
3.72685
3.7011
3.76306
3.70804
3.71338
3.7741
3.64397
3.68672
3.71651
3.66538
3.73805
3.71139
3.74418
3.73523
3.79273
3.79965
3.7386
3.68629
3.69392
3.67768
3.77727
3.72704
3.68209
3.79818
3.70523
3.70051
3.72064
3.67055
3.67354
3.81967
3.7582
3.68704
3.76693
3.69954
3.68942
3.7251
3.70175
3.72664
3.6968
3.6661
3.77263
3.73177
3.83077
3.67104
3.71115
3.79347
3.67232
3.68727
3.68505
3.74548
3.68324
3.69654
3.78605
3.70231
3.72743
3.69336
3.71087
3.81207
3.72239
3.74605
3.70879
3.69365
3.67707
3.75085
3.69207
3.77391
3.70682
3.78125
3.66293
3.743
3.71168
3.70574
3.66972
3.73589
3.78015
3.69284
3.66151
3.77259
3.70444
3.77641
3.71721
3.7063
3.73271
3.72792
3.71579
3.68218
3.67679
3.69704
3.73376
3.67466
3.81365
3.77007
3.74285
3.653
3.68932
3.72703
3.74488
3.71353
3.67284
3.7593
3.83885
3.71526
3.69667
3.75931
3.73408
3.74342
3.64354
3.78317
3.69305
3.72358
3.75536
3.76672
3.69118
3.72795
3.7221
3.77949
3.74648
3.6483
3.74911
3.67028
3.71645
3.63423
3.6867
3.70207
3.7668
3.73374
3.7429
3.69494
3.81159
3.68397
3.67625
3.70087
3.70683
3.74878
3.70985
3.73375
3.68348
3.76097
3.73996
3.65934
3.69437
3.79333
3.6806
3.74583
3.60986
3.78931
3.69549
3.73281
3.71259
3.64622
3.74153
3.6943
3.7131
3.62327
3.72464
3.81443
3.69189
3.57428
3.74992
3.67759
3.66479
3.69756
3.66705
3.64703
3.66646
3.77391
3.76682
3.73821
3.67221
3.67429
3.66158
3.76193
3.63928
3.70559
3.76094
3.77978
3.66785
3.63975
3.63148
3.80343
3.74128
3.68149
3.8151
3.65426
3.69589
3.7859
3.79444
3.65213
3.73983
3.71623
3.7138
3.8289
3.75949
3.6639
3.72138
3.82769
3.74394
3.74763
3.68802
3.76112
3.67788
3.63948
3.69822
3.72956
3.68235
3.71933
3.74965
3.69367
3.75167
3.64947
3.66711
3.71418
3.7652
3.68836
3.70246
3.67787
3.81835
3.71975
3.64046
3.66259
3.63769
3.72604
3.76741
3.73914
3.78697
3.64473
3.75243
3.81424
3.79828
3.68604
3.66863
3.7104
3.79
3.69862
3.76668
3.75346
3.70037
3.81371
3.80841
3.81186
3.69723
3.7251
3.75812
3.71099
3.73457
3.68161
3.65637
3.68321
3.68844
3.66769
3.68529
3.75712
3.63889
3.68235
3.76566
3.75264
3.7389
3.71323
3.7602
3.69516
3.7187
3.73247
3.7607
3.73108
3.71658
3.65534
3.67726
3.66721
3.70715
3.70839
3.74949
