3.67568
3.71198
3.73595
3.75986
3.76777
3.78086
3.82735
3.80383
3.80871
3.82941
3.82001
3.81173
3.80445
3.84647
3.81787
3.84954
3.79371
3.8434
3.8211
3.82434
3.826
3.83146
3.87602
3.81598
3.87468
3.83375
3.85357
3.80584
3.7967
3.86151
3.78902
3.83029
3.81844
3.70336
3.75726
3.82642
3.82473
3.7381
3.82928
3.82714
3.76412
3.75581
3.83671
3.809
3.83686
3.78855
3.7719
3.75991
3.77226
3.71384
3.79314
3.74499
3.75107
3.73466
3.71891
3.7777
3.7852
3.83149
3.79956
3.75005
3.77731
3.75694
3.72799
3.74888
3.69944
3.80489
3.71201
3.82902
3.76688
3.76268
3.87811
3.7374
3.82516
3.72352
3.80662
3.75523
3.77128
3.74032
3.77906
3.74333
3.74336
3.7185
3.82237
3.75744
3.7094
3.82645
3.74088
3.6978
3.79772
3.82222
3.76169
3.81047
3.79562
3.77403
3.7397
3.73176
3.76218
3.77155
3.79719
3.76541
3.73654
3.72623
3.71979
3.7691
3.75602
3.78225
3.73727
3.7615
3.78929
3.7842
3.71506
3.83615
3.7689
3.75765
3.76052
3.71319
3.68856
3.80578
3.76664
3.7406
3.80081
3.68855
3.83886
3.77911
3.7544
3.74356
3.85723
3.74183
3.79863
3.84264
3.78731
3.78405
3.80336
3.73903
3.76369
3.79674
3.81586
3.70342
3.85728
3.91677
3.75921
3.77009
3.75703
3.75627
3.7434
3.72513
3.80569
3.7232
3.74324
3.82121
3.76282
3.76687
3.81139
3.81675
3.7734
3.85389
3.7728
3.81378
3.7174
3.71438
3.7615
3.77838
3.80905
3.77131
3.76957
3.78607
3.77122
3.72672
3.74803
3.79257
3.83597
3.76316
3.72531
3.72602
3.792
3.79898
3.75325
3.78135
3.7343
3.82224
3.77104
3.86788
3.7488
3.76815
3.92178
3.79107
3.7895
3.76709
3.75119
3.80827
3.73047
3.78949
3.8191
3.83867
3.76171
3.83134
3.89579
3.77315
3.75461
3.87202
3.83599
3.77414
3.87069
3.75647
3.79024
3.78646
3.72202
3.6962
3.8106
3.82294
3.7907
3.75567
3.75841
3.86237
3.86868
3.76099
3.68122
3.81899
3.81585
3.79272
3.83959
3.75616
3.81841
3.84295
3.71135
3.74926
3.80171
3.7647
3.79972
3.79751
3.84676
3.80674
3.67896
3.68901
3.70719
3.73639
3.83629
3.75698
3.82478
3.84286
3.70979
3.83598
3.70217
3.68038
3.73285
3.63423
3.90513
3.76093
3.76945
3.78643
3.77776
3.90663
3.7697
3.82831
3.84152
3.74557
3.79038
3.68468
3.77346
3.71688
3.80043
3.78775
3.86514
3.72011
3.75209
3.86269
3.83438
3.74112
3.9425
3.67456
3.76475
3.82102
3.75315
3.76243
3.85865
3.71236
3.77737
3.84217
3.87054
3.79593
3.72561
3.80369
3.78106
3.86554
3.72089
3.83778
3.7273
3.82017
3.66849
3.76016
3.89458
3.79071
3.73158
3.76994
3.81571
3.63038
3.72981
3.65413
3.67253
3.8524
3.79476
3.83803
3.77717
3.7479
3.78131
3.91158
3.75308
3.99648
3.95149
3.77618
3.86054
3.71947
3.72981
3.73348
3.79936
3.63933
3.80952
3.78864
3.72635
3.74182
3.81443
3.75077
3.76523
3.69188
3.93184
3.73638
3.82338
3.72488
3.70527
3.85566
3.75222
3.75525
3.78233
3.83712
3.87628
3.87812
3.78954
3.72395
3.83849
3.76588
3.83902
3.86254
3.8232
3.75071
3.79707
3.65421
3.79146
3.8298
3.70898
3.85393
3.86599
3.84714
3.79125
3.71606
3.64355
3.6993
3.74438
3.78438
3.88175
3.83019
3.7336
3.82535
3.80394
3.75227
3.68769
3.68572
3.74086
3.64821
3.7469
3.68593
3.85627
3.7531
3.73483
3.70599
3.85221
3.84398
3.79945
3.72052
3.72495
3.85184
3.8233
3.88382
3.81407
3.74095
3.80327
3.8412
3.79689
3.83976
3.79847
3.87439
3.8535
3.92741
3.87824
3.89894
4.01737
3.8637
3.95899
3.86923
3.8689
3.77549
