3.70428
3.68419
3.68572
3.68626
3.69379
3.71922
3.70109
3.72315
3.74564
3.75183
3.78122
3.77008
3.80629
3.82836
3.82488
3.81502
3.78437
3.84106
3.82453
3.8744
3.80199
3.83096
3.81947
3.81968
3.8519
3.80306
3.89851
3.8676
3.88516
3.87578
3.80933
3.80804
3.81039
3.82101
3.8066
3.88746
3.82788
3.76835
3.7953
3.87031
3.84492
3.84637
3.81983
3.85323
3.75645
3.78703
3.83972
3.76966
3.79139
3.8454
3.84159
3.83533
3.75444
3.75711
3.86635
3.77562
3.81289
3.75241
3.83852
3.82603
3.79975
3.77046
3.81087
3.8009
3.74252
3.76083
3.8516
3.73617
3.8312
3.68645
3.80205
3.79549
3.76327
3.74692
3.73452
3.76268
3.75276
3.73633
3.7719
3.7005
3.80577
3.76577
3.75785
3.83803
3.75087
3.71761
3.86994
3.7828
3.72863
3.71574
3.81572
3.68608
3.80878
3.80941
3.69945
3.72136
3.74109
3.74731
3.70872
3.7783
3.72873
3.73324
3.74652
3.81378
3.70408
3.75651
3.73659
3.71556
3.77574
3.75416
3.78826
3.70789
3.73327
3.79732
3.73219
3.75455
3.75535
3.69473
3.71904
3.73939
3.78937
3.75742
3.76883
3.76731
3.77262
3.7008
3.7038
3.78106
3.76829
3.79948
3.78261
3.70392
3.77491
3.76948
3.69534
3.73042
3.72104
3.80862
3.74219
3.73763
3.79754
3.74604
3.76794
3.69918
3.75807
3.75759
3.7681
3.78581
3.71095
3.75143
3.74549
3.81379
3.79709
3.72194
3.79578
3.75635
3.75073
3.7938
3.82466
3.72056
3.77724
3.79894
3.87468
3.84839
3.78847
3.77684
3.77687
3.79883
3.87968
3.73437
3.7975
3.78185
3.76248
3.82296
3.7122
3.72978
3.86351
3.81345
3.79487
3.77324
3.71359
3.81799
3.75317
3.81128
3.71407
3.69615
3.7186
3.80887
3.84916
3.78251
3.81761
3.82139
3.83347
3.78169
3.80791
3.77279
3.74623
3.81558
3.68305
3.69839
3.79219
3.74204
3.79221
3.81745
3.75808
3.82686
3.77649
3.70279
3.81022
3.76786
3.80995
3.8547
3.81488
3.82882
3.78953
3.84821
3.7689
3.76569
3.7298
3.83666
3.74877
3.79438
3.69216
3.72618
3.7672
3.78137
3.76602
3.77336
3.84544
3.81307
3.75211
3.78349
3.86585
3.80356
3.74096
3.69091
3.7762
3.71364
3.81467
3.80007
3.79121
3.70668
3.69746
3.86039
3.78665
3.78591
3.84077
3.73766
3.76142
3.81502
3.74006
3.78406
3.69761
3.75781
3.77562
3.6897
3.82341
3.77438
3.75589
3.80112
3.6834
3.80462
3.7111
3.78773
3.6389
3.7426
3.81072
3.74714
3.7401
3.78476
3.68754
3.77653
3.77117
3.9307
3.85019
3.69589
3.71422
3.81356
3.7762
3.86455
3.63355
3.72029
3.77268
3.76418
3.78307
3.80325
3.84874
3.81301
3.78145
3.7283
3.8676
3.67947
3.7557
3.69195
3.79254
3.76012
3.735
3.94208
3.73314
3.78288
3.77825
3.80291
3.72935
3.84569
3.83422
3.7493
3.86731
3.91281
3.7077
3.73904
3.73093
3.72341
3.74237
3.85465
3.75569
3.89924
3.8708
3.7887
3.85894
3.68716
3.84618
3.72366
3.82505
3.77649
3.90034
3.76406
3.86345
3.81931
3.72571
3.70454
3.71204
3.7909
3.70308
3.81577
3.82817
3.76782
3.78114
3.70582
3.87172
3.66057
3.75674
3.75585
3.84729
3.78919
3.66183
3.69638
3.74701
3.70556
3.75206
3.73371
3.6946
3.77698
3.73854
3.84565
3.85961
3.68747
3.75326
3.70559
3.7433
3.74411
3.70265
3.70229
3.74297
3.8068
3.81529
3.64676
3.80063
3.75417
3.68503
3.66547
3.77438
3.73262
3.67489
3.76424
3.6884
3.80565
3.73766
3.70146
3.65278
3.78698
3.67263
3.70891
3.75832
3.7309
3.73479
3.69764
3.64908
3.78347
3.71237
3.71182
3.7667
3.6979
3.76435
3.66789
3.69989
3.67076
3.69728
3.73019
3.66866
3.7303
