4.71655
4.72236
4.71559
4.75513
4.72123
4.85409
4.79377
4.75146
4.85424
4.74418
4.76336
4.73062
4.73071
4.90876
4.946
4.86568
4.84483
5.00353
4.74992
4.8828
4.82098
4.7465
4.842
4.889
4.99006
4.87993
4.72164
4.87666
4.70907
4.98124
4.80775
4.83112
4.78503
4.81635
4.9164
4.73286
4.71365
4.801
4.7658
4.86361
4.87015
4.77196
5.01566
4.77754
4.8012
4.70822
4.95091
4.70731
4.77985
5.03915
5.00219
4.76461
4.74025
4.57711
4.71168
4.68447
4.83371
4.72358
4.79859
4.70373
4.93031
5.02153
4.77581
4.58761
4.57877
4.83181
4.84794
4.7448
4.91338
4.78826
4.84358
4.6069
4.60056
4.83032
4.89208
4.77838
4.61043
4.88419
4.68893
4.84725
4.72742
4.8325
4.81928
5.03025
4.77619
4.64843
4.90565
4.76137
4.69939
4.69254
4.7267
5.09663
5.08472
4.74781
4.89105
4.57925
4.73408
4.94062
4.84458
4.83761
4.89762
4.7923
5.0149
4.76834
4.6787
4.71957
4.6665
5.00252
4.55259
4.5955
4.75755
4.73243
4.75083
4.59747
4.8484
4.82949
4.7785
4.96303
4.87715
5.03488
4.74281
5.39366
4.60741
4.88476
4.97135
4.63946
4.47778
4.8135
4.85064
4.95241
4.70851
5.07685
5.07494
4.66436
4.91425
4.70757
4.78777
4.73916
4.92029
4.69067
4.7458
4.82221
4.74896
4.9559
4.74295
4.83136
4.88024
4.83783
4.9925
4.84659
4.74256
4.97144
4.90163
4.76504
4.78974
4.82856
4.61011
4.91188
4.76394
4.94577
4.78166
4.75945
4.88211
4.85071
4.65348
4.77472
4.5697
5.04277
4.77863
4.77956
4.77573
4.88523
4.82504
4.87182
4.84597
4.81547
4.78256
5.01453
4.75808
4.77941
5.03036
4.69963
4.83772
4.8431
4.87879
4.93732
4.84492
5.02564
4.74127
4.67526
4.79053
4.81371
4.87706
4.7641
4.71812
4.85271
4.83135
4.79354
4.85627
4.8278
4.89249
4.61507
4.85428
4.79187
4.91659
4.62446
4.97913
4.67747
4.77593
4.77886
4.71627
4.9192
4.70341
4.7141
4.72955
4.71816
4.84401
4.77425
4.85893
4.82626
4.77523
4.73565
4.71509
4.95153
4.83956
4.72932
4.83802
4.66218
4.76122
4.82675
4.63392
4.82049
4.81253
4.67815
4.81066
4.66046
4.77581
4.79936
5.05716
4.59948
4.77609
4.76656
4.81833
4.68244
4.87869
4.68229
4.84596
4.9812
4.86905
4.69438
4.71058
4.75649
4.87291
4.71811
4.8894
4.54521
4.84003
4.682
4.84851
4.75748
4.85612
4.69855
4.80092
5.08151
4.79298
4.71198
4.60819
4.83417
4.54376
4.90077
4.70573
4.87068
4.85501
4.72514
4.92326
4.86388
4.96375
5.02259
4.86453
4.86282
4.68046
4.84788
4.84617
4.94024
4.7236
4.68922
4.95835
4.81884
4.71274
5.11683
4.64777
4.7703
4.96782
4.92066
4.7933
4.78482
4.61155
4.79302
4.62581
4.78911
4.77381
4.70384
4.72045
4.77419
4.77329
4.89825
4.79404
4.65701
4.82394
4.71668
4.63543
4.71227
4.74941
4.71134
4.96609
4.87428
4.66521
4.8159
4.87332
4.83704
4.78238
4.75847
4.85864
4.87917
5.06071
4.69978
4.73281
4.89949
4.76614
4.65563
4.75001
4.65367
5.01364
4.82493
4.59613
4.62174
4.73583
4.60286
4.87116
4.84075
4.74198
4.60077
4.68729
4.7303
4.9208
4.7613
4.82177
5.03181
4.7444
4.72966
4.65341
4.66964
4.78974
4.76065
4.76831
4.85199
4.96428
4.75907
4.81123
4.65761
4.73891
4.61483
4.6797
4.8722
4.69219
5.10339
4.66097
4.72255
4.74204
4.87428
4.7152
4.7833
4.79659
4.76877
4.78898
4.74871
4.77097
4.74562
4.88856
4.74378
4.80414
4.74114
4.71246
4.89154
4.80505
4.76228
4.68214
4.79428
4.86637
4.89128
4.6868
4.90841
4.8068
4.84961
4.77893
4.84963
4.82185
4.88647
4.9012
4.90604
