4.82749
4.86626
4.8788
4.82361
4.85525
4.78203
4.82026
4.90293
4.97416
4.92141
4.84768
4.85996
4.87374
5.00186
4.84753
4.8214
4.72381
4.74692
4.90283
4.84965
4.8525
4.84291
4.88094
4.81721
4.92705
5.06617
4.84787
4.81502
4.9454
4.79001
4.94727
4.78724
4.91807
4.87707
4.75034
4.77753
4.85445
4.75773
4.73126
4.70547
4.92721
4.85698
4.85971
4.76673
4.992
4.79649
4.8217
4.57388
4.84029
4.7453
4.73692
4.77249
5.0271
4.97481
4.74285
4.80274
4.76899
4.69044
4.85324
4.99072
4.80636
4.89292
4.74675
4.67586
4.76737
4.98683
4.85157
4.9195
5.00165
4.91387
4.71166
4.82573
4.92066
4.78625
5.08418
4.72518
4.80892
4.9156
4.85694
4.69439
4.88456
4.68242
4.83571
4.79258
4.95147
4.94998
4.83931
5.1042
4.84206
4.69643
4.72128
4.94695
4.89217
4.76047
4.68904
4.89013
4.9996
4.988
4.88085
5.37945
4.92872
4.85617
4.7053
5.28
4.81257
4.77951
4.53653
4.89737
4.75361
5.06576
4.75234
4.84827
4.67274
4.67595
4.76597
4.85154
4.67806
4.94638
4.83195
4.76445
4.75472
4.96886
4.78683
4.55692
4.79115
5.24702
4.82354
5.00322
4.64587
5.0571
4.69954
4.6659
4.75785
4.75742
4.78167
4.75842
4.7268
4.82816
4.82949
5.0019
4.98752
4.8315
4.83097
4.8626
4.74789
4.59607
4.85569
4.73151
4.9646
4.8226
4.70014
4.6446
4.9634
4.71834
4.75002
4.85801
4.87412
4.79403
4.80179
4.72136
4.82389
4.95045
5.02755
4.6361
4.6142
4.75553
5.02297
4.68581
5.07572
4.89738
4.7842
4.68329
4.79389
4.69219
4.84381
4.96355
4.95086
4.85353
4.82126
4.88468
4.68535
4.90226
4.71416
4.8742
5.03825
4.83429
4.87897
4.78867
4.97499
4.81722
4.71662
4.787
4.91621
4.76602
4.84212
4.91449
4.80547
4.83889
4.78438
4.78771
4.8259
4.77961
4.82407
4.79163
4.74597
4.7835
4.73183
4.87884
4.72514
4.84239
4.76748
4.85749
4.90203
4.90658
4.8607
4.88954
4.86025
4.80558
4.86805
4.80942
4.89224
4.80917
4.99129
4.72484
4.82127
4.86223
5.09036
4.80228
4.86659
4.87717
4.76018
4.95056
5.1284
4.73265
4.92228
5.10943
4.80055
4.76688
4.72411
4.6969
4.82043
4.97565
4.93974
5.02559
4.7568
5.04169
4.74744
4.85902
4.62249
4.91519
4.67934
4.60974
5.00248
4.8416
4.7256
4.99554
4.6711
4.92098
4.84085
4.95415
4.97799
4.79589
4.94361
4.87235
4.75162
4.73637
4.68526
4.73512
4.79985
4.70289
4.96682
4.87323
4.84839
4.74377
4.99057
4.86988
5.06993
4.74591
4.87091
5.16728
4.90938
5.00328
4.87892
4.86854
4.78118
4.94016
4.71215
4.66318
4.80591
4.93513
4.81565
4.93025
4.94284
4.83212
4.77836
4.84209
5.01
4.77068
4.84472
5.02383
4.81212
4.83873
4.74646
4.82592
4.9821
4.94143
4.73693
4.88514
5.02432
4.88193
4.83997
4.87035
4.7939
4.69668
4.78608
4.77434
5.16064
4.79596
4.77627
4.90594
4.77514
4.72808
4.79645
4.81321
4.78006
4.75127
4.74631
4.93094
4.9337
4.86416
4.71232
4.62985
4.8032
4.89231
4.84767
4.79824
4.79976
4.822
5.21241
4.87001
4.61026
4.70321
5.01133
4.72778
4.77032
4.91368
4.62673
4.93292
4.5827
4.83356
4.69911
4.7488
4.75683
4.70078
5.08763
5.05319
4.77833
4.89088
4.85625
4.82166
4.70048
4.74439
4.86903
4.92373
4.69005
4.92478
4.86847
4.78871
4.93654
4.82763
4.8306
4.85248
4.7164
4.88019
4.81201
4.86118
5.02611
4.65974
4.94597
4.77806
4.70423
4.93075
4.79956
4.8185
4.76891
4.78333
4.69401
4.74316
4.79357
4.78221
4.83289
4.83959
4.93415
4.8171
4.84025
4.85047
4.82941
4.9163
4.89199
4.89019
