4.84445
4.83517
4.91372
4.88015
4.86548
4.85136
4.91321
4.87424
4.92643
4.9047
4.96126
5.02829
5.11835
4.86143
4.98388
4.98987
5.0186
4.86526
4.83812
4.98463
4.99476
5.12844
4.97241
4.91308
4.81855
4.93288
5.0434
4.9182
4.84759
5.01412
4.80274
4.85784
5.02957
5.12289
4.96623
4.99476
5.16877
4.79308
4.79566
4.93819
4.85885
5.01852
4.9342
5.03641
4.86082
4.96136
4.95231
4.82295
5.29882
4.95404
5.12746
4.87428
4.93656
4.8504
4.74891
5.01381
5.22013
4.9348
5.09978
4.88395
4.93204
4.94956
4.81802
4.89292
4.78303
4.91757
4.94319
5.08046
4.89981
4.88266
4.85944
4.97952
4.82414
4.86251
5.01154
4.97019
5.39727
5.05753
5.05659
4.92386
5.09379
4.99747
5.11546
4.9153
5.09169
5.03479
4.91485
5.02965
4.9206
4.77273
4.96124
4.87311
4.6834
5.69809
4.94232
4.89522
5.05834
5.05377
4.80458
5.14859
5.03493
5.09264
4.95464
4.90491
4.82294
4.81825
4.9339
4.94412
5.09748
4.97546
5.07213
4.84455
4.80648
4.84604
5.31555
4.82009
4.92582
5.16731
5.17356
5.14691
5.10498
4.95924
5.26383
4.82383
4.91699
4.90146
4.82229
5.16521
5.16096
4.898
4.86579
5.10974
5.02501
4.77093
4.74616
4.92905
4.85709
4.67828
4.79802
4.80508
4.83444
5.11328
4.8178
5.33622
5.09179
4.96716
4.8306
5.20976
5.03254
5.03952
4.98021
4.96618
5.02152
4.9619
5.00279
5.04833
4.93731
4.9678
4.80782
5.12818
4.74493
5.2996
4.85895
5.06761
4.84219
4.78245
4.86975
4.91162
5.0407
4.852
5.01886
5.05192
4.79382
4.69398
5.01936
5.02512
4.90468
4.8635
4.93162
4.89343
4.90941
4.82873
4.90148
4.84397
4.96047
4.92344
4.92357
4.78808
5.17495
4.82535
4.83305
5.03589
4.96863
4.86119
5.06857
4.74105
4.89082
4.84525
4.89265
4.95842
4.94522
4.82621
4.91137
4.87296
5.16231
5.10744
4.94206
4.83188
5.14427
4.80655
5.01237
5.13989
4.8256
5.00396
4.91689
5.10913
5.05579
4.7244
5.01688
4.90252
4.88481
5.09262
4.7974
5.06929
5.02527
4.94451
4.87458
5.06455
4.90457
5.07632
4.93084
4.91288
4.84428
4.86329
4.75483
4.93395
4.92355
4.81454
4.97659
5.08312
4.90546
5.08575
4.94849
4.76501
5.281
4.94409
4.82563
5.02148
5.16306
5.08337
4.95473
4.82472
4.81128
4.83155
4.89178
4.80931
4.80762
5.31597
5.00341
4.96955
5.05927
4.85539
5.17092
4.82837
5.07806
4.7894
5.22316
4.8749
4.9322
4.92039
4.82646
4.88626
5.09495
4.90656
4.97184
5.09466
5.25361
5.05711
4.79803
4.95834
5.25458
5.0315
4.68831
4.95623
5.22365
4.88407
4.75719
5.04061
4.7544
4.77771
5.16046
5.04029
4.97132
4.84898
4.85311
4.97641
4.96456
4.92011
5.10005
4.84024
4.91491
4.90049
5.11064
4.73237
5.03781
5.14714
5.05166
4.86598
4.77383
4.93949
5.16303
5.17289
5.06378
4.99688
4.84893
4.69629
4.8794
5.20171
4.7436
5.19801
5.12549
5.15716
5.05525
5.1683
4.70881
4.93438
5.10177
4.77154
4.86799
4.98501
5.06992
5.05749
5.097
4.99824
5.04483
5.05353
4.8114
5.0331
4.8056
4.7953
5.11437
4.89821
4.99078
5.17592
5.10043
4.88555
5.00265
4.96808
4.66904
4.75051
4.94197
5.13334
5.12814
4.94357
4.90631
4.74669
4.79742
4.92495
4.9431
4.8462
4.98352
4.93846
4.91086
4.91205
5.02276
4.89804
5.03502
5.13373
5.0901
4.98573
4.94874
4.96386
4.83119
4.90253
4.86012
4.97477
4.83178
4.80396
4.89204
4.94606
4.97201
4.8726
4.93696
4.80419
4.99215
4.94197
4.82683
4.86709
4.96842
4.90377
4.81146
4.87022
4.81599
4.91654
4.93811
4.88468
4.90306
4.92479
4.84586
4.8527
