4.94768
4.8884
4.91153
4.8763
4.90313
4.89564
4.92628
4.83415
4.88025
4.85573
4.86603
4.81744
4.82654
4.82229
4.75442
4.97792
4.84329
4.88161
4.90579
4.86947
4.86746
4.88446
4.91658
4.90562
4.92938
4.8312
5.02126
5.15719
4.76524
5.04326
5.18203
4.901
4.8943
5.15061
4.84349
4.8338
4.95909
4.84728
4.92368
4.91022
4.88015
5.09616
5.11411
4.83845
4.95976
5.03883
4.91856
5.04886
4.83459
5.08803
5.1592
4.9392
4.97501
5.12832
4.79039
4.90772
4.86672
4.89786
4.85502
4.81831
5.2372
4.97151
5.05098
4.87798
4.99788
4.84792
5.03497
5.09952
5.0218
4.76245
5.04683
4.83112
4.8514
4.77948
4.92854
4.7707
4.7592
4.74899
4.82517
4.95462
4.95513
4.99407
4.97129
5.16065
5.38032
5.0732
4.94643
4.90472
4.92609
5.00179
5.0464
4.95199
5.10769
5.03955
5.11928
4.88598
4.74519
5.03945
4.76825
4.88811
4.90544
4.86871
5.08988
4.84988
4.9997
4.95799
4.89173
4.81283
4.92919
4.88656
4.66673
5.07779
5.03312
5.18793
4.78817
4.77205
4.80596
4.98878
4.75663
4.87338
4.87433
4.89801
4.76937
4.95182
4.76415
5.07126
4.86549
4.85557
5.16378
4.73353
4.91156
4.8594
4.71701
4.89277
4.9612
4.88655
4.89489
5.04999
5.02295
4.84809
4.84618
5.14187
4.79909
4.92951
4.86404
5.01046
4.8303
5.07156
4.96419
4.94998
4.71051
4.81666
4.86317
4.89796
5.17226
4.86205
4.72486
4.89358
4.76427
4.94024
4.98602
5.03133
4.93978
4.74746
5.16509
5.07532
4.76951
4.94603
5.01105
4.95266
5.20455
4.79902
5.13298
4.88448
5.09397
4.95081
5.00958
4.8874
4.74983
4.94919
4.97647
4.99866
4.95678
4.86722
4.89611
5.09953
5.01844
5.07916
4.61132
5.02872
4.75496
4.92803
4.93475
5.04695
4.868
4.87837
5.18738
4.90264
4.94623
4.92915
4.88609
4.9441
4.75395
5.10169
4.73112
5.01834
5.02348
5.00948
5.24234
4.9677
4.87589
4.87586
4.99159
4.8352
4.71238
5.14158
4.89166
4.9989
4.95723
4.7735
4.84405
4.97331
5.06989
4.74316
4.80578
5.07816
5.15793
4.64596
4.90462
5.10692
5.03339
4.81171
5.01491
4.95471
5.09723
4.85916
4.90416
5.00587
4.73193
4.96633
4.89139
5.0357
4.8427
4.95806
5.02301
4.77471
5.27795
5.1437
4.92407
5.00189
4.65154
4.8537
4.83828
4.8657
4.74966
4.92923
5.24299
4.60557
5.13049
4.9227
4.877
4.94997
4.81119
4.90218
4.95428
5.1589
5.14119
5.43408
4.94845
4.67816
4.78027
4.85281
4.87797
4.79406
5.43082
4.81368
4.75692
4.79637
4.87405
5.14673
5.28375
4.76671
4.87284
4.79603
4.85003
5.07516
5.11906
5.04745
5.01162
5.08959
5.05642
4.90922
4.76624
5.25298
5.14831
4.91997
4.77849
4.88433
5.21823
4.85974
4.87283
4.81459
4.60898
4.72946
4.64474
4.84874
4.79803
4.84934
5.24506
5.029
4.86843
4.9479
4.86371
4.97038
4.932
4.82056
4.78298
4.71847
4.88202
4.83242
4.80251
5.15827
4.93056
5.00421
4.99068
4.98968
4.8431
5.00508
4.81873
4.81985
5.02586
4.96471
4.74483
4.86452
4.90069
4.87642
4.8597
4.90168
4.87866
4.96875
5.1197
4.83233
4.87273
5.24345
4.89223
4.81662
4.93064
4.81516
5.00906
4.80869
4.78321
4.98686
4.93701
5.0682
4.84629
4.97185
5.0048
4.92514
5.02415
5.0881
4.83685
5.06603
4.90907
4.99741
4.90844
4.88016
4.88218
4.88839
4.86738
4.92299
4.93644
5.14746
5.08162
4.90949
4.90887
5.18615
4.90903
4.97888
5.05899
4.96163
4.85753
5.01496
5.05284
4.9226
4.91507
4.9759
4.89362
4.90076
4.95574
4.97486
4.99597
5.01718
4.99011
4.85848
4.89864
4.9582
4.89764
4.8765
4.91187
4.8338
