4.81219
4.85311
4.85417
4.94114
4.89356
5.04708
4.9458
4.8567
4.9051
4.91327
4.78175
4.87504
4.82455
4.90596
5.03809
4.92764
4.86165
4.91654
4.9105
5.0282
5.04858
4.99324
5.09337
5.11519
4.87374
5.2036
4.93912
5.03103
4.90498
4.86649
4.93346
5.02535
5.22066
4.96994
4.98555
4.9499
5.16301
5.11925
5.02746
4.92783
5.06933
5.17287
5.19365
5.07736
5.04373
5.29589
5.22623
5.11736
4.92927
4.816
5.11167
4.89164
5.11767
4.93131
4.91929
5.1358
4.88517
4.83717
4.98391
5.01853
4.93767
5.12006
4.98464
5.23677
5.12881
4.92277
5.07943
5.02593
4.90164
5.06185
4.87853
4.82117
4.86227
5.0424
4.97312
5.01308
5.11255
5.02132
4.94406
4.89185
5.21063
4.67224
5.40155
5.02296
5.10609
5.09519
4.9002
5.14254
4.80608
4.92102
5.16624
4.77583
4.64494
4.87526
4.83289
5.01203
5.04519
4.73082
5.22678
4.86017
5.11819
4.98255
5.26481
4.71787
4.84618
4.83257
4.80309
4.82147
5.03574
4.6322
5.12845
4.93218
4.86518
4.81132
4.83744
4.94005
4.98004
4.9761
4.82733
4.78061
4.66157
4.83295
4.9234
4.86092
4.79791
5.11583
4.62202
5.06722
5.01429
4.72398
4.86857
4.96301
5.03151
5.11896
5.16427
5.04197
4.75489
4.9277
5.13263
4.80864
4.89096
5.03007
5.03788
5.13559
4.93598
5.14642
5.01533
5.01861
4.77616
4.85461
4.85324
5.16489
5.11102
4.98828
4.87257
4.69292
4.85271
5.28655
4.91141
4.90219
4.98762
4.84681
4.79938
4.88752
4.90813
5.0393
4.87673
4.63414
5.1431
5.01287
5.01858
5.00622
5.10003
4.79582
4.90324
4.81564
5.00836
4.91833
4.87679
5.14277
4.8934
4.89009
5.03879
4.99206
4.77843
5.01715
5.15372
4.85841
5.03366
4.92059
5.01076
4.89178
4.97587
4.73411
4.85608
5.0105
5.1102
5.01795
4.89435
4.81241
4.75198
4.7999
4.90948
4.9429
4.9392
4.90514
4.85046
5.06567
5.00772
5.05347
4.81299
4.91629
4.77035
4.71582
5.04747
4.8659
4.86291
5.16097
4.94147
5.00255
5.0582
5.01954
5.15663
4.99346
5.42914
4.76769
4.95647
4.82988
5.18874
5.10605
4.83779
5.02919
4.80352
5.08164
4.87038
5.3724
4.90563
4.94251
5.10032
4.92151
4.89249
4.96324
4.84422
4.86469
4.75858
4.88807
4.82778
4.95937
5.01809
4.86557
4.9227
5.11871
4.97996
5.14336
5.13103
4.96325
5.31343
5.23185
5.02259
4.95854
5.12922
5.06679
4.79671
4.8146
5.03574
4.91689
4.86776
4.80676
4.99283
4.97311
4.92087
4.78538
4.82306
4.81107
5.43184
4.94347
4.91047
4.89979
5.28193
5.02504
5.009
4.98898
4.95106
4.98817
4.78685
5.10011
5.09837
4.8313
4.943
4.84963
4.94521
5.15563
4.9072
4.84914
5.16462
4.84172
5.1592
5.26804
5.32621
4.96364
5.07299
4.93919
4.95008
4.88092
5.05832
5.41154
4.90942
4.97389
5.8226
5.07281
4.80881
4.73427
4.99782
4.70629
5.21159
4.95822
5.07558
4.99611
4.9766
4.89666
4.98213
5.00053
4.99632
4.86255
5.197
4.92165
5.21092
5.08298
5.08738
4.84691
4.98851
5.19988
4.74091
4.93235
4.97408
5.1206
4.95705
5.21275
5.04188
5.07345
5.43315
4.84203
4.99889
4.90754
4.90833
5.10983
5.07252
5.06353
5.0379
4.95455
5.22433
5.16593
5.01068
5.01327
5.15956
4.9564
5.22407
4.74192
4.99867
4.87024
5.12173
5.02551
4.97437
5.0721
5.09133
4.93254
5.25114
5.079
5.02848
5.02915
5.10846
5.05481
4.90303
4.92975
4.81392
4.95727
5.10659
4.98305
5.14004
4.9661
5.09636
4.85123
5.02761
5.12158
5.03288
5.10278
5.10309
5.08084
5.01751
5.07197
4.9346
4.99712
4.91344
4.92359
4.91023
4.84698
4.86833
4.85007
4.81108
4.82863
