4.95755
4.85514
4.76787
4.75626
4.72173
4.65852
4.63266
4.68363
4.62582
4.57624
4.59166
4.51438
4.57998
4.56477
4.5997
4.66008
4.63338
4.60302
4.56276
4.58236
4.60088
4.59566
4.53886
4.6279
4.64808
4.61363
4.63907
4.69362
4.60113
4.63608
4.50681
4.59259
4.60732
4.61413
4.62644
4.67965
4.76795
4.69729
4.77584
4.87035
4.72674
4.71764
4.72296
4.60775
4.76963
4.81556
4.60403
4.69892
4.78107
4.56767
4.71439
4.68193
4.71465
4.66993
4.77947
4.6722
4.57311
4.67168
4.57888
4.56516
4.73882
4.80594
4.72467
4.73197
4.65986
4.68628
4.70113
4.86512
4.62368
4.71605
4.82011
4.85498
4.61091
4.7409
4.76718
4.82639
4.61062
4.66276
4.70566
4.85999
4.81974
4.65061
4.83802
4.67084
4.61157
4.84041
4.67784
4.68925
4.59296
4.55025
4.75194
4.8404
4.82483
4.70488
4.69369
4.65417
4.54956
4.94783
4.79194
4.73265
4.51793
4.77653
4.84262
4.77843
4.58336
4.70089
4.61105
4.73521
4.81808
4.69944
4.74839
4.73098
4.64961
4.69788
4.80628
4.72995
4.80426
4.71324
4.8413
4.70545
4.67478
4.80253
4.75696
4.74458
4.68129
4.66736
4.79774
4.83342
4.62461
4.60874
4.62718
4.68956
4.73991
4.9223
4.7579
4.79061
4.74503
4.78689
4.79741
4.70515
4.64961
4.89529
4.74587
4.68064
4.64164
4.61428
4.77072
4.71881
4.6547
4.7871
4.74311
4.8085
4.75955
4.85975
4.61363
4.57713
4.72108
4.6031
4.72937
4.90006
4.63765
4.5828
4.80207
4.71252
4.71607
4.67408
4.88047
4.82934
4.72246
4.85424
4.72292
4.61896
4.74327
4.65425
4.64638
4.77571
4.8556
4.72292
4.63171
4.71644
4.80506
4.76873
4.66861
4.77446
4.66076
4.75017
4.65402
4.80338
4.75446
4.87291
4.78812
4.90559
4.81232
4.71456
4.84626
4.61639
4.8118
4.86276
4.60783
4.71917
4.78329
4.69219
4.67915
4.55657
4.66592
4.72057
4.65845
4.73656
4.65664
4.69234
4.5947
4.5638
4.74921
4.64656
4.62849
4.65357
4.76498
4.62856
4.72068
4.5254
5.00856
4.75908
4.74036
4.85415
4.6485
4.64103
4.795
4.6245
4.83255
4.7253
4.78826
4.6655
4.53712
4.80359
4.67728
4.70294
4.65751
4.71547
4.80282
4.80173
4.68944
4.6183
4.51146
4.62924
4.67706
4.61226
4.62503
4.62886
4.63958
4.77026
4.63727
4.63942
4.57296
4.83852
4.53883
4.67032
4.6056
4.54986
4.74284
4.75956
4.7305
4.69464
4.70561
4.64773
4.81663
4.75825
4.56117
4.54049
4.70736
4.46471
4.68585
4.56106
4.67863
4.66616
4.65037
4.65536
4.65644
4.61203
4.82202
4.7133
4.72109
4.76066
4.71657
4.50881
4.71222
4.6186
4.67422
4.93325
4.67058
4.67917
4.45612
4.80101
4.83729
4.62938
4.70717
4.66166
4.86329
4.66514
4.61613
4.76875
4.82796
4.64012
4.72313
4.93559
4.73816
4.7955
4.81881
4.52549
4.7205
4.76235
4.60374
4.68831
4.5684
4.72442
4.84646
4.84923
4.78505
4.86815
4.70292
4.64354
4.84976
4.75052
4.57157
4.83518
4.66531
4.75477
4.71025
4.96055
4.65434
4.72609
4.96483
4.71967
4.64907
4.65474
4.5702
4.73352
4.70944
4.79305
4.70663
4.84092
4.77527
4.74686
4.76735
4.66174
4.71678
4.78609
4.69964
4.82343
4.69997
4.67915
4.62712
4.78673
4.77484
4.7088
4.6718
4.82017
4.69742
4.8531
4.73616
4.82042
4.65263
4.65284
4.62175
4.61886
4.81755
4.73192
4.79947
4.75099
4.63145
4.69684
4.73639
4.56251
4.53163
4.74329
4.67212
4.62203
4.85057
4.7038
4.62728
4.61353
4.76227
4.72173
4.68805
4.69084
4.64184
4.6849
4.71748
4.68679
4.58014
4.67052
4.6933
4.61513
4.70212
4.67395
4.68327
4.68642
4.66193
4.67419
4.72376
4.77813
