4.9535
4.86552
4.88672
4.82786
4.74502
4.76949
4.77814
4.76911
4.73901
4.74447
4.6347
4.65261
4.66814
4.67986
4.8115
4.79049
4.81407
4.73903
4.74186
4.85624
4.66769
4.85057
4.67293
4.64492
4.80327
4.76792
4.72702
4.80154
4.77673
4.81887
4.55164
4.6507
4.57671
4.69478
4.67826
4.61206
4.73653
4.7194
4.71236
4.76241
4.63747
4.83262
4.6814
4.73566
4.59695
4.74003
4.83476
4.687
4.65977
4.78126
4.60156
4.70169
4.60569
4.74723
4.57823
4.65915
4.59306
4.59375
4.61272
4.60515
4.73292
4.67132
4.74092
4.55826
4.86604
4.60435
4.86653
4.84986
4.60055
4.78928
4.71244
4.63184
4.56462
4.67402
4.81193
4.76035
4.68275
4.61097
4.6605
4.61727
4.76331
4.7791
4.68317
4.52856
4.5446
4.58954
4.73676
4.65773
4.80645
4.77813
4.91644
4.56939
4.65001
4.85322
4.71411
4.82857
4.7327
4.57707
4.72412
4.7351
4.80379
4.72578
4.75741
4.7386
4.66057
4.7998
4.70177
5.18344
4.80272
4.89968
4.6437
4.6396
4.66735
4.55052
4.56971
4.89994
4.83219
4.71622
4.62734
4.78615
4.76493
4.94789
4.97398
4.64069
4.73057
4.8018
4.87096
4.77387
4.65952
4.78972
4.84706
4.90152
4.82532
4.65396
4.83058
4.85203
4.63538
4.77436
4.53698
4.82467
4.65951
4.8041
4.75338
5.02905
4.79098
4.79209
4.71163
4.80949
4.76637
4.8231
4.72828
4.66924
4.93827
4.66593
4.68187
4.68385
4.54685
4.85116
4.70191
4.67609
4.83209
4.91616
4.75636
4.73142
4.86444
4.83029
4.77492
4.88083
4.82016
4.96724
4.74317
4.8348
4.55434
4.79375
4.78821
4.60827
4.72409
4.6382
4.77203
4.70884
4.67376
4.85657
4.72665
4.9472
4.8029
4.75271
4.70488
4.77865
4.76524
4.73275
4.80891
4.68963
4.67009
4.89372
4.73938
4.91764
4.91885
4.81132
4.72446
4.75153
4.76794
4.70683
4.89953
4.88842
4.76725
4.91707
4.84804
4.67832
4.73137
4.83691
4.66937
4.65939
4.80286
4.79265
4.85784
4.72839
4.59406
4.8107
4.83009
4.62713
4.71965
4.75863
4.82567
4.88258
4.64807
4.74623
4.84567
4.86204
4.71471
4.79706
4.96736
4.53743
4.50081
4.93614
4.78049
4.84688
4.97174
4.70948
4.77323
4.60525
4.80986
4.71918
4.75643
4.82603
4.7895
4.86407
4.72167
4.84543
4.74146
4.91381
4.63611
4.67479
4.75094
4.63467
4.91016
4.67912
4.66436
4.63034
4.80808
4.64057
4.7131
4.61368
4.70766
4.80395
4.75208
4.59174
4.94168
4.64317
4.71093
4.68516
4.58979
4.83439
4.75615
4.58798
4.88345
4.59711
4.77582
4.86601
4.6232
4.84123
4.69673
4.74547
4.91872
4.76359
4.56631
4.5842
4.82716
4.78463
4.88891
4.74554
4.70175
4.71492
4.82795
4.68628
4.81845
4.88665
4.8169
4.66454
4.6278
4.83823
4.62438
4.69052
4.74556
4.75234
4.754
4.84386
4.87961
4.68113
4.72364
4.80558
4.77177
4.78679
4.73955
4.81859
4.80383
4.62114
4.78861
4.85972
4.61429
4.70154
4.53333
4.73787
4.70974
4.87035
4.6855
4.68344
4.63548
4.72364
4.64844
4.62253
4.75637
4.6762
4.68314
4.93022
4.75887
4.83506
4.62896
4.82715
4.70633
4.77988
4.71691
4.66347
4.73288
4.64694
4.76604
4.65728
4.80869
4.78106
4.66609
4.74931
4.72795
4.81921
4.87156
4.67582
4.68386
4.78829
4.56704
4.71207
4.78055
4.80835
4.80121
4.68186
4.64968
4.74426
4.79088
4.70196
4.70888
4.83316
4.74331
4.80091
4.89441
4.71958
4.78014
4.77977
4.75121
4.63343
4.72059
4.88079
4.93883
4.73289
4.71754
4.79416
4.85987
4.82461
4.71092
4.91586
4.73496
4.96221
4.70453
4.79137
4.81711
4.79451
4.84982
4.78615
4.8351
4.80341
4.73456
4.75372
4.75445
4.72009
