5.01369
4.94166
4.92033
4.86244
4.87031
4.83361
4.85425
4.86337
4.7404
4.76175
4.75295
4.72988
4.70241
4.62497
4.70409
4.6577
4.88035
4.82186
4.80862
4.73469
4.75312
4.73254
4.69542
4.58895
4.68204
5.03332
4.79917
4.74879
4.77334
4.63011
4.62805
4.79139
4.70085
4.70255
4.79302
4.82213
4.74842
4.83561
4.84359
4.79279
4.82479
4.74573
4.6956
4.82222
4.73413
4.66182
4.7123
4.80484
4.54649
4.83273
4.62368
4.84885
4.70853
4.74825
4.79196
4.90807
4.86067
4.94187
4.7299
4.85371
4.83309
4.73351
4.81082
4.77774
4.80734
4.73521
4.74307
4.88799
5.04007
4.8541
4.80087
4.69958
4.92598
4.71422
4.80889
4.90998
4.63322
4.89268
4.85643
5.02038
4.72454
4.64704
4.65008
4.8065
4.53082
4.72484
5.01108
4.8002
4.72713
4.67732
4.97617
4.89268
4.72781
4.94287
4.715
4.81941
4.71949
5.20592
4.82465
4.83659
4.867
4.5692
4.61796
4.61215
4.6813
5.01516
4.72959
4.63236
4.71754
4.55386
4.78226
4.83903
4.93023
4.54304
4.80455
4.76786
4.8296
4.59367
4.68018
4.98199
4.82452
4.85264
4.66112
4.79882
4.76638
4.88772
4.86773
5.12368
4.73616
4.83983
4.65507
4.65868
4.74461
5.05162
4.9228
5.09491
4.62065
4.94429
4.75439
4.75165
4.67184
4.62965
4.83692
4.86049
4.82784
4.74156
4.69961
4.7164
4.71971
4.79915
4.86598
4.88328
4.89596
4.84932
4.89831
5.04759
4.73142
4.92175
4.78677
4.8601
4.9534
4.98076
4.7478
4.77855
4.73811
4.87899
4.87188
4.72891
4.75688
4.69007
4.9978
4.82932
4.71895
4.69509
4.7747
4.86143
4.78201
4.69269
4.81309
4.67532
4.90509
4.73452
4.67975
4.80247
4.99475
4.86693
4.86483
4.70933
4.81476
4.77614
4.78457
4.82763
4.81767
5.00292
4.75791
4.69311
4.77783
4.67855
4.7872
4.86671
4.81846
4.90533
4.88095
4.82694
4.79282
4.80847
5.01378
4.84166
4.9044
4.97169
4.9721
4.81713
5.13811
4.96961
4.77774
4.96364
4.74555
4.66823
5.02777
4.81867
4.91244
4.83955
4.72386
4.75681
4.82869
4.65461
4.91231
4.69133
4.73174
4.81567
4.7854
4.8747
4.69067
5.03732
4.66249
4.71768
4.70243
4.85398
4.73367
4.98446
4.86806
4.6282
4.79044
4.60114
4.92239
4.93744
4.64852
4.75857
4.93515
4.47054
4.63403
4.76909
4.76105
4.76003
5.04289
4.72377
4.98293
4.75735
4.9864
4.92375
4.87187
4.8414
4.70972
4.58068
5.06969
4.86435
4.68848
4.66021
4.78
4.88454
5.20436
4.75988
4.70945
4.66949
4.84065
4.80726
4.78736
4.61287
4.82473
4.73572
4.96793
4.80464
4.63108
4.6718
4.86366
5.00382
4.70364
5.06216
4.6947
4.94727
4.82923
4.79089
4.68017
4.68863
4.88819
4.8043
4.66979
4.72683
4.68075
4.77145
4.79832
4.93391
4.74798
4.68468
4.81593
4.77063
4.67255
4.73911
5.0606
4.97984
4.87975
4.94662
4.62451
4.87536
4.60558
5.00523
4.7665
4.65238
4.75199
4.62346
5.17682
4.67045
4.69173
4.54076
4.67757
4.85075
4.75455
4.53591
4.93488
4.7287
4.77904
4.8172
4.8143
4.68275
4.76577
4.67056
4.86455
4.785
4.80293
4.72259
4.61392
4.81173
5.06796
4.72304
4.82607
4.80668
4.82771
4.91923
5.02465
4.87627
4.82931
4.74119
4.8449
5.09045
4.7435
4.92747
4.68746
4.69018
4.7606
4.77983
4.92628
4.76721
4.81185
4.77241
4.89839
4.73008
4.80538
4.79493
4.86679
4.76407
4.74161
4.88424
4.82209
4.83859
4.82698
4.92956
4.91142
4.80825
4.74668
4.79705
4.82474
4.8624
4.75352
4.78484
4.80918
4.70472
4.74864
4.81898
4.77049
4.87436
4.7584
4.73501
4.8271
4.82127
4.77211
4.77864
4.77342
4.73184
4.71784
4.71965
