3.68985
3.73163
3.72963
3.74171
3.77027
3.77023
3.77676
3.78394
3.77258
3.77306
3.80485
3.80661
3.79757
3.79929
3.80007
3.87576
3.7991
3.77848
3.79856
3.76753
3.79026
3.76571
3.7784
3.83015
3.78048
3.78761
3.79718
3.77817
3.81567
3.79358
3.74363
3.74117
3.77913
3.77941
3.75155
3.77287
3.83014
3.79061
3.78823
3.81136
3.77825
3.72055
3.77257
3.79373
3.72449
3.79211
3.81371
3.77235
3.75489
3.7243
3.765
3.71248
3.72091
3.81195
3.7897
3.7672
3.80957
3.756
3.6948
3.69001
3.74114
3.82929
3.77062
3.75847
3.76104
3.81994
3.73478
3.75521
3.80368
3.76702
3.78511
3.81909
3.75953
3.70256
3.75923
3.72292
3.71001
3.68788
3.77117
3.71331
3.78383
3.78924
3.72604
3.75224
3.78817
3.6856
3.72618
3.80659
3.75373
3.62745
3.73561
3.72609
3.76007
3.73726
3.75303
3.78261
3.6814
3.76194
3.81221
3.75532
3.72828
3.69846
3.76603
3.7199
3.83056
3.75443
3.77091
3.75007
3.76414
3.72445
3.73542
3.75935
3.76978
3.78763
3.79604
3.71139
3.77015
3.69221
3.7817
3.72073
3.73672
3.64927
3.73811
3.78091
3.66871
3.7137
3.78823
3.77869
3.78167
3.78112
3.85358
3.70189
3.78318
3.79737
3.76765
3.73808
3.75568
3.76165
3.79173
3.74117
3.80037
3.66217
3.7237
3.74791
3.8329
3.76584
3.78059
3.70362
3.78065
3.77077
3.81491
3.74353
3.7495
3.77997
3.77771
3.844
3.77751
3.72943
3.76856
3.7213
3.70336
3.6395
3.74125
3.76087
3.70946
3.7329
3.73818
3.75051
3.83446
3.76157
3.78811
3.75818
3.76541
3.77676
3.77305
3.73259
3.74783
3.82161
3.7544
3.71426
3.77796
3.7317
3.7161
3.80911
3.76664
3.74415
3.80088
3.75756
3.77369
3.85538
3.73485
3.76297
3.8641
3.82942
3.78179
3.75915
3.75885
3.77356
3.75709
3.8414
3.77559
3.80682
3.73099
3.74237
3.84285
3.77363
3.77023
3.83362
3.75122
3.78816
3.78239
3.78993
3.76848
3.8488
3.77362
3.81208
3.76658
3.78173
3.74151
3.80234
3.73749
3.81959
3.78214
3.82885
3.84272
3.83085
3.76291
3.66029
3.72679
3.69195
3.82796
3.73239
3.71173
3.65246
3.73332
3.73231
3.76641
3.82388
3.80952
3.77436
3.74671
3.75606
3.74385
3.66388
3.79505
3.76807
3.63641
3.74846
3.67092
3.7588
3.7809
3.85942
3.73782
3.82618
3.82948
3.84633
3.71129
3.68889
3.64933
3.75579
3.79305
3.70246
3.79462
3.76248
3.76232
3.75597
3.77009
3.72554
3.77731
3.8873
3.749
3.87593
3.69824
3.73997
3.67615
3.68409
3.75288
3.72651
3.72851
3.73547
3.80169
3.77995
3.7701
3.80559
3.73585
3.79336
3.73034
3.77465
3.69597
3.77334
3.77415
3.78717
3.80218
3.77649
3.71521
3.75083
3.75211
3.79352
3.77351
3.75592
3.66139
3.77052
3.70021
3.74613
3.71043
3.79379
3.72982
3.67981
3.75802
3.79743
3.63853
3.76572
3.78285
3.8277
3.71359
3.79788
3.97662
3.78143
3.65818
3.76141
3.76449
3.71446
3.80522
3.73906
3.86029
3.7544
3.72296
3.77249
3.80244
3.76689
3.71446
3.74683
3.81763
3.70437
3.82195
3.74073
3.79053
3.79196
3.73591
3.66391
3.72261
3.81841
3.69301
3.73645
3.67539
3.75904
3.74331
3.82527
3.73696
3.77011
3.84173
3.74331
3.73655
3.7972
3.73092
3.85105
3.80033
3.74522
3.87306
3.78161
3.77918
3.76827
3.83172
3.79406
3.78247
3.79483
3.69393
3.87648
3.69737
3.75953
3.81757
3.78339
3.83885
3.81083
3.76347
3.86066
3.70756
3.7882
3.75735
3.78549
3.83751
3.83227
3.81508
3.766
3.71403
3.75099
3.74734
3.73351
3.71917
3.78823
3.78824
3.7596
3.73462
3.76181
3.78504
3.84109
3.86382
3.7624
3.78474
3.78133
