4.97642
4.8317
4.8514
4.79479
4.71964
4.75132
4.69671
4.66186
4.71667
4.59573
4.68435
4.61751
4.67956
4.53756
4.65809
4.52667
4.6614
4.68157
4.67128
4.69145
4.61169
4.74981
4.64654
4.75887
4.6345
4.47193
4.58321
4.63231
4.8043
4.64594
4.63882
4.82509
4.58677
4.57429
4.58555
4.50074
4.85133
4.61013
4.65892
4.68884
4.71955
4.51703
4.64224
4.7571
4.72949
4.69345
4.76773
4.6655
4.70911
4.60905
4.77899
4.6394
4.55252
4.5947
4.75824
4.50441
4.61569
4.69189
4.77932
4.68061
4.67979
4.75662
4.52853
4.78161
4.83617
4.60227
4.63871
4.51499
4.71653
4.70431
4.87338
4.74043
4.63776
4.67431
4.80817
4.80786
5.02869
4.6667
4.72726
4.50137
4.62695
4.78205
4.61972
4.83525
4.54023
4.67795
4.56323
4.61078
4.61972
4.59573
4.67858
4.52219
5.00127
4.72037
4.84935
4.49468
4.73489
4.66051
4.82141
4.72473
4.78086
4.68064
4.79174
4.57
4.60901
4.59939
4.8944
4.78067
4.5897
4.80172
4.65185
4.74544
4.47713
4.7563
4.9548
4.78603
5.202
4.60971
4.52456
4.66654
4.71826
4.77093
4.69748
4.6126
4.61804
4.84818
4.74282
4.79417
5.01845
4.80321
4.70119
4.69727
4.85765
4.76798
5.0758
4.74778
4.70457
4.88616
4.71721
4.77284
4.68886
4.89078
4.88153
4.70611
4.93857
4.7959
4.78873
4.73609
4.93398
4.62436
4.79626
4.8572
4.8159
4.70075
4.86015
4.7578
4.8039
4.51031
4.78877
4.77789
4.5672
4.80829
4.86363
4.67742
4.70834
4.73527
4.83131
4.72149
4.67178
4.75882
4.66837
4.68462
4.93501
4.66577
4.73013
4.97179
4.74717
4.6158
4.70428
4.84896
4.64941
4.74304
4.84504
4.67842
4.84873
4.7334
4.51334
4.81032
4.70321
4.88884
4.82589
4.76489
4.70164
4.95927
4.68761
4.80356
4.70348
4.77474
4.74024
4.74417
4.86028
4.73315
4.82356
4.63441
4.61679
4.85432
4.72687
4.7304
4.83855
4.80529
4.7522
4.71994
4.74483
4.72975
4.79694
4.77396
4.82885
4.88085
4.7018
4.66328
4.76679
4.72155
4.75485
4.66498
4.58657
4.90616
4.75364
4.65906
4.80437
4.54871
4.5531
4.7954
4.6242
4.6325
4.85756
4.84876
4.78892
4.75275
4.78206
4.67781
4.69557
4.86991
4.63611
4.80125
4.63245
4.7222
4.60377
4.85199
4.75215
4.82479
4.66885
4.54081
4.65245
4.68866
4.68548
4.73042
4.7156
4.69302
4.54733
4.66475
4.73544
4.82607
4.81362
4.63518
4.96963
4.75714
4.62512
4.76859
4.84428
4.62571
4.66536
4.63068
4.67275
4.85347
4.66752
4.81556
4.79
4.58192
4.70129
4.74588
4.7728
4.65282
4.72715
4.92623
4.78988
4.6931
4.78807
4.99126
4.78577
4.73572
4.82361
4.67213
4.82032
4.45153
4.66738
4.39799
4.77411
4.89142
4.73196
4.58848
4.62679
4.79758
4.7803
4.77725
4.97336
4.74866
4.959
4.6511
4.58789
4.59788
4.60802
4.6608
4.63551
4.66415
4.61295
4.50155
4.57907
4.64362
4.63633
4.60719
4.77904
4.79892
4.759
4.85395
4.87318
4.58433
4.63081
4.9262
4.69864
4.81248
4.81391
4.82795
4.66448
4.68611
4.57016
4.67177
4.67673
4.6795
4.82768
4.72402
4.80461
4.73877
4.80537
4.81146
4.55483
4.66676
4.84819
4.85993
4.83683
4.64779
4.70065
4.80864
4.76394
4.8341
4.60493
4.72384
4.81421
4.66619
4.68846
4.77919
4.88472
4.72531
4.83827
4.73168
4.93224
4.89295
4.69916
4.83677
4.74494
4.75465
4.88111
4.79674
4.84935
4.85778
4.6693
4.80147
4.73008
4.80502
4.61848
4.81543
4.80616
4.79677
4.65086
4.85042
4.84642
4.82525
4.7788
4.88398
4.82048
4.70151
4.671
4.80184
4.72132
4.74468
4.75157
4.74926
4.71155
4.73107
4.70405
4.73722
