4.86482
4.86806
4.87961
4.92752
4.88161
4.85694
4.88264
4.81803
4.93919
4.73495
4.87296
4.85363
4.8705
4.92645
4.8075
4.91906
4.92054
4.79144
4.8084
4.81503
4.85194
4.95258
4.98035
4.84654
4.82624
4.74704
4.90447
4.83307
4.94617
4.82728
4.9427
4.84607
5.02425
4.82877
4.84693
4.83944
4.84791
4.97953
5.17538
4.92427
4.87535
4.91835
4.92881
4.92302
4.93327
5.06288
4.95529
4.82056
4.87177
5.06972
4.84955
4.84473
4.80088
5.03796
4.67551
4.95775
4.76923
4.90725
4.96368
5.20832
4.95971
4.92467
4.89266
4.92512
4.88288
4.84194
5.04073
4.7953
4.95595
4.93921
4.95744
5.01491
4.93179
4.89589
4.63035
5.01528
4.97413
4.65686
4.8
4.79272
4.75463
4.71458
4.73835
4.77834
4.73882
4.74238
4.86511
4.87863
4.71314
4.67428
4.84815
4.83197
4.83884
4.99104
4.90228
4.77503
4.92535
4.74006
4.66029
4.9564
4.95421
4.75951
5.06007
5.00773
4.89688
4.94001
5.1578
4.76847
4.94785
4.85434
4.79857
5.09135
5.15132
4.99222
4.78257
4.78587
5.22161
4.94539
5.11689
4.93424
5.00453
4.80444
5.15307
4.91379
5.01892
4.86662
4.85061
5.05492
4.83675
4.95158
4.88613
5.03324
4.83377
4.79322
4.93338
4.78871
5.01814
4.74587
5.15986
4.71717
4.81932
4.9014
4.93004
4.97444
5.00274
4.90816
4.74991
4.89185
4.91153
4.91804
4.88698
5.0803
5.08899
4.85354
4.79504
4.88609
5.12273
4.79943
4.84201
4.86878
4.83671
4.75595
4.94849
4.72407
4.76211
4.76106
4.96245
4.83247
4.98448
5.24685
4.98932
4.86282
5.03177
5.00353
4.93892
4.77283
5.04792
4.97097
5.0217
5.05763
4.86966
5.0078
5.13324
4.84343
5.22482
4.93136
4.80073
4.82116
4.86656
4.94501
5.03524
5.03494
4.91495
4.84928
5.02605
4.81491
4.86517
4.83062
4.90651
4.89233
5.02617
4.79098
4.78582
4.88366
4.78686
4.82653
5.17073
4.86738
4.94981
4.95233
4.68958
4.98552
4.90108
4.94838
4.8976
5.11584
4.87013
4.90075
4.86877
5.0424
4.95403
4.75748
5.14809
4.88686
4.81638
4.92474
5.12294
4.84452
4.96079
5.05952
4.78917
4.89172
4.71945
4.75502
4.98055
4.88754
5.09958
5.00678
5.02007
5.13875
4.79206
4.82708
4.89271
4.84845
4.69687
4.95371
5.45259
5.27337
5.07377
4.87604
5.02704
4.92043
4.94059
4.68206
4.83192
4.84667
4.90521
4.98352
4.66816
5.10499
4.83795
5.0004
4.83627
5.03303
4.96573
4.91199
4.77786
4.81732
5.01268
5.0678
4.92111
4.90699
4.8495
4.82191
4.86383
5.01746
4.82919
4.99789
4.95636
4.87607
4.80079
4.71497
5.12778
4.95454
4.84882
4.85081
5.1163
4.94841
4.75361
4.87897
4.97244
5.1144
4.98201
4.74033
4.78099
4.94133
4.73503
4.88156
4.90748
5.0335
4.66776
5.1175
4.7573
5.10351
4.76767
4.7595
4.92997
4.86095
4.83178
4.9167
4.88645
4.74018
4.89607
5.01208
5.22127
4.92011
5.0881
4.82763
4.87019
4.82164
4.67195
4.68693
4.7903
4.92343
4.85407
4.85693
4.95887
4.7697
4.81906
4.84621
4.84812
4.97116
4.74933
4.92707
4.80789
4.93467
4.92729
5.02961
4.83294
5.04466
4.7792
4.7467
5.13687
4.76683
4.98145
4.93264
4.8349
4.98123
4.90306
5.00406
4.90349
4.84057
4.71734
4.77677
5.08211
4.79917
4.874
4.90682
4.84484
4.86429
4.88629
4.82741
4.87415
4.8166
4.72268
4.95386
4.91955
4.97156
4.95033
4.91954
5.03961
4.92497
4.89839
4.86256
5.0012
4.93132
4.88151
4.94984
4.98035
5.05948
5.07823
4.87966
5.01123
5.00561
4.88669
5.04549
5.04874
4.95529
4.89103
4.96407
4.99769
4.88325
4.83482
4.9559
4.91086
4.88055
4.85324
4.8591
4.84
4.80118
