4.95442
4.90056
4.94857
4.92682
4.94577
4.81815
4.92984
4.89011
4.88
4.87969
4.9472
4.76787
4.82629
4.83959
4.88735
4.90637
4.99061
4.75993
4.94477
4.81743
4.79703
4.79353
4.74976
4.80061
4.95812
4.80868
4.86947
4.74594
4.73489
4.83651
4.68894
4.83768
4.9468
4.84321
4.67128
4.96667
4.88223
4.87481
4.93173
5.0439
4.83774
4.91114
4.95929
4.74818
4.71492
4.80464
4.89308
4.94952
4.87765
4.7964
4.87392
4.79207
4.88619
4.97697
5.09715
4.82942
5.00638
4.81218
4.84807
4.64101
4.79514
4.84672
4.9638
5.22182
4.79779
4.97251
4.78998
4.77319
4.78372
5.04508
5.0419
4.81718
4.82277
4.8687
4.89796
5.18293
4.80192
4.89457
5.08683
4.74254
4.89433
4.75415
4.74924
4.85582
4.70801
4.98197
5.00511
4.82312
4.95639
4.74421
4.88568
4.98223
4.64546
4.81243
4.76613
4.97119
5.1276
4.61439
4.91628
5.01134
4.74353
4.93172
4.81139
4.8682
4.83738
4.7764
4.91477
4.94448
4.70401
4.9225
4.80598
4.9572
4.82614
4.75807
4.74916
4.87822
4.87074
5.01642
4.70557
4.80467
5.08907
5.09269
4.89224
4.66631
4.72495
5.17264
4.86988
4.85602
4.88143
4.74005
4.97792
4.96991
4.98254
4.90106
4.84673
4.73368
5.07069
4.82589
4.96007
4.96691
4.89268
4.8705
4.89697
4.76707
4.86641
5.28909
4.87141
4.86641
4.7255
4.64096
4.7092
4.89001
5.25917
4.83887
4.6613
4.9807
5.3751
4.83796
4.95565
4.87696
4.98076
5.20879
4.8469
4.83793
4.80746
4.77712
5.03534
4.70041
4.74945
4.84799
4.79864
4.81436
4.91687
4.80306
4.7992
5.01484
5.01609
5.37784
4.77706
4.8775
4.92684
4.9296
4.8518
5.03139
4.93307
4.77858
5.03315
4.89698
5.00049
4.89691
4.83682
4.9484
4.81119
4.98237
4.93498
5.0666
5.04059
5.07982
4.99264
4.81399
5.04294
5.03199
5.11619
4.88642
5.18184
4.92046
4.91695
4.91236
4.89348
4.85717
5.04668
4.94527
4.93689
5.33677
4.97428
5.05837
4.96089
4.86112
4.90817
4.88264
5.06998
4.73668
5.25856
5.08003
4.94342
4.77331
5.055
4.78873
4.96401
4.95301
4.88488
4.82159
4.85922
4.81651
4.80018
4.89241
5.01668
5.33388
5.18333
4.82768
4.70973
4.69321
5.00068
4.80613
4.91927
4.8175
4.98165
5.17791
5.26585
5.07501
4.96574
4.98931
4.85394
4.86357
4.96884
4.86333
5.05845
5.08472
4.89543
4.77261
5.25336
4.82068
4.87751
4.891
4.84187
4.96693
4.88389
4.8602
4.79498
4.95441
4.96817
4.82437
4.7756
5.08645
4.83196
5.12317
4.86272
4.85887
4.99026
5.09854
5.19298
4.75686
4.70208
5.03074
4.91734
5.026
5.05509
5.02009
4.94753
4.75083
4.96781
4.82183
4.93301
5.15185
4.93125
4.8802
4.78384
4.96059
4.89902
4.9632
4.88147
4.74829
4.82016
4.95738
4.88539
4.70746
4.84435
4.99418
4.89663
5.23531
5.04787
4.86172
5.13881
4.90355
4.8367
4.95164
5.41992
5.35023
4.94608
4.92539
5.03774
4.88989
4.76169
4.90814
4.84717
4.94154
4.94048
4.82979
5.00001
4.72187
4.81308
4.68679
5.01605
4.85021
5.0165
4.94439
4.94386
4.81977
5.18131
4.92103
4.75109
4.96797
4.85248
4.74517
5.13198
4.68334
4.89442
5.05909
4.76866
4.86106
5.03092
4.79309
4.87383
4.82072
4.88732
5.16308
4.9534
4.8108
5.10898
4.80299
4.95252
5.08619
5.1284
5.10158
4.8698
4.91298
4.72106
4.84555
4.93696
5.01152
5.07111
4.87491
4.87826
4.98995
4.92583
4.99977
4.88816
4.84262
5.07266
5.15409
4.92056
4.91826
5.00827
4.94382
4.94452
4.8266
4.91251
4.9202
4.93811
4.83898
4.94257
5.00157
5.00684
4.99776
4.93981
4.87994
4.84892
4.90118
4.84083
4.79175
