4.85371
4.84164
4.83372
4.87161
4.94808
4.89602
4.81089
4.87366
4.91379
4.88144
4.89028
4.90398
4.83544
4.84154
4.92916
4.81135
4.77588
4.72391
4.81303
5.08729
4.885
4.91428
4.86943
4.9602
4.92879
4.78957
4.94812
4.86776
4.73116
4.84825
5.11205
4.84805
4.87535
4.80926
4.54927
4.88306
4.84701
4.90756
4.79077
4.88069
4.86918
4.9963
4.72872
4.88708
4.90594
5.15633
4.89477
4.87127
4.87464
4.8595
4.58164
4.90247
4.75421
4.56373
4.80556
5.06232
5.01143
4.70393
4.68831
4.69046
4.70303
4.99786
4.8271
4.9523
4.90373
4.8568
4.72552
5.24049
4.7227
4.84216
4.80088
4.90275
5.01591
4.90101
5.06664
5.16961
4.71798
4.67124
4.77559
4.70505
4.95547
4.56092
4.97716
5.024
4.87453
4.81295
4.84892
4.69292
4.81134
4.86641
4.99847
4.97152
4.63256
4.84957
4.97054
4.78637
4.9976
4.64575
4.97846
4.91156
4.96368
4.79817
4.88721
4.9472
4.7043
4.95933
4.97161
5.05034
4.78283
5.12511
4.7227
4.95898
4.73392
4.60776
4.92589
4.88959
4.67886
4.83935
4.84582
4.69284
4.88903
5.00767
4.96736
4.95779
5.10513
4.8136
4.84877
4.71896
5.16775
4.98884
5.16284
5.01796
4.92982
4.83615
4.9815
4.92484
4.94185
4.89956
4.79473
4.91035
4.86938
5.09585
4.89438
4.75499
4.93135
4.9896
5.0321
4.84037
4.82074
5.01896
4.60889
4.94452
4.95192
4.5425
4.90923
4.76398
4.80585
4.69441
4.72828
4.90101
5.01161
5.03387
4.90186
4.96314
4.93403
4.72141
4.81754
4.89523
5.04548
4.99416
4.89839
4.88346
4.89298
5.12997
4.81185
4.92218
4.83405
4.8944
4.86832
4.79972
4.80083
4.84906
4.87871
4.88341
4.80883
4.90795
4.79324
4.84441
4.81803
4.84243
4.9069
4.72363
4.84167
4.69215
4.89309
4.95062
4.78622
4.78775
4.72627
4.80634
4.81341
4.94446
4.80119
4.8068
4.80622
4.63687
5.05161
4.99634
4.87746
4.8666
4.84903
4.91755
4.76875
4.97405
4.77617
4.93074
4.90338
4.7333
5.00072
4.80282
4.8213
5.19761
4.90883
4.89505
4.9414
4.99928
4.84206
5.11869
5.06474
4.85349
4.98137
4.82027
4.73075
4.81789
4.92282
5.03186
4.95272
4.74661
5.18766
4.821
5.23559
4.77361
4.91877
4.88908
4.97784
4.88323
5.02154
4.63721
5.38024
4.80747
5.01424
4.74125
4.92506
4.75543
4.90086
4.75305
4.88993
4.97324
4.92119
4.9427
4.68924
4.86269
4.72762
4.75749
4.92464
4.73362
4.82451
5.32797
5.12919
4.77981
4.8216
4.9227
4.77342
4.83168
4.91217
4.91379
5.01396
4.83786
4.99874
4.97823
4.9139
4.87006
4.80259
4.7937
5.0134
4.80879
5.10879
4.79965
4.97263
4.91049
4.94363
4.89657
4.62715
4.61982
4.89701
4.88872
4.93758
4.86252
4.86246
4.72448
4.90879
4.9678
4.77963
4.94422
4.87483
5.01463
5.0035
4.73193
4.77622
4.87942
5.03361
4.88982
5.06011
5.01853
5.00668
5.26209
5.06106
4.98901
4.84495
5.03608
4.88476
4.72562
4.77338
5.10084
4.78487
5.01314
5.23973
4.76238
4.96999
4.82318
5.01849
5.06209
5.09295
4.84416
5.05809
5.06165
4.84414
5.07535
5.03499
4.98617
4.96134
5.15817
5.05625
5.03955
4.97367
4.99902
5.05492
5.06439
4.76568
4.84381
4.91917
4.95891
4.92383
5.16709
4.92009
5.02183
5.13841
5.06478
5.07151
4.93516
4.9644
5.05611
5.09156
4.94184
5.15982
4.99011
5.10588
4.80961
4.83951
4.90279
4.89516
5.0662
4.87734
5.03116
4.93101
4.85136
5.04293
4.88349
4.95672
4.94587
4.81674
4.78832
4.99541
4.91924
4.94068
4.97825
4.79839
4.87704
4.81266
4.71192
4.75108
4.77583
4.76974
4.77736
4.7706
4.73567
4.75016
4.70335
4.72993
4.84732
