4.93095
4.88746
4.84908
4.92886
4.89238
4.90634
5.01729
4.98594
4.94816
4.90123
4.9316
4.85873
4.79482
4.84205
5.03059
5.01778
5.0283
5.03747
4.95801
4.87214
4.9707
4.92938
5.03781
4.90935
5.05783
4.72727
4.92575
4.84614
4.92481
5.31722
4.92655
4.76025
4.91305
4.97611
4.93517
4.87088
5.15355
4.98028
4.7317
4.9605
5.11028
4.76746
4.97702
5.21944
5.29693
4.87681
4.98869
5.19814
4.91502
4.96561
5.02609
5.21813
4.91928
5.02489
5.09576
5.06259
4.88197
5.04561
4.78024
4.9374
4.99306
4.97782
4.96415
5.19758
5.10702
4.97325
4.7782
5.24104
5.0644
5.04992
4.869
4.88211
4.96943
4.84289
4.94811
5.1596
5.09682
4.70345
4.8082
4.83279
4.86779
5.06874
4.80883
4.78923
4.7969
5.04913
5.40186
5.17999
4.86191
4.98726
4.84328
4.95433
4.85031
4.97892
4.72858
5.2317
4.99259
4.90535
5.32107
4.92454
4.73485
4.72159
4.91707
5.25915
4.71236
4.91433
5.07339
4.7698
4.93377
4.82507
5.28446
4.84046
5.04466
5.23141
5.04585
4.87971
5.08304
5.16419
5.03292
4.98234
4.86325
5.20211
4.97045
4.94512
4.6819
5.11972
4.9864
4.9937
5.14797
4.8658
5.02326
5.67975
5.14446
4.99991
5.16559
5.15343
4.781
4.87541
4.77108
4.93699
5.08884
5.31049
5.09594
5.03643
4.97537
4.92539
5.04266
4.9203
5.13853
4.62096
4.94537
4.81949
4.80727
5.03373
5.00994
5.08669
4.96069
5.02911
4.86393
5.00325
5.04681
4.87063
4.57222
4.81845
4.78051
4.80667
4.86012
5.35205
4.91166
4.94196
4.99511
5.16428
4.98083
5.29635
4.84114
5.13415
5.06891
5.14782
5.0373
5.04047
4.90388
4.94577
4.82246
4.89971
5.01403
4.95687
4.9516
4.85872
4.92317
4.80867
4.93743
5.03558
5.14204
4.98134
5.03366
4.77391
4.8171
4.82112
4.84169
4.95364
4.80122
4.90162
4.86787
4.92579
5.05391
4.77245
5.14212
5.07947
4.79237
4.8204
5.00405
4.98253
4.96912
4.99409
4.78355
5.0745
5.20322
5.039
5.03277
4.94776
5.00215
5.24049
4.82356
5.04426
5.03061
4.66088
4.93862
5.03763
5.08899
4.95342
4.85107
4.79376
5.00134
4.98842
4.72928
5.02595
4.98527
4.85609
4.88468
4.86548
5.12879
4.82748
5.30315
4.92054
5.23398
4.8711
5.18226
4.84846
4.82227
5.19291
5.1797
4.96782
5.03021
4.8901
4.72259
4.82953
4.88813
5.01944
5.11647
5.01714
5.56852
4.70368
4.86064
4.87743
4.88709
5.15452
5.15819
4.96703
4.92867
5.03614
4.88241
5.37928
5.20864
4.93537
5.07803
5.01281
4.95779
4.95405
4.94029
4.96722
4.78807
5.04712
4.59945
5.01145
5.10446
4.91854
4.89447
5.06139
4.94361
5.20039
5.30936
4.86336
4.84693
4.71775
5.04102
4.92615
4.96386
4.98016
5.11607
4.95385
4.8181
5.16047
4.83177
4.87162
4.89639
5.17382
4.76829
4.99658
5.15619
5.17307
4.94865
4.87143
4.81397
4.72922
5.14147
4.86779
4.65434
5.22016
4.90235
5.00576
4.91875
5.19348
5.05178
5.125
4.74956
5.03697
4.95555
4.81197
4.80748
5.04469
4.82949
4.92682
4.98075
4.96702
4.77757
4.76314
4.93764
4.91023
4.97956
5.09392
5.03704
4.72684
5.05389
4.92108
4.85957
4.9885
4.92518
4.92956
5.25065
4.76444
4.9306
4.97876
4.99334
4.95157
5.09574
4.97078
5.03041
4.96823
4.84199
5.11942
5.22814
4.88819
4.90212
4.88554
4.7681
5.02298
4.88313
5.01051
5.07852
5.01934
5.05975
5.07926
5.01412
5.08817
4.88809
5.25572
4.95848
5.01135
4.92752
4.95291
4.99424
5.07497
5.0064
5.18155
5.02164
4.98234
5.07397
4.97763
5.05775
5.02871
5.10779
5.03078
5.04936
4.98506
4.94024
5.00559
5.01297
4.90944
4.88772
4.81518
