4.81042
4.8272
4.86602
4.84274
4.79872
4.97319
4.98295
5.06542
4.94023
4.95716
4.8692
4.94102
5.19812
4.8611
5.01721
4.94499
4.87472
5.00932
5.06281
4.76194
4.92852
4.84464
5.04103
5.11401
4.92165
4.93087
5.19515
5.00288
5.27787
4.99501
4.83358
5.0465
5.14378
4.86272
5.0187
5.10756
5.03035
4.95937
4.96482
4.85706
5.17844
4.83807
5.00241
5.12396
5.14955
5.20734
5.45744
5.16999
5.03305
4.97338
5.38986
4.9703
5.04747
4.88644
5.21051
4.87776
4.7396
5.0204
4.97375
4.99127
5.17257
4.75842
4.95127
5.44277
5.05715
5.15949
5.21936
4.90552
5.0412
4.71142
5.09755
5.12373
5.39057
5.02084
5.27484
5.03806
4.7943
5.00031
5.34018
5.63245
5.3282
4.77705
4.97419
4.89592
4.99064
5.35498
5.03014
4.87831
4.86311
4.97649
5.03162
4.93699
5.32538
4.95445
4.68194
5.20482
5.08242
4.91989
5.06781
4.83034
5.15162
4.91891
4.88202
5.21465
5.34658
4.8684
5.05326
5.21085
5.15584
4.79111
5.28531
5.0566
5.02696
4.85303
5.12766
4.81049
5.02016
5.15124
4.75995
5.27868
5.15886
4.85369
5.30054
5.00482
4.98283
4.91631
4.92193
4.94743
5.28033
5.01447
5.10331
5.01015
4.97667
4.83779
5.153
5.29883
4.9009
4.98145
4.75962
4.78522
4.90882
4.93665
5.17225
5.41922
4.78028
4.90449
4.93928
5.08431
4.94424
4.74962
5.07029
4.84042
4.97429
5.00826
4.91769
4.78118
5.01012
4.92152
4.87538
5.13982
4.74425
5.1879
4.88283
4.92264
4.88011
5.27215
4.78271
5.11552
4.9993
5.07332
5.08421
4.78494
4.95907
5.01003
4.97339
5.1299
5.03962
5.08387
4.87761
5.00984
5.0983
5.18612
4.78425
4.98308
5.51661
5.13743
5.11291
4.98699
4.90116
5.08725
4.77746
4.81298
5.15557
4.87913
5.09237
5.02817
5.16027
4.98703
4.92965
5.154
5.07219
5.18584
5.23526
5.0778
4.9571
4.88646
5.00928
5.26953
5.35553
5.19722
4.96478
5.07119
4.88528
5.11343
4.82031
5.34337
5.03793
5.01835
4.90442
5.09129
4.93895
5.12584
5.19438
5.0072
5.15443
5.08721
5.1247
5.12066
5.09453
5.01366
4.90158
5.20285
4.88639
4.87823
5.07908
5.18359
5.03429
4.92092
5.11154
5.24591
4.79582
4.99121
5.24184
5.20892
5.09517
4.93958
4.88017
5.4239
4.98986
4.86956
5.21698
5.19988
5.08739
5.27122
5.19867
5.33399
5.00243
4.99449
5.14581
4.95284
4.73495
5.04264
4.99828
4.97632
5.01148
5.09035
4.71935
4.76805
4.85565
5.29713
4.7661
4.80693
5.05928
5.173
5.02003
4.93058
5.18692
5.03145
4.99545
4.8619
4.85047
4.87153
4.8778
5.15962
4.9539
5.53898
4.79736
4.97131
4.72702
4.96823
4.80614
4.98718
4.87427
5.08367
4.85321
5.02022
5.03165
4.86666
5.18646
4.79262
4.9402
4.97312
4.93856
4.64795
4.7564
4.86345
4.84408
4.73436
4.92951
5.1937
4.93363
5.07757
4.81069
4.97768
4.98328
4.90992
5.3913
5.04367
4.70306
5.36511
4.84952
4.94603
4.95819
4.92997
5.07462
4.8657
4.99087
5.17191
5.07704
4.93984
5.19471
4.90363
4.96795
4.96533
5.17294
5.1891
5.17463
4.88576
5.39349
5.0953
5.00915
5.13119
4.8937
4.86083
5.1255
5.04933
4.97226
4.87376
5.18884
5.03097
4.76842
4.95475
5.07004
5.11209
5.04991
5.23631
5.29239
5.07726
5.16345
4.87087
5.20642
4.84515
5.08772
5.23362
4.90709
5.02921
5.00028
4.9695
5.02538
4.90154
5.00587
5.02542
5.191
4.9455
4.77862
5.09129
5.10061
5.13117
4.98133
4.83182
5.07129
5.10834
5.02959
4.87879
5.05605
5.14976
4.95233
4.94048
5.00514
4.98038
4.9006
4.80202
4.89439
4.92287
4.92482
4.87682
4.84124
4.87674
4.81633
4.83756
