4.81705
4.79266
4.80195
4.88212
4.84999
4.94719
4.95425
4.98394
4.85253
4.97224
4.98475
5.00414
4.91528
4.91165
5.045
5.01678
4.86491
4.96
5.07534
5.07758
4.87611
5.00856
5.0391
4.99583
5.08806
4.99891
5.21359
4.83266
5.08637
4.91043
4.98071
5.18832
5.1079
5.0343
5.08798
4.99182
5.02097
4.82768
5.01526
4.95274
5.08062
4.85873
5.01156
5.12273
5.07913
4.77865
5.08306
4.84398
4.92544
4.98769
4.84339
4.81945
4.9831
4.86584
4.79434
5.14207
4.93709
5.33985
4.9203
4.94158
5.04834
5.0507
5.26786
5.11645
5.02277
5.1583
4.85749
4.92545
5.17534
5.39288
5.31211
4.87812
5.20093
5.00565
4.83355
5.1958
4.89743
5.1344
4.99475
5.2721
5.09221
5.53184
5.35461
4.93366
5.13593
5.0973
4.75353
4.92871
5.14302
5.14906
5.02628
4.93599
4.94268
5.10138
4.98262
5.14524
5.15288
4.87706
4.95148
5.1872
5.28327
4.97703
5.17571
4.93252
4.87636
4.93876
4.81555
4.82933
5.08597
4.96582
5.11904
5.10566
5.29759
5.15019
4.66889
5.02515
5.09629
5.19882
5.19897
4.73525
5.04558
4.87883
5.11966
4.97195
5.01275
4.99873
4.86776
4.85424
4.7855
5.08792
5.26693
4.91177
4.94551
5.04281
4.84675
5.04015
5.01716
5.05925
4.99624
5.06412
5.25628
4.86577
5.17361
4.96778
4.86204
5.08691
5.11016
5.18962
4.95146
4.94166
5.34027
4.99702
4.93011
4.93942
5.11335
4.94703
5.00555
5.40583
5.04857
4.9923
5.02243
4.99491
4.98013
4.99546
4.80995
5.27142
4.94033
4.95264
5.16226
5.12444
5.27151
4.86244
5.07224
5.16344
5.15849
4.9302
4.94795
4.99648
4.95988
5.01923
4.935
5.28133
5.13808
5.23109
4.96108
5.04113
5.07462
4.91749
4.91385
4.98845
4.93551
5.19617
5.04484
4.8935
4.98527
5.28749
4.99705
5.35915
5.04444
4.96885
4.9571
4.85701
5.17487
4.81845
4.85806
4.9367
4.88307
4.81601
5.00865
5.04337
4.97859
4.9743
4.94065
4.84323
4.80363
5.01086
5.05751
5.00004
4.8576
5.04337
5.02787
5.23176
5.10578
4.89196
5.21233
4.84514
4.85499
5.37726
4.88388
4.78655
5.11089
4.77317
5.27094
4.94916
5.26438
5.08879
5.29686
4.97836
5.16908
5.11548
4.9941
5.22275
4.98635
5.13753
5.13515
5.02535
4.98442
5.01639
4.83662
5.17604
5.02504
4.91789
5.05269
5.06998
4.95866
4.87044
5.04477
4.81505
4.98
4.98249
4.995
5.16907
4.9322
5.09812
5.05158
5.01063
5.11078
5.04216
5.01633
4.83988
5.01916
4.88113
4.95478
5.00312
5.00727
4.98926
4.83461
5.09242
5.08097
4.84951
4.89899
5.19833
4.87781
4.96875
4.98219
4.82396
4.87627
5.23791
5.12028
4.87933
5.07053
4.75186
4.77358
4.95372
4.73851
5.07839
5.16652
5.01024
4.95744
4.91629
5.20097
5.19528
4.95232
4.95844
4.95226
4.95756
5.1297
5.01278
5.21461
5.10695
5.1393
5.44582
5.00251
5.43183
5.19752
5.15136
5.15802
4.95519
5.02684
4.79828
4.83991
4.99056
5.0642
4.84074
4.84316
5.02677
4.79834
4.93356
4.74186
5.53748
4.62796
5.01936
5.29007
5.1472
4.94636
5.1582
5.0193
4.944
5.134
5.12265
5.02863
4.9656
4.69478
4.95646
5.01555
5.07162
5.08641
4.91783
5.32405
5.20943
5.05152
5.08156
5.12412
4.85513
5.25524
4.99351
4.94285
4.81845
5.03508
5.08485
4.98194
5.30757
5.20091
4.95186
4.99221
5.03545
5.12772
5.02891
5.18417
5.15527
5.21718
5.09221
5.18016
5.12924
5.26478
5.08828
4.88949
4.98669
5.09515
4.97651
5.15584
4.94133
5.07161
4.93935
5.09754
5.19412
4.92798
4.89573
5.05149
4.85134
4.91934
4.92844
4.97364
4.96049
4.86614
4.8815
4.88732
4.9115
4.92343
4.9047
