3.69612
3.71065
3.73138
3.73774
3.75861
3.77493
3.7977
3.80202
3.80381
3.78713
3.78293
3.80318
3.81939
3.80484
3.78975
3.79756
3.75615
3.81819
3.77284
3.78342
3.80888
3.75905
3.74496
3.7598
3.82467
3.81132
3.81219
3.79143
3.82384
3.77454
3.75306
3.81444
3.75003
3.78911
3.72192
3.74287
3.75455
3.73193
3.76572
3.7726
3.75716
3.75507
3.74247
3.77611
3.71429
3.70549
3.74938
3.7864
3.77316
3.73603
3.76175
3.7059
3.66907
3.71547
3.65873
3.70441
3.71667
3.73801
3.73608
3.74919
3.74603
3.76005
3.69763
3.72425
3.70691
3.75286
3.72321
3.66684
3.70261
3.69975
3.72844
3.75225
3.69384
3.75309
3.71066
3.85587
3.69158
3.72338
3.6573
3.74057
3.77263
3.73951
3.80765
3.62823
3.71251
3.76975
3.73046
3.78124
3.74963
3.668
3.73055
3.7358
3.77025
3.78683
3.75959
3.68473
3.65592
3.68477
3.76223
3.72178
3.65457
3.66161
3.85153
3.73639
3.78412
3.69553
3.80272
3.83558
3.73422
3.71824
3.7159
3.70875
3.74552
3.70212
3.7857
3.73055
3.71249
3.82322
3.78178
3.74633
3.7531
3.77101
3.80548
3.80867
3.78282
3.73361
3.81699
3.72566
3.73582
3.71876
3.8651
3.80974
3.78196
3.7939
3.75524
3.78183
3.75479
3.75171
3.824
3.77338
3.86146
3.85483
3.81425
3.88215
3.87505
3.79315
3.88277
3.87209
3.83749
3.77673
3.7892
3.76538
3.80238
3.78191
3.80631
3.81053
3.76335
3.85403
3.72734
3.72824
3.79205
3.77142
3.74554
3.85776
3.85974
3.82871
3.79359
3.7269
3.82197
3.7515
3.85184
3.74805
3.72964
3.74887
3.82406
3.80446
3.81241
3.76492
3.74621
3.77614
3.81297
3.83595
3.7582
3.78924
3.72278
3.7999
3.75837
3.79488
3.72826
3.75805
3.76072
3.85032
3.72488
3.85417
3.80007
3.68168
3.79705
3.76475
3.73996
3.82942
3.81302
3.81593
3.83001
3.74564
3.7256
3.73904
3.74895
3.73151
3.71167
3.74792
3.77909
3.81309
3.80497
3.78179
3.70634
3.72856
3.77812
3.76881
3.77315
3.84418
3.83647
3.79535
3.77629
3.73484
3.72981
3.91783
3.77835
3.73893
3.68114
3.86996
3.71444
3.71178
3.74165
3.7517
3.75302
3.87338
3.73665
3.8346
3.82458
3.75521
3.6954
3.70195
3.89229
3.79406
3.75301
3.76753
3.81346
3.9184
3.72375
3.84369
3.69105
3.68717
3.705
3.68428
3.69185
3.67461
3.7347
3.80828
3.708
3.75538
3.74311
3.69075
3.70588
3.75364
3.81223
3.72221
3.73719
3.77446
3.68753
3.69191
3.80211
3.80496
3.78896
3.7141
3.7103
3.76236
3.69782
3.75582
3.69986
3.8461
3.77568
3.71043
3.77039
3.73113
3.7632
3.77103
3.78227
3.71106
3.78822
3.76585
3.75281
3.78496
3.80518
3.71367
3.75075
3.83662
3.79471
3.86181
3.68212
3.68196
3.81472
3.74732
3.8215
3.78775
3.73983
3.64625
3.68913
3.71273
3.71237
3.75617
3.78608
3.69187
3.75565
3.7594
3.78822
3.84079
3.71953
3.76751
3.80934
3.785
3.75936
3.74638
3.71795
3.71493
3.73002
3.75068
3.73451
3.64749
3.68565
3.87464
3.80959
3.7292
3.82345
3.69461
3.77262
3.78809
3.80361
3.75148
3.81711
3.7778
3.74765
3.82487
3.78459
3.62785
3.85709
3.85862
3.7133
3.76702
3.74629
3.7452
3.80481
3.75384
3.75048
3.77784
3.69819
3.80014
3.81372
3.71759
3.83836
3.78758
3.73193
3.83324
3.79439
3.78301
3.80192
3.77016
3.77538
3.65413
3.80854
3.72996
3.69719
3.7077
3.66093
3.76185
3.79524
3.81533
3.75746
3.69771
3.71048
3.7986
3.79024
3.73464
3.79426
3.73659
3.70453
3.77759
3.72338
3.76977
3.76151
3.79134
3.77517
3.75469
3.78605
3.75382
3.80402
3.77809
3.74069
3.77147
3.77961
3.73682
