4.53799
4.54278
4.55739
4.52039
4.54929
4.54729
4.55458
4.47622
4.49674
4.58951
4.53215
4.53019
4.5675
4.59033
4.522
4.51262
4.5839
4.56686
4.59309
4.52236
4.62697
4.51775
4.59003
4.6188
4.62198
4.56179
4.40876
4.57151
4.56339
4.58389
4.58733
4.48238
4.55686
4.44678
4.50336
4.56228
4.55849
4.62133
4.58451
4.52425
4.65986
4.61429
4.48634
4.4584
4.78775
4.43653
4.47354
4.59471
4.58693
4.5794
4.58616
4.78887
4.68079
4.57644
4.44059
4.69245
4.69254
4.7028
4.61766
4.51667
4.57256
4.65957
4.60439
4.65524
4.58239
4.55813
4.47869
4.41194
4.74732
4.62969
4.51158
4.41482
4.48098
4.52176
4.6424
4.59093
4.38523
4.60155
4.47045
4.52484
4.76216
4.58251
4.67
4.47022
4.77234
4.45544
4.54584
4.59562
4.91409
4.5331
4.58084
4.70207
4.45554
4.57443
4.55924
4.51602
4.47856
4.57571
4.50217
4.67774
4.69086
4.40408
4.66696
4.63036
4.68249
4.4783
4.45974
4.57265
4.44986
4.5125
4.37067
4.58633
4.4209
4.34631
4.51239
4.59357
4.56394
4.42098
4.42291
4.62862
4.32111
4.55547
4.42081
4.66424
4.64186
4.57782
4.50925
4.50544
4.57036
4.71162
4.7329
4.50763
4.52668
4.60912
4.60171
4.63243
4.68207
4.65679
4.5833
4.47639
4.52942
4.6805
4.48396
4.49465
4.58448
4.57459
4.55544
4.54806
4.68366
4.51707
4.57014
4.71123
4.53223
4.66054
4.53528
4.55626
4.69721
4.57725
4.47075
4.50186
4.4413
4.5558
4.67044
4.71364
4.43997
4.5198
4.71348
4.80809
4.66623
4.53577
4.59792
4.64509
4.555
4.62984
4.5385
4.63182
4.52982
4.6938
4.64182
4.42417
4.68919
4.47049
4.3739
4.59026
4.53756
4.64546
4.62527
4.56015
4.64112
4.65244
4.42023
4.66466
4.59796
4.60203
4.70825
4.55471
4.62983
4.71188
4.59715
4.54867
4.66699
4.49854
4.48285
4.62623
4.70862
4.51378
4.60887
4.34581
4.6082
4.52652
4.57681
4.68388
4.77651
4.65978
4.55827
4.39586
4.59585
4.58769
4.61556
4.45295
4.50912
4.61879
4.65587
4.63363
4.5112
4.59209
4.68829
4.49198
4.57044
4.64122
4.57369
4.54398
4.52934
4.58628
4.66907
4.48168
4.52476
4.47829
4.51028
4.62661
4.58887
4.57765
4.49651
4.81411
4.53488
4.48913
4.52923
4.57947
4.44751
4.33703
4.70506
4.64542
4.44966
4.69274
4.50256
4.68554
4.76151
4.41462
4.61683
4.54547
4.64532
4.48851
4.64482
4.62802
4.53864
4.23179
4.73402
4.57769
4.66295
4.66182
4.56712
4.71978
4.69753
4.68931
4.64461
4.55218
4.74046
4.55458
4.43911
4.53397
4.55505
4.49026
4.58301
4.50582
4.61795
4.62563
4.40191
4.56516
4.80731
4.69519
4.44907
4.6137
4.50042
4.71271
4.70141
4.48168
4.6247
4.75304
4.58188
4.5554
4.50844
4.4883
4.46427
4.55463
4.46208
4.43294
4.5222
4.53517
4.69458
4.72704
4.53166
4.69192
4.54873
4.66297
4.49429
4.55168
4.56002
4.51294
4.57285
4.61842
4.54565
4.59506
4.5075
4.52827
4.50031
4.61162
4.60012
4.50022
4.54404
4.56404
4.67838
4.71535
4.65148
4.43962
4.49002
4.63255
4.53601
4.61146
4.6101
4.49835
4.48238
4.58216
4.51098
4.70703
4.42461
4.51436
4.50775
4.59232
4.60197
4.43713
4.65203
4.73225
4.52638
4.60791
4.65358
4.51849
4.48104
4.41893
4.54769
4.64282
4.49596
4.61716
4.48801
4.52118
4.70157
4.57133
4.59915
4.61315
4.58196
4.54846
4.67929
4.50405
4.49891
4.5836
4.55987
4.6412
4.47806
4.50377
4.49709
4.60533
4.57221
4.51702
4.64366
4.50141
4.58588
4.56807
4.60015
4.46871
4.64984
4.54089
4.49576
4.52563
4.55283
4.54095
4.63964
4.58414
4.5725
4.61605
4.63013
4.68529
