4.57058
4.63157
4.61204
4.62099
4.65107
4.69234
4.62746
4.7019
4.64521
4.66399
4.60904
4.72895
4.65586
4.59766
4.7116
4.62594
4.58374
4.51931
4.55615
4.72387
4.66935
4.67428
4.51981
4.5742
4.65344
4.65688
4.70712
4.75104
4.69921
4.56522
4.58259
4.73106
4.55615
4.69244
4.92425
4.71522
4.59022
4.73103
4.6401
4.67093
4.56818
4.79302
4.65002
4.78648
4.72249
4.66818
4.57763
4.6465
4.60367
4.69162
4.69596
4.46864
4.73228
4.75552
4.67434
4.61227
4.67195
4.8216
4.72214
4.64602
4.6199
4.73702
4.77063
4.57997
4.58993
4.66754
4.66618
4.72855
4.66492
4.70588
4.69645
4.43086
4.76528
4.73173
4.66286
4.45342
4.52438
4.69998
4.70567
4.70934
4.71313
4.62615
4.69096
4.47032
4.61891
4.47679
4.61236
4.60798
4.72918
4.66333
4.50964
4.40775
4.59947
4.89587
4.46325
4.65895
4.73402
4.55242
4.64934
4.61997
4.84387
4.68149
4.59409
4.69121
4.68448
4.75321
4.62612
4.70338
4.61919
4.63498
4.4598
4.43933
4.7518
4.66746
4.68575
4.80166
4.6963
4.6994
4.72069
4.69181
4.54989
4.49838
4.44843
4.53872
4.89141
4.65013
4.54801
4.68812
4.64064
4.63449
4.44761
4.62124
4.69691
4.5334
4.56456
4.59141
4.63197
4.58938
4.60988
4.70618
4.57303
4.45496
4.72428
4.77575
4.58015
4.78954
4.75538
4.50168
4.60911
4.54387
4.62265
4.5682
4.54544
4.85759
4.67832
4.64207
4.73791
4.509
4.75344
4.71329
4.56398
4.55104
4.54857
4.86695
4.46106
4.52046
4.54672
4.82217
4.60396
4.63624
4.56736
4.52173
4.68206
4.60267
4.60317
4.75822
4.68439
4.58645
4.55969
4.66495
4.70238
4.60056
4.696
4.65394
4.674
4.52916
4.58236
4.76043
4.75018
4.75314
4.64272
4.62809
4.6912
4.56901
4.71056
4.64544
4.65731
4.54638
4.68219
4.66988
4.72071
4.51852
4.57647
4.80873
4.66122
4.86924
4.67898
4.64281
4.66687
4.62705
4.74885
4.65912
4.56138
4.54973
4.64607
4.89247
4.79145
4.54846
4.51243
4.67141
4.5539
4.49
4.58831
4.4956
4.7256
4.58903
4.64815
4.75622
4.64533
4.79319
4.49673
4.74949
4.89826
4.6294
5.02659
4.68825
4.67484
4.64507
4.62834
4.94718
4.85189
4.45502
4.5907
4.54536
4.77711
4.6311
4.66313
4.74311
4.60433
4.59781
4.64867
4.46055
4.47437
4.58976
4.59958
4.56032
4.56
4.8517
4.59517
4.65881
4.43885
4.61733
4.6892
4.71253
4.44235
4.7114
4.55363
4.66849
4.65307
4.58055
4.52731
4.70618
4.54161
4.66306
4.74763
4.63013
4.73872
4.61626
4.70427
4.53437
4.7096
4.50594
4.77674
4.74554
4.66496
4.45998
4.50312
4.67869
4.61402
4.74419
4.72932
4.63949
4.67716
4.51846
4.69327
4.61007
4.88974
4.73044
4.92133
4.58295
4.64743
4.52966
4.47465
4.51596
4.94427
4.59854
4.98172
4.6567
4.93978
4.70486
4.55245
4.4725
4.64989
4.86388
4.7892
4.36559
4.51367
4.52977
4.59738
4.82467
4.75812
4.53222
4.43632
4.5056
4.66462
4.59925
4.72343
4.65627
4.70647
4.49439
4.52517
4.70335
4.64113
4.63683
4.69244
4.69845
4.65011
4.44403
4.67079
4.64318
4.65033
4.63004
4.48924
4.59815
4.64779
4.76116
4.50885
4.64244
4.7775
4.63807
4.73051
4.66464
4.73063
4.62446
4.78009
4.55089
4.6213
4.80025
4.60788
4.57399
4.66141
4.62284
4.68222
4.65855
4.57753
4.60814
4.63755
4.76907
4.67295
4.70046
4.59686
4.55311
4.55929
4.6672
4.67511
4.82842
4.55355
4.59223
4.71974
4.67392
4.52509
4.6366
4.67453
4.64523
4.68407
4.70673
4.70332
4.65225
4.81722
4.62216
4.67005
4.63755
4.70071
4.57232
4.67759
4.71201
4.70129
4.72817
4.68167
4.61326
