4.65191
4.63206
4.62466
4.64087
4.65921
4.64333
4.66605
4.62793
4.66465
4.6044
4.57634
4.76622
4.70539
4.66157
4.71326
4.66065
4.76586
4.72297
4.64864
4.79477
4.61006
4.62475
4.60898
4.9077
4.67213
4.64575
4.71487
4.63399
4.73033
4.88288
4.69897
4.6007
4.77931
4.52688
4.70059
4.54475
4.63669
4.52348
4.75685
4.58281
4.95494
4.87633
4.63706
4.70007
4.74359
4.53966
4.74388
4.7749
4.84786
4.74768
4.54373
4.52124
4.79781
4.55926
4.62608
4.71502
4.61244
4.7271
4.78081
4.57575
4.76236
4.67305
4.66262
4.84111
4.60757
4.48784
4.8577
4.868
4.57425
5.23497
4.53668
4.66329
4.66224
4.80535
4.77384
4.78791
4.55586
4.63503
4.86704
4.57173
4.64545
4.81124
4.61392
4.67986
4.54876
4.79257
4.73556
4.52486
4.57886
4.69668
4.58112
4.55295
4.83424
4.55198
4.50591
4.58066
4.56206
4.79164
5.02933
4.84044
4.61937
4.58748
4.65806
4.69948
4.62142
4.68916
4.60292
4.60538
4.63646
4.71582
4.75362
4.8327
4.59272
4.74968
4.56869
4.91507
4.81949
4.7115
4.47918
4.65296
4.90508
4.7548
4.57696
4.65787
4.73604
4.70081
4.70466
4.83254
4.68128
4.81037
4.60787
4.67127
4.70034
4.74789
4.70556
4.65496
4.58465
4.8531
4.63699
4.70594
4.6843
4.66355
4.54225
4.79283
4.57756
4.63828
5.09574
4.50699
4.63841
4.80709
4.49188
4.64181
4.49605
4.54678
4.61341
4.57232
4.58311
4.63668
4.54771
4.42164
4.68529
4.58317
4.84323
4.70064
4.75152
4.67704
4.57697
4.6121
4.76988
4.72015
4.68968
4.75531
4.71182
4.68713
4.63047
4.74528
4.63128
4.85359
4.61339
4.81452
4.70538
4.77339
4.55031
4.81318
4.89029
4.68669
4.64027
4.66687
4.72909
4.61223
4.84229
4.88625
4.65109
4.61127
4.5135
4.71357
4.72224
4.7476
4.64937
4.67553
4.65035
4.72808
4.73985
4.55078
4.76231
4.5775
4.64435
4.60521
4.65719
4.80418
4.75172
4.74912
4.65925
4.65683
4.75687
4.70221
4.59057
4.61919
4.64743
4.69813
4.62191
4.58257
4.82213
4.76681
4.59052
4.54913
4.86021
4.69543
4.67936
4.71161
4.6377
4.76236
4.59121
4.49013
4.58623
4.54773
4.58688
4.59184
4.5043
4.7751
4.64881
4.75611
4.80388
4.64307
4.73899
4.7438
4.59757
4.43956
4.62656
4.57026
4.71336
4.86794
4.60395
4.57891
4.80982
4.73601
4.7541
4.79006
4.66423
4.78737
4.6476
4.78983
4.71299
4.7139
4.65279
4.60292
4.4497
4.57441
4.71816
4.77969
4.43992
4.90038
4.72896
4.57639
4.42621
4.73531
4.69871
4.56634
4.51099
4.54157
4.75165
4.57108
4.58862
4.53838
4.87795
4.63983
4.84492
4.96766
4.63303
4.57844
4.84253
4.52048
4.77092
4.79184
4.47284
4.75158
4.56149
4.71857
4.69686
4.65241
4.77666
4.51907
4.58766
4.68628
4.72593
4.77649
4.68675
4.62051
4.67506
4.61512
4.67727
4.87155
4.54355
4.7295
4.61396
4.84926
4.53224
4.78129
4.63157
4.53225
4.7144
4.57541
4.60635
4.5851
4.69003
4.63656
4.60396
4.63918
4.83531
4.65737
4.8469
4.61182
4.6782
4.78895
4.85426
4.59273
4.51501
4.62403
4.6844
4.66768
4.74064
4.58426
4.83378
4.5755
4.78294
4.72883
4.57536
4.69535
4.6124
4.68271
4.58502
4.69824
4.57874
4.84584
4.49328
4.73498
4.66337
4.67807
4.7155
4.6591
4.80789
4.66236
4.76859
4.77287
4.73473
4.52174
4.75996
4.66994
4.5411
4.58081
4.71662
4.76632
4.64149
4.59357
4.5574
4.64574
4.69612
4.64255
4.55142
4.60525
4.71926
4.62553
4.62953
4.73839
4.72298
4.63083
4.7
4.72518
4.62686
4.69588
4.63005
4.66227
4.67786
4.72084
4.67827
4.69039
4.63538
4.64713
4.61909
4.62613
