4.61807
4.66889
4.62592
4.7284
4.66757
4.6318
4.67782
4.72573
4.71585
4.68106
4.70862
4.67183
4.6791
4.60068
4.71009
4.67459
4.66697
4.89972
4.7258
4.75483
4.67365
4.66989
4.65851
4.72496
4.68582
4.72543
4.8738
4.76062
4.66363
4.62244
4.80474
4.61855
4.66554
4.62626
4.70143
4.76368
4.54385
4.74044
4.79353
4.50465
4.51433
4.70761
4.49943
4.68819
4.64329
4.70658
4.56835
4.69899
4.48014
4.56939
4.62621
4.71258
4.64026
4.7804
4.55554
4.83233
4.70451
4.7126
4.74855
4.63523
4.43046
4.55169
4.57651
4.69761
4.61687
4.64546
4.49094
4.84205
4.71825
4.5429
4.62719
4.73537
4.42228
4.86705
4.73973
4.64548
4.64824
4.65859
4.55315
4.71866
4.62562
4.63078
4.47382
4.60879
4.61139
4.62266
4.61724
4.65005
4.75711
4.64723
4.61156
4.70653
4.50378
4.49133
4.70022
4.82665
4.86029
4.7146
4.67886
4.69824
4.61967
4.77412
4.70401
4.71871
4.48894
4.58512
4.62631
4.75209
4.77046
4.73438
4.64346
4.78971
4.54331
4.80967
4.45207
4.77389
4.48653
4.82484
4.68809
4.80976
4.71621
4.74484
4.60432
4.7557
4.52998
4.74271
4.64205
4.70667
4.55584
4.65346
4.85506
4.66162
4.60383
4.53319
4.47347
4.61305
4.79769
4.45849
4.57901
4.60882
4.59337
4.56879
4.72852
4.34546
4.53378
4.66444
4.51002
4.61286
4.899
4.57188
4.99647
4.6383
4.68655
4.45699
4.80023
4.76748
4.615
4.66302
4.58522
4.71405
4.54467
4.76421
4.9125
4.61484
4.7924
4.70272
4.70783
4.66836
4.61653
4.66015
4.6123
4.91271
4.75336
4.71151
4.93476
4.59673
4.68061
4.6186
4.80405
4.89852
4.82936
4.70025
4.67921
4.80453
4.94135
4.77539
4.69252
4.68933
4.83214
4.66264
4.69203
4.63205
4.73663
4.5766
4.76094
4.65368
4.87686
4.82906
4.94436
4.7401
4.55075
4.55366
4.7182
4.51987
4.68124
4.74385
4.55648
4.6675
4.66885
4.64637
4.77844
4.68838
4.78934
4.63708
4.66012
4.76668
4.61271
4.71546
4.55143
4.73192
4.71533
4.588
4.62734
4.59432
4.58731
4.63039
4.68644
4.73099
4.75343
4.47658
4.79789
4.66188
4.70533
4.61945
4.70564
4.56813
4.55894
4.63981
4.80832
4.76626
4.41841
4.74514
4.73791
4.81111
4.71436
4.52041
4.95247
4.74402
4.60268
4.54967
4.83474
4.97343
4.84174
4.84802
4.8428
4.70305
4.63734
4.65872
4.93971
4.87925
4.76791
4.58211
4.68186
4.42374
4.77918
4.66082
4.7415
4.60397
4.65843
4.76949
4.62925
4.51011
4.58956
4.68611
4.56363
4.60404
4.61957
4.58274
4.81406
4.75065
4.78028
4.38005
4.58819
4.63794
4.69512
4.82619
4.641
4.91475
4.48646
4.59652
4.61854
4.68259
4.83294
4.47418
4.60787
4.84477
4.8918
4.68968
4.52612
4.54301
4.81878
4.87668
4.5991
4.8241
4.43782
4.75392
4.60854
4.54395
4.75797
4.55025
4.69417
4.70479
4.62411
4.64229
4.56871
4.66152
4.5268
4.65835
4.61367
4.36847
4.50035
4.56658
4.46741
4.58831
4.8235
4.60336
4.55318
4.82059
4.61027
4.80849
4.76434
4.75315
4.58132
4.66368
4.6764
4.6577
4.66967
4.36314
4.64332
4.6318
4.58583
4.68647
4.48125
4.66522
4.65502
4.58855
4.51326
4.63701
4.5731
4.58225
4.62748
4.65144
4.61202
4.63334
4.49167
4.61914
4.75968
4.80839
4.61207
4.64036
4.76876
4.63585
4.59517
4.54631
4.66066
4.74066
4.71014
4.63602
4.60872
4.56491
4.71585
4.7178
4.80563
4.72379
4.80334
4.57648
4.69957
4.62394
4.64659
4.71577
4.55081
4.6483
4.64863
4.71405
4.7949
4.7118
4.83153
4.763
4.71867
4.7217
4.70325
4.66973
4.74249
4.73905
4.73513
4.63289
4.69324
4.69037
4.65796
4.61114
