 9835.179388
 10676.688363
 10183.175086
 9705.497105
 9724.833999
 979.470625
 910.901315
 881.658822
 877.390069
 1032.999356
 970.597494
 940.649416
 886.310068
 908.826395
 840.469054
 2419.535932
 2269.091472
 2196.485160
 2183.708188
 2440.431550
 2566.340853
 2420.252104
 2353.074029
 2270.669716
 2557.315112
 2208.935167
 2248.001822
 2189.390811
 2402.244984
 2192.022025
 2084.605394
 2178.853922
 2326.258770
 2266.296071
 2094.458998
 4011.352881
 3769.006061
 3653.387807
 3628.127237
 4051.697733
 4277.121871
 4052.112786
 3950.144626
 3760.537898
 4281.284959
 3655.914512
 3756.001635
 3618.890600
 3992.691555
 3606.171390
 3464.333442
 3592.818552
 3882.980635
 3755.592959
 3489.413951
 8138.166828
 9237.252481
 8555.560344
 8104.408444
 7952.486191
 8137.499497
 730.742113
 702.638071
 621.354375
 636.025793
 615.172629
 803.061143
 761.675748
 731.143907
 783.279750
 663.751878
 668.256602
 673.808146
 612.846055
 603.140641
 601.922737
 1850.401365
 1784.628440
 1579.492466
 1637.628105
 1573.703173
 1899.330167
 2079.014737
 1971.257890
 1905.533071
 2043.704236
 1800.256997
 2029.973424
 1709.471493
 1743.015548
 1737.738277
 1589.872655
 1909.920682
 1691.440507
 1570.938361
 1543.057466
 1612.343067
 1843.039633
 1695.994591
 1560.425818
 1542.192997
 1563.147685
 1952.494651
 1710.586290
 1548.407163
 1540.629519
 3145.969006
 3017.118392
 2714.750890
 2829.094764
 2682.375132
 3246.798523
 3603.376406
 3358.280252
 3305.030582
 3498.332524
 3054.224122
 3433.992247
 2914.917893
 2998.901701
 2942.332498
 2740.680475
 3196.131396
 2874.179975
 2701.888736
 2649.377547
 2695.405817
 3097.410912
 2855.737400
 2624.761587
 2633.251674
 2673.659203
 3255.783428
 2940.164050
 2654.098500
 2638.040348
 1874.377032
 1837.394698
 1860.345889
 1880.188502
 1874.984300
 914.298222
 929.599315
 935.477361
 934.277020
 901.207426
 915.178697
 919.064599
 933.739162
 926.650766
 938.755189
 389.615023
 393.080625
 396.010202
 396.353577
 386.450390
 390.179707
 391.854822
 394.611806
 394.343426
 398.421544
 1871.456329
 1811.232773
 1855.888432
 1880.133849
 1887.643581
 1877.339772
 768.052246
 774.184476
 792.616813
 789.282243
 796.630965
 752.982729
 759.593277
 767.902808
 756.714546
 784.900530
 785.906084
 782.814754
 795.734636
 802.442800
 803.206331
 309.109492
 313.024043
 320.446060
 318.264184
 320.282865
 305.427612
 308.901375
 310.082388
 307.589735
 315.943007
 314.655126
 315.292612
 320.488396
 321.320231
 321.427329
