3.54245
3.5365
3.53233
3.53245
3.53604
3.53416
3.53445
3.52676
3.53214
3.5412
3.53724
3.54006
3.5426
3.53393
3.54936
3.53439
3.54848
3.54398
3.54391
3.54209
3.54541
3.54567
3.53414
3.54336
3.54166
3.54511
3.53305
3.53989
3.55982
3.55921
3.53999
3.55951
3.55288
3.54988
3.54883
3.55961
3.54361
3.53288
3.56902
3.56539
3.56065
3.57054
3.53802
3.55047
3.54835
3.55693
3.57122
3.56108
3.55852
3.56047
3.5484
3.56014
3.55017
3.53439
3.54973
3.54885
3.55057
3.55046
3.55127
3.54902
3.55639
3.53433
3.55127
3.55363
3.55462
3.55968
3.5447
3.54119
3.55213
3.53647
3.54001
3.53947
3.55289
3.55313
3.55267
3.55949
3.56013
3.5397
3.55245
3.54178
3.53471
3.52732
3.57456
3.55419
3.54502
3.54637
3.55119
3.55135
3.55762
3.54094
3.52777
3.54421
3.54211
3.5491
3.55241
3.53484
3.53462
3.52836
3.52228
3.54002
3.54173
3.55061
3.53242
3.51112
3.55414
3.5306
3.5207
3.52834
3.56897
3.54843
3.52649
3.54334
3.53965
3.53949
3.56007
3.54154
3.5352
3.5399
3.5424
3.53221
3.52459
3.5313
3.55407
3.56733
3.52594
3.5383
3.52265
3.54029
3.53251
3.53723
3.54414
3.53537
3.53828
3.54369
3.53041
3.54663
3.53264
3.54336
3.52039
3.52985
3.54101
3.54962
3.54967
3.55705
3.52559
3.5419
3.55808
3.5387
3.53928
3.55438
3.55333
3.54555
3.53241
3.5409
3.54316
3.54775
3.5318
3.57961
3.53762
3.52826
3.52151
3.51993
3.52863
3.54081
3.52203
3.56931
3.56323
3.54276
3.55107
3.55622
3.56233
3.54184
3.55842
3.53559
3.55224
3.54889
3.54995
3.54157
3.54151
3.53753
3.54506
3.55065
3.55837
3.54219
3.56815
3.53698
3.54851
3.57342
3.55269
3.55709
3.54952
3.55645
3.53818
3.55614
3.547
3.57873
3.54799
3.5593
3.55617
3.5631
3.53946
3.55462
3.55384
3.53837
3.52437
3.53772
3.53182
3.54755
3.56023
3.5534
3.57833
3.56536
3.57828
3.57408
3.55784
3.56962
3.56286
3.53625
3.57309
3.55438
3.55458
3.57694
3.60712
3.5741
3.54971
3.57088
3.56042
3.58705
3.56278
3.54418
3.55356
3.54347
3.56617
3.54765
3.57547
3.54171
3.5432
3.56627
3.5721
3.59817
3.56177
3.56659
3.53913
3.58477
3.55669
3.5948
3.57763
3.55978
3.579
3.57716
3.5573
3.54583
3.5508
3.56121
3.57859
3.60039
3.58041
3.58562
3.58346
3.54691
3.57785
3.53432
3.60283
3.54702
3.55275
3.57839
3.54268
3.5496
3.57636
3.58605
3.54782
3.57188
3.5485
3.55592
3.55616
3.57551
3.56573
3.57141
3.57734
3.53842
3.56975
3.56052
3.58031
3.56421
3.56897
3.53755
3.53848
3.5342
3.55172
3.54773
3.55246
3.53449
3.54831
3.59777
3.5616
3.5557
3.59548
3.5763
3.56314
3.5679
3.55289
3.56822
3.56034
3.56654
3.55209
3.56969
3.57566
3.56441
3.56475
3.55799
3.57514
3.57553
3.51686
3.5651
3.58657
3.56096
3.58708
3.53957
3.54549
3.55935
3.55709
3.57451
3.53288
3.55912
3.53986
3.57651
3.58135
3.57482
3.55841
3.57358
3.57523
3.52886
3.5477
3.58791
3.59653
3.60285
3.57076
3.56468
3.60299
3.58025
3.54636
3.54425
3.58072
3.58064
3.56343
3.59429
3.57536
3.58062
3.54605
3.61247
3.56955
3.58603
3.58101
3.5746
3.56051
3.58741
3.56255
3.57075
3.59735
3.60197
3.59853
3.57656
3.59848
3.60842
3.57136
3.61988
3.61453
3.63014
3.61655
3.58053
3.60379
3.5791
3.59685
3.59615
3.59404
3.59833
3.60764
3.62212
3.63275
3.60537
3.60469
3.62242
3.60951
3.61388
3.60478
3.61104
3.61125
3.60068
3.60952
3.6066
3.6014
3.60885
3.59971
3.59837
3.59751
3.59167
3.6158
3.59528
3.58867
3.59304
