4.45352
4.43441
4.41272
4.43154
4.41982
4.42961
4.41514
4.42104
4.39124
4.41009
4.38935
4.4005
4.39184
4.41872
4.3952
4.39625
4.39455
4.39943
4.40816
4.4049
4.42434
4.3522
4.4017
4.43118
4.3959
4.41018
4.40639
4.41802
4.39071
4.37909
4.42766
4.39962
4.39772
4.38435
4.42699
4.4074
4.36489
4.37916
4.40284
4.42009
4.38466
4.38366
4.40524
4.40063
4.42706
4.39112
4.42061
4.35912
4.3786
4.40965
4.37298
4.37133
4.42527
4.37883
4.39897
4.37598
4.35365
4.38321
4.38704
4.37074
4.37466
4.37909
4.40341
4.37933
4.38224
4.35857
4.37311
4.39078
4.3753
4.36443
4.40154
4.37747
4.38196
4.38128
4.39411
4.41446
4.35442
4.34211
4.34991
4.39703
4.39105
4.38762
4.38217
4.41182
4.37737
4.35364
4.33077
4.37048
4.40549
4.36687
4.3665
4.35868
4.41108
4.41434
4.35567
4.42494
4.34652
4.39743
4.38117
4.32273
4.33714
4.42288
4.32634
4.38214
4.37816
4.37759
4.3557
4.32701
4.42796
4.3875
4.3894
4.40852
4.28352
4.38214
4.38037
4.32993
4.44334
4.42756
4.36665
4.36459
4.41452
4.46085
4.45582
4.45242
4.39574
4.40108
4.40581
4.38147
4.39132
4.39692
4.37039
4.45776
4.34478
4.43655
4.31234
4.41268
4.40076
4.41785
4.35187
4.41101
4.4219
4.40861
4.35972
4.34914
4.35201
4.45125
4.31715
4.40031
4.40828
4.4245
4.40923
4.41804
4.42295
4.34943
4.35823
4.46024
4.3561
4.39839
4.43404
4.42606
4.39608
4.31361
4.36655
4.37137
4.40365
4.4133
4.40359
4.44364
4.45158
4.36541
4.40959
4.44239
4.41015
4.3259
4.42028
4.38521
4.46282
4.37892
4.39088
4.41676
4.38453
4.43448
4.40272
4.3961
4.37716
4.4323
4.41322
4.41443
4.39912
4.3645
4.41603
4.38161
4.35449
4.43959
4.44952
4.42601
4.44842
4.39704
4.42362
4.38604
4.39788
4.38247
4.37253
4.40111
4.41742
4.43342
4.4266
4.43039
4.42409
4.38808
4.35416
4.41683
4.44241
4.40006
4.40275
4.42253
4.4294
4.45601
4.40014
4.39136
4.41381
4.48405
4.44798
4.44519
4.40334
4.44917
4.43041
4.36804
4.42773
4.39858
4.39719
4.40671
4.38689
4.41013
4.39182
4.41186
4.40026
4.47797
4.41254
4.43353
4.45444
4.41825
4.38659
4.4721
4.41155
4.47332
4.40733
4.45466
4.46123
4.40033
4.38023
4.39418
4.41114
4.43546
4.39357
4.43248
4.45744
4.46201
4.44659
4.43513
4.40916
4.33671
4.39217
4.46129
4.37434
4.44527
4.39156
4.4029
4.38021
4.45227
4.51903
4.40232
4.40354
4.47768
4.41814
4.35637
4.39672
4.42412
4.40178
4.43577
4.39514
4.43241
4.42951
4.41607
4.43889
4.44676
4.43317
4.42106
4.41806
4.38401
4.4463
4.40892
4.40772
4.40065
4.38829
4.39438
4.45121
4.45166
4.42855
4.39641
4.40248
4.42547
4.45641
4.38106
4.40632
4.44222
4.44491
4.41473
4.41247
4.43815
4.41139
4.42152
4.35573
4.42626
4.48856
4.4467
4.43177
4.41308
4.45268
4.49445
4.44916
4.50543
4.39308
4.43916
4.43138
4.41203
4.44789
4.42766
4.39617
4.40477
4.45274
4.47163
4.40312
4.39692
4.35998
4.44299
4.44172
4.45507
4.4388
4.45833
4.44531
4.49222
4.44883
4.47492
4.4413
4.48037
4.46647
4.42666
4.40971
4.45116
4.39028
4.39212
4.41754
4.47692
4.40688
4.41963
4.42543
4.41218
4.45354
4.46791
4.4212
4.42457
4.46097
4.41899
4.46262
4.40986
4.39272
4.45044
4.46393
4.44358
4.40807
4.43865
4.41802
4.44788
4.43548
4.44052
4.42303
4.43654
4.41204
4.42369
4.44328
4.41523
4.42603
4.41594
4.4217
4.41659
4.44256
4.40134
4.43899
4.39879
4.44211
4.42203
4.43079
4.40065
4.41288
4.41982
4.40569
4.42469
4.42255
4.43537
