4.46225
4.46121
4.47075
4.46416
4.47798
4.47977
4.47963
4.49095
4.50684
4.4809
4.48064
4.48823
4.51154
4.48885
4.47317
4.46179
4.50211
4.49252
4.47967
4.4658
4.47581
4.47562
4.51551
4.46975
4.48031
4.45938
4.49064
4.45138
4.48986
4.4854
4.4951
4.48667
4.48189
4.46013
4.47159
4.48416
4.48329
4.45408
4.4564
4.48347
4.4544
4.47111
4.476
4.48103
4.44606
4.41929
4.50279
4.40363
4.45507
4.41891
4.42892
4.44231
4.42389
4.47401
4.42111
4.49833
4.47651
4.44729
4.38984
4.40612
4.41353
4.43255
4.45671
4.47472
4.43323
4.49388
4.45931
4.41413
4.43385
4.43399
4.39672
4.41548
4.45723
4.38602
4.45313
4.43482
4.50585
4.44159
4.42258
4.41905
4.47528
4.39972
4.41484
4.40649
4.40308
4.39133
4.39386
4.40462
4.4924
4.40257
4.41941
4.37721
4.4428
4.40694
4.48238
4.38827
4.43696
4.41396
4.46305
4.41534
4.43818
4.43427
4.39467
4.39867
4.44591
4.41404
4.39507
4.36599
4.45976
4.45433
4.43635
4.40475
4.42299
4.38943
4.39859
4.44089
4.43346
4.41218
4.40144
4.41771
4.46604
4.4247
4.50017
4.44046
4.41073
4.38451
4.39464
4.42258
4.39863
4.43099
4.43022
4.33582
4.38828
4.40433
4.41242
4.43772
4.37001
4.43303
4.42055
4.35794
4.41633
4.39588
4.4424
4.36443
4.4692
4.4651
4.32183
4.43153
4.41186
4.39754
4.3933
4.45542
4.38258
4.43855
4.39816
4.41502
4.37557
4.45364
4.33443
4.35593
4.38627
4.41254
4.42565
4.41357
4.43034
4.44261
4.37967
4.39624
4.38781
4.41774
4.41437
4.39792
4.44546
4.42883
4.38975
4.44464
4.43269
4.39723
4.40808
4.37679
4.37912
4.41421
4.36666
4.41669
4.35944
4.40275
4.39359
4.39146
4.41044
4.34624
4.35688
4.44908
4.38504
4.37304
4.41445
4.39342
4.35821
4.39982
4.41132
4.34606
4.37444
4.37752
4.38602
4.41309
4.40374
4.36393
4.41504
4.36522
4.39777
4.34794
4.35759
4.41044
4.37176
4.3796
4.40144
4.39015
4.38409
4.38109
4.42137
4.42529
4.35911
4.45342
4.3558
4.36691
4.38224
4.39273
4.4194
4.32333
4.42292
4.42895
4.37732
4.45158
4.44194
4.37346
4.39999
4.37967
4.44466
4.40196
4.43657
4.39773
4.46544
4.4148
4.42984
4.4043
4.44356
4.36146
4.40021
4.40506
4.41623
4.46963
4.43752
4.39943
4.40031
4.40947
4.4671
4.39968
4.34914
4.39248
4.44855
4.39453
4.41846
4.46429
4.40855
4.412
4.43772
4.42765
4.40803
4.42746
4.42056
4.41469
4.44478
4.4445
4.42065
4.39648
4.4357
4.46226
4.41724
4.45176
4.3888
4.38853
4.45528
4.4364
4.43343
4.40289
4.45917
4.39859
4.42339
4.42299
4.41042
4.41335
4.45231
4.41079
4.36076
4.39323
4.44889
4.41484
4.42924
4.40013
4.49688
4.44213
4.47587
4.46715
4.46447
4.39183
4.40816
4.4175
4.43519
4.38618
4.36034
4.39946
4.43498
4.438
4.40462
4.40625
4.43703
4.35112
4.42626
4.36243
4.40147
4.44585
4.44916
4.42611
4.40995
4.46972
4.39963
4.42711
4.4374
4.41258
4.39617
4.35203
4.43399
4.44731
4.45013
4.49226
4.39333
4.41731
4.43852
4.39596
4.39931
4.42555
4.42239
4.43806
4.40285
4.39644
4.41824
4.46803
4.46199
4.38506
4.42308
4.44693
4.46899
4.41625
4.45995
4.44542
4.37112
4.45908
4.40761
4.46572
4.37385
4.41908
4.43019
4.41361
4.43059
4.41579
4.41454
4.45527
4.43445
4.43234
4.3888
4.41849
4.43945
4.42282
4.43318
4.46267
4.42586
4.42578
4.4548
4.44522
4.4067
4.43429
4.43874
4.45002
4.48434
4.42127
4.44141
4.43096
4.47609
4.48845
4.46105
4.46031
4.41041
4.42751
4.4277
4.42955
4.43358
4.43356
4.44534
4.42579
4.42519
4.42914
