4.4021
4.40191
4.39452
4.40419
4.40938
4.40378
4.42352
4.40745
4.42722
4.41041
4.42413
4.43195
4.4204
4.41127
4.40071
4.38034
4.40229
4.40982
4.40465
4.44004
4.42896
4.40142
4.39833
4.39992
4.40102
4.37196
4.3836
4.40812
4.40234
4.43213
4.44548
4.40786
4.4043
4.40599
4.39514
4.39238
4.36782
4.41437
4.39647
4.43019
4.34604
4.41873
4.40524
4.37905
4.34565
4.34069
4.35988
4.44369
4.32737
4.38901
4.37922
4.37881
4.36219
4.38273
4.42252
4.37204
4.42777
4.4321
4.3651
4.37074
4.4472
4.41721
4.30299
4.38368
4.3285
4.3685
4.38787
4.35381
4.41262
4.37194
4.32025
4.34901
4.40274
4.35963
4.36898
4.34231
4.33647
4.35757
4.35459
4.36624
4.35611
4.36413
4.32482
4.38736
4.29599
4.33643
4.34189
4.30908
4.34223
4.3474
4.34823
4.32015
4.32188
4.40327
4.33425
4.37595
4.3482
4.32748
4.34329
4.31484
4.33714
4.35043
4.30417
4.36783
4.35037
4.33497
4.33028
4.32701
4.32355
4.34233
4.35265
4.28285
4.33812
4.33684
4.29839
4.25523
4.35292
4.34922
4.40903
4.28137
4.36189
4.33286
4.33477
4.2342
4.29398
4.33404
4.34342
4.32306
4.32766
4.29265
4.38298
4.27938
4.33315
4.40803
4.36199
4.30597
4.31775
4.33086
4.27665
4.36475
4.35653
4.3799
4.33186
4.30862
4.38221
4.33939
4.37765
4.32012
4.35705
4.3568
4.37439
4.31676
4.38088
4.34297
4.25782
4.34605
4.37557
4.39499
4.32106
4.33925
4.34401
4.35947
4.38561
4.37294
4.30888
4.35411
4.34331
4.39939
4.37553
4.33108
4.34783
4.36229
4.33557
4.31797
4.35088
4.35335
4.37949
4.3221
4.38107
4.33935
4.40667
4.34954
4.35131
4.36587
4.32435
4.34894
4.33133
4.36453
4.3547
4.38573
4.34023
4.40012
4.33772
4.34899
4.36494
4.36839
4.39619
4.36722
4.36937
4.36638
4.38055
4.37917
4.39426
4.37405
4.37035
4.37926
4.32786
4.345
4.38618
4.35128
4.33401
4.40664
4.41966
4.38974
4.38342
4.40075
4.33344
4.37449
4.39323
4.34259
4.38794
4.39371
4.3958
4.40697
4.38077
4.35648
4.42253
4.35655
4.39335
4.36231
4.30524
4.38317
4.36712
4.36273
4.39671
4.38281
4.37294
4.40031
4.35793
4.42828
4.39734
4.3995
4.39839
4.37888
4.40809
4.36796
4.40554
4.37415
4.36276
4.40565
4.40107
4.44129
4.38617
4.40947
4.4025
4.3455
4.38013
4.40502
4.4013
4.35821
4.42411
4.38341
4.41411
4.40448
4.38145
4.39757
4.41176
4.37754
4.32119
4.3546
4.33251
4.46884
4.42065
4.40958
4.34244
4.37038
4.36809
4.37244
4.38697
4.36712
4.36634
4.37022
4.45548
4.40289
4.40782
4.41931
4.38214
4.40389
4.41614
4.3858
4.38931
4.37434
4.3766
4.36092
4.3919
4.3453
4.38396
4.39831
4.33727
4.40938
4.38813
4.3706
4.39743
4.37751
4.39183
4.41379
4.35925
4.42208
4.39989
4.39768
4.37518
4.40025
4.40814
4.38689
4.39985
4.3592
4.33655
4.39914
4.3368
4.37491
4.38549
4.34681
4.36864
4.37607
4.3695
4.37206
4.44262
4.35434
4.40414
4.37627
4.39035
4.34305
4.34104
4.3587
4.38887
4.39724
4.43693
4.42789
4.41873
4.40028
4.43145
4.3678
4.38736
4.40482
4.41683
4.43972
4.38403
4.43506
4.45217
4.3668
4.41228
4.39587
4.39618
4.38825
4.35853
4.46304
4.42785
4.43835
4.41293
4.39116
4.45446
4.42126
4.39135
4.42436
4.43863
4.4219
4.44051
4.47867
4.44008
4.43791
4.46775
4.44945
4.44787
4.42512
4.45519
4.46866
4.44325
4.52878
4.48162
4.47366
4.48015
4.48631
4.50534
4.51893
4.51665
4.51414
4.51941
4.4811
4.49772
4.49206
4.47984
4.46709
4.49931
4.48061
4.47915
4.47916
4.44645
4.4531
4.43536
4.41392
