4.45121
4.46001
4.48024
4.47161
4.46598
4.47977
4.49371
4.49902
4.47836
4.48804
4.50411
4.46722
4.51929
4.52677
4.45876
4.48631
4.48575
4.49826
4.4653
4.51726
4.52512
4.49688
4.49377
4.46975
4.50518
4.51675
4.48972
4.49425
4.4783
4.51918
4.492
4.53954
4.50048
4.49695
4.52101
4.49936
4.57041
4.50405
4.49128
4.5285
4.52385
4.52997
4.51344
4.4797
4.49993
4.50124
4.51168
4.48953
4.51931
4.50798
4.5076
4.50099
4.47441
4.57114
4.51239
4.51473
4.47334
4.53144
4.50571
4.50598
4.5138
4.431
4.5281
4.56629
4.43809
4.47304
4.54639
4.42212
4.50819
4.46853
4.53086
4.46138
4.50746
4.4374
4.42036
4.50048
4.49806
4.51655
4.42611
4.53083
4.53475
4.45843
4.47429
4.52336
4.47173
4.50473
4.49694
4.54695
4.48633
4.49531
4.52848
4.49623
4.51183
4.49822
4.49498
4.56518
4.50745
4.46244
4.49882
4.46165
4.47053
4.57413
4.49723
4.51112
4.4745
4.50752
4.45133
4.51908
4.55002
4.56027
4.54549
4.54876
4.42494
4.45735
4.50582
4.53619
4.51309
4.4637
4.50865
4.47606
4.53166
4.49494
4.42606
4.49414
4.44794
4.49831
4.52631
4.46261
4.42881
4.50784
4.5124
4.48253
4.48197
4.47685
4.47169
4.48054
4.45924
4.52656
4.4726
4.4693
4.46249
4.56564
4.52064
4.45143
4.41041
4.53509
4.48699
4.52977
4.53069
4.52226
4.43303
4.4671
4.47217
4.4836
4.48716
4.52368
4.48784
4.45364
4.43404
4.54875
4.56042
4.49547
4.48939
4.48881
4.46731
4.40164
4.51416
4.53948
4.51148
4.50983
4.47676
4.45912
4.45547
4.53049
4.56508
4.52183
4.46608
4.50692
4.52337
4.48724
4.50457
4.43891
4.46512
4.45416
4.44514
4.53587
4.49135
4.45066
4.46081
4.50217
4.522
4.49553
4.5245
4.48808
4.49809
4.47911
4.47919
4.52479
4.5219
4.52181
4.48403
4.46404
4.51793
4.5298
4.49589
4.5019
4.48292
4.55056
4.46329
4.51314
4.54616
4.47058
4.47755
4.48231
4.5055
4.49314
4.54223
4.49332
4.49491
4.47536
4.55409
4.45342
4.51559
4.50846
4.48549
4.54734
4.51932
4.52124
4.49949
4.52106
4.52894
4.52696
4.51211
4.46345
4.42348
4.44067
4.53446
4.5271
4.46713
4.47351
4.49193
4.44844
4.53351
4.46823
4.47548
4.52006
4.51493
4.45851
4.51205
4.53246
4.50727
4.46046
4.42032
4.46067
4.4631
4.53005
4.54404
4.43473
4.4935
4.48492
4.49008
4.50264
4.45857
4.42539
4.51092
4.47795
4.50679
4.44907
4.47624
4.51014
4.46301
4.50955
4.37608
4.45682
4.47036
4.4706
4.47921
4.50237
4.50601
4.42409
4.48889
4.45883
4.47626
4.44135
4.51996
4.45688
4.43714
4.40577
4.52067
4.46641
4.47909
4.52443
4.41149
4.47839
4.45289
4.37285
4.42924
4.48234
4.47595
4.39093
4.46165
4.441
4.48721
4.44286
4.49516
4.47004
4.42562
4.48447
4.50466
4.41757
4.47517
4.511
4.43527
4.38
4.43158
4.4318
4.47978
4.45507
4.45459
4.50825
4.44734
4.44042
4.46179
4.48466
4.45057
4.42881
4.46578
4.51527
4.40094
4.42289
4.40935
4.40306
4.46206
4.43615
4.48511
4.41262
4.43217
4.49921
4.48281
4.4472
4.47733
4.4275
4.4173
4.40062
4.42108
4.48037
4.44584
4.4714
4.43537
4.42079
4.43514
4.432
4.48665
4.45078
4.40811
4.48738
4.46663
4.4971
4.46101
4.46667
4.42906
4.47539
4.47854
4.45422
4.4604
4.52582
4.48808
4.42155
4.45989
4.45507
4.44874
4.4651
4.42893
4.49156
4.44116
4.45724
4.4587
4.45699
4.50388
4.51202
4.44588
4.47309
4.4683
4.42991
4.4846
4.489
4.46027
4.4811
4.47595
4.47869
4.47878
4.45481
4.47875
4.46301
4.47425
4.46648
4.45205
4.45248
4.42158
4.41819
