4.40379
4.39494
4.40294
4.40928
4.40983
4.40722
4.39745
4.38188
4.43923
4.40352
4.39136
4.39866
4.40655
4.41083
4.40906
4.39968
4.4202
4.37243
4.40465
4.3723
4.425
4.37441
4.38832
4.42156
4.43895
4.39113
4.38902
4.38408
4.37528
4.41157
4.40589
4.37294
4.37213
4.36347
4.40787
4.42177
4.4063
4.4017
4.39331
4.39289
4.38358
4.40037
4.32474
4.41349
4.40986
4.3746
4.3208
4.36729
4.39587
4.37398
4.37298
4.40053
4.34985
4.35601
4.37111
4.37204
4.36275
4.40859
4.4275
4.37211
4.4032
4.35953
4.37989
4.3866
4.37197
4.36993
4.41386
4.37423
4.36485
4.3585
4.37012
4.41712
4.39305
4.4374
4.33462
4.382
4.40182
4.35601
4.34527
4.42426
4.37016
4.40852
4.38721
4.33498
4.3707
4.36648
4.3648
4.3738
4.43986
4.39387
4.35151
4.35208
4.32188
4.36095
4.33264
4.3307
4.41022
4.39924
4.33337
4.38283
4.37481
4.34217
4.32795
4.29946
4.46826
4.35504
4.33194
4.3625
4.38865
4.33238
4.36812
4.3526
4.35002
4.3608
4.37501
4.32662
4.37028
4.40651
4.35783
4.34732
4.40697
4.35843
4.32327
4.33579
4.36861
4.43175
4.34681
4.37967
4.38951
4.38239
4.37218
4.45776
4.37932
4.37377
4.28595
4.33337
4.37178
4.39577
4.33505
4.39458
4.36836
4.39229
4.35304
4.36962
4.38566
4.41524
4.35901
4.4021
4.38382
4.37344
4.37101
4.3562
4.37082
4.36588
4.37289
4.39112
4.36413
4.36852
4.42347
4.4278
4.33501
4.35947
4.37759
4.46632
4.4004
4.41162
4.36121
4.36712
4.42789
4.32969
4.4017
4.36808
4.41327
4.40707
4.38826
4.33804
4.40549
4.41908
4.45657
4.38934
4.39688
4.44189
4.41105
4.38145
4.38492
4.38979
4.37709
4.42494
4.40538
4.40403
4.37983
4.36036
4.33053
4.34899
4.41335
4.37927
4.36841
4.42942
4.38746
4.38881
4.37309
4.3833
4.3915
4.40707
4.40478
4.39076
4.4266
4.38616
4.40129
4.38453
4.39299
4.40412
4.44378
4.45029
4.44482
4.39146
4.4153
4.43093
4.37965
4.41519
4.41972
4.44873
4.41171
4.44836
4.35902
4.42975
4.39498
4.41015
4.39183
4.50967
4.47515
4.41802
4.40415
4.36273
4.40494
4.41518
4.37294
4.41032
4.43308
4.40105
4.51966
4.36528
4.38826
4.45677
4.42912
4.39473
4.37937
4.39979
4.38975
4.3968
4.38023
4.40295
4.37406
4.42047
4.41893
4.43248
4.37836
4.43093
4.45448
4.38743
4.35794
4.36046
4.41597
4.38609
4.43969
4.43738
4.36854
4.51013
4.38734
4.42826
4.45687
4.39314
4.36897
4.39096
4.39922
4.42223
4.38943
4.41077
4.40554
4.44569
4.41198
4.41479
4.38076
4.43542
4.39287
4.41739
4.43714
4.36041
4.42775
4.41901
4.45231
4.45165
4.40961
4.41007
4.35335
4.39989
4.43317
4.38926
4.40803
4.37304
4.36381
4.36886
4.39562
4.44089
4.41742
4.44807
4.33596
4.37582
4.39811
4.39237
4.32855
4.44172
4.42974
4.38862
4.38964
4.37569
4.35733
4.41484
4.36743
4.36858
4.38549
4.41213
4.4434
4.36206
4.34824
4.37984
4.37657
4.3634
4.36532
4.36101
4.40935
4.36781
4.36393
4.37165
4.36139
4.33804
4.3999
4.41859
4.37767
4.36498
4.42389
4.40837
4.37091
4.39783
4.34023
4.42535
4.37113
4.3799
4.38258
4.37298
4.37275
4.37134
4.41882
4.35186
4.39351
4.40986
4.40295
4.42157
4.38807
4.40551
4.43702
4.40284
4.42189
4.36003
4.39535
4.41284
4.37883
4.39122
4.40144
4.41849
4.40545
4.43865
4.42639
4.43093
4.42428
4.38294
4.41789
4.42026
4.42628
4.42238
4.41535
4.44314
4.44095
4.42991
4.4542
4.43828
4.45228
4.46311
4.45901
4.43126
4.4355
4.4533
4.41977
4.44225
4.44703
4.44428
4.44116
4.43493
4.44051
4.43981
