4.3862
4.40262
4.39532
4.40858
4.41254
4.42193
4.41799
4.43469
4.41178
4.47843
4.42519
4.42923
4.46845
4.45791
4.47213
4.48973
4.46925
4.45387
4.43758
4.44654
4.43228
4.44016
4.47433
4.40347
4.4129
4.43145
4.43935
4.44351
4.39732
4.45722
4.44263
4.48562
4.43333
4.46753
4.4542
4.43331
4.44077
4.4133
4.42126
4.45564
4.46543
4.41641
4.45437
4.44256
4.45645
4.40565
4.41172
4.42786
4.48341
4.41891
4.43029
4.42715
4.43647
4.44874
4.39087
4.41966
4.39367
4.4336
4.38425
4.37349
4.40028
4.37767
4.47334
4.38368
4.44464
4.40538
4.4249
4.40468
4.39835
4.36294
4.38877
4.39776
4.34837
4.30596
4.41369
4.38835
4.3969
4.38482
4.36248
4.35839
4.41782
4.3842
4.43097
4.39946
4.38073
4.39472
4.36147
4.36388
4.36148
4.40082
4.41941
4.39989
4.33932
4.36437
4.39916
4.35709
4.42344
4.40472
4.42547
4.3899
4.41883
4.40438
4.38036
4.3487
4.43211
4.36361
4.4274
4.32374
4.44166
4.4077
4.32126
4.36478
4.37994
4.34699
4.41358
4.40593
4.45137
4.37006
4.36665
4.39514
4.36015
4.39618
4.34313
4.44244
4.43396
4.33739
4.45887
4.35845
4.4079
4.40433
4.4033
4.42246
4.40661
4.40065
4.37951
4.46592
4.41962
4.39038
4.47051
4.33309
4.42565
4.46047
4.45408
4.42035
4.39968
4.38303
4.38806
4.317
4.34092
4.39754
4.3577
4.37274
4.41215
4.36089
4.35662
4.39955
4.4043
4.38826
4.42347
4.36994
4.37821
4.39759
4.41369
4.36051
4.40365
4.44794
4.41178
4.40734
4.45678
4.33807
4.35214
4.36518
4.34527
4.42883
4.36784
4.37489
4.37949
4.4176
4.44407
4.39644
4.39411
4.41849
4.41666
4.38541
4.44227
4.39623
4.39359
4.39902
4.42459
4.38814
4.38101
4.42409
4.4488
4.39366
4.40033
4.42709
4.45165
4.38511
4.39418
4.39228
4.46011
4.37917
4.39611
4.41309
4.42385
4.44604
4.38489
4.43402
4.43272
4.39765
4.36915
4.38434
4.40283
4.37834
4.41332
4.39675
4.44238
4.44703
4.40995
4.41662
4.40796
4.46613
4.42505
4.40994
4.3927
4.35088
4.34209
4.41957
4.38431
4.33091
4.4003
4.43624
4.40734
4.4892
4.40164
4.40528
4.3364
4.39209
4.39923
4.40272
4.43303
4.39783
4.36209
4.36738
4.4852
4.38962
4.35595
4.3528
4.43086
4.38635
4.41901
4.43379
4.35553
4.38806
4.37096
4.37366
4.43958
4.44047
4.38165
4.39631
4.36818
4.39248
4.38682
4.44307
4.37082
4.34498
4.44243
4.45916
4.39275
4.39213
4.35951
4.39679
4.38509
4.41912
4.38451
4.39574
4.38762
4.40328
4.3779
4.35498
4.39885
4.35433
4.33907
4.42181
4.38191
4.40792
4.40805
4.40956
4.38625
4.39121
4.40398
4.39047
4.3984
4.39693
4.40472
4.36064
4.40995
4.39286
4.33241
4.34718
4.43997
4.33009
4.39562
4.38821
4.38119
4.45003
4.3678
4.37071
4.35702
4.34497
4.30879
4.36148
4.40814
4.33551
4.373
4.36246
4.36717
4.3371
4.34312
4.40932
4.35219
4.30792
4.39977
4.3888
4.37885
4.36744
4.39886
4.32509
4.35489
4.39194
4.37043
4.33737
4.38622
4.38192
4.34193
4.35335
4.35666
4.37989
4.36784
4.40466
4.39457
4.38148
4.36956
4.37332
4.35023
4.4197
4.40663
4.44933
4.40707
4.44975
4.41228
4.40724
4.42397
4.45213
4.40811
4.42581
4.42422
4.467
4.41063
4.45078
4.49599
4.47179
4.43943
4.47149
4.46821
4.49292
4.49139
4.44132
4.48143
4.46878
4.47945
4.49769
4.51641
4.48238
4.50755
4.49908
4.48919
4.50495
4.50781
4.49106
4.49486
4.50189
4.54555
4.50704
4.50187
4.50748
4.5215
4.53059
4.52349
4.5029
4.51938
4.53502
4.50574
4.51536
4.49557
4.49697
4.4909
4.46929
4.46812
4.45819
