3.56164
3.55499
3.55029
3.54898
3.552
3.55151
3.55275
3.55223
3.54869
3.55702
3.55042
3.55261
3.55647
3.54832
3.54703
3.5468
3.55134
3.54337
3.5399
3.54894
3.55232
3.55384
3.54617
3.55511
3.54844
3.53623
3.54909
3.5526
3.55722
3.53726
3.56707
3.55464
3.53505
3.53664
3.55348
3.53425
3.53366
3.53604
3.53645
3.54481
3.53732
3.5461
3.53267
3.54704
3.54719
3.54311
3.53892
3.53025
3.54036
3.53304
3.55097
3.51775
3.5337
3.53052
3.53323
3.53547
3.54571
3.52386
3.52799
3.52134
3.5415
3.5289
3.53188
3.52523
3.51112
3.54335
3.53253
3.52077
3.53661
3.52212
3.49883
3.53289
3.52412
3.51014
3.53145
3.50793
3.53174
3.53878
3.53291
3.5193
3.54669
3.51494
3.52921
3.5187
3.51461
3.49723
3.50531
3.52519
3.52157
3.52269
3.51118
3.51796
3.52139
3.54514
3.53733
3.52054
3.52127
3.50674
3.52936
3.53927
3.52895
3.52288
3.50639
3.51881
3.52569
3.50173
3.51132
3.52517
3.51749
3.5204
3.515
3.53318
3.5142
3.51349
3.52912
3.50835
3.52317
3.53349
3.5186
3.55407
3.5212
3.54116
3.50928
3.54157
3.53654
3.53489
3.53755
3.54783
3.54115
3.53151
3.54776
3.51999
3.52925
3.50901
3.54524
3.53134
3.53334
3.53355
3.52986
3.52543
3.52564
3.53348
3.5113
3.55655
3.52299
3.53093
3.52236
3.53026
3.54514
3.51708
3.54021
3.5306
3.54401
3.52619
3.52343
3.53797
3.53204
3.55085
3.50597
3.52802
3.51682
3.52018
3.52763
3.52299
3.53397
3.53514
3.5512
3.53637
3.52516
3.53112
3.53498
3.54543
3.52263
3.50758
3.54302
3.51322
3.52596
3.51306
3.50072
3.53297
3.5028
3.54757
3.5193
3.53462
3.5019
3.50206
3.53037
3.52154
3.53143
3.55054
3.52753
3.5562
3.49564
3.52368
3.52653
3.50184
3.511
3.51676
3.51662
3.48806
3.50853
3.50113
3.52857
3.50032
3.53147
3.52708
3.50021
3.5305
3.51529
3.52118
3.48175
3.51944
3.52681
3.51993
3.52998
3.5222
3.50136
3.5178
3.50847
3.50478
3.52318
3.51278
3.53808
3.51794
3.52847
3.55155
3.51113
3.51407
3.5262
3.51182
3.5264
3.51506
3.51365
3.52041
3.54367
3.52972
3.49352
3.52236
3.55178
3.5191
3.53497
3.50964
3.53114
3.50015
3.53651
3.51236
3.50925
3.52514
3.50279
3.52498
3.51338
3.51056
3.54462
3.51884
3.52151
3.51945
3.58666
3.57783
3.54069
3.50044
3.53351
3.53388
3.52183
3.5593
3.52408
3.53394
3.51574
3.54008
3.5463
3.50852
3.55307
3.51433
3.49705
3.52324
3.52176
3.54152
3.51679
3.5458
3.53573
3.53506
3.5386
3.57063
3.52809
3.52557
3.53362
3.5156
3.52107
3.55662
3.53724
3.54923
3.54386
3.53252
3.52615
3.53087
3.51559
3.50405
3.54883
3.54006
3.54771
3.53316
3.56526
3.54558
3.5432
3.53406
3.55058
3.5396
3.55749
3.5256
3.56371
3.5539
3.55782
3.53345
3.54552
3.54144
3.53954
3.52785
3.57709
3.51861
3.55798
3.56787
3.54958
3.58441
3.51952
3.52744
3.55453
3.54049
3.55176
3.54442
3.55741
3.52765
3.56772
3.55398
3.54013
3.53944
3.58796
3.5512
3.58265
3.51396
3.57526
3.54697
3.55816
3.55619
3.55744
3.56874
3.54329
3.59814
3.54487
3.53333
3.55869
3.54676
3.55048
3.53906
3.56256
3.55846
3.55965
3.56415
3.52444
3.56272
3.57313
3.57915
3.54535
3.5891
3.57859
3.55466
3.57373
3.54256
3.56159
3.5749
3.586
3.54278
3.56291
3.56038
3.56134
3.57258
3.56195
3.5441
3.55849
3.56809
3.55278
3.54547
3.55693
3.58797
3.57188
3.55585
3.55698
3.54003
3.5646
3.56263
3.54563
3.55111
3.56943
3.54094
3.54374
3.54659
3.53079
3.53727
3.52654
3.53344
3.54104
3.53116
