3.51779
3.52871
3.53998
3.548
3.55381
3.56139
3.56496
3.57684
3.56955
3.57773
3.57775
3.58433
3.58839
3.59004
3.58458
3.59781
3.59169
3.59613
3.60529
3.59132
3.59598
3.60632
3.58749
3.59419
3.59429
3.59976
3.60104
3.61218
3.58697
3.60225
3.59393
3.59768
3.59179
3.59158
3.58813
3.58754
3.60793
3.57586
3.5863
3.60519
3.58817
3.59564
3.58048
3.59981
3.57596
3.57059
3.58016
3.57794
3.59286
3.59626
3.58567
3.5887
3.60163
3.58214
3.58374
3.57112
3.5758
3.60101
3.57823
3.59861
3.59213
3.59265
3.56028
3.56777
3.58701
3.58142
3.59381
3.57369
3.56896
3.56958
3.58762
3.57542
3.57841
3.56007
3.58524
3.57017
3.59284
3.56668
3.57653
3.55681
3.57515
3.57482
3.56308
3.58623
3.55494
3.55449
3.57178
3.55706
3.57411
3.57265
3.57871
3.56087
3.57744
3.55261
3.59462
3.56304
3.57958
3.58922
3.55988
3.56629
3.54345
3.55278
3.5416
3.57567
3.57065
3.58086
3.56753
3.55942
3.5723
3.57231
3.55077
3.56953
3.5785
3.56303
3.5752
3.56603
3.56615
3.57614
3.58756
3.55861
3.55019
3.5763
3.54518
3.57198
3.56099
3.57824
3.55083
3.57615
3.57364
3.58113
3.58137
3.55872
3.58758
3.55164
3.57753
3.57113
3.5724
3.5508
3.57694
3.57626
3.55131
3.56935
3.56387
3.56131
3.56631
3.56052
3.55258
3.56603
3.56802
3.59657
3.57357
3.5973
3.57348
3.55249
3.56109
3.56968
3.55733
3.55962
3.57953
3.56356
3.56389
3.57633
3.57958
3.57353
3.59328
3.57605
3.5713
3.56951
3.55765
3.57285
3.57255
3.5586
3.57047
3.60146
3.5712
3.55231
3.56376
3.55536
3.57756
3.59402
3.56778
3.55893
3.55239
3.56493
3.60288
3.56036
3.58763
3.55505
3.56064
3.59216
3.57207
3.57534
3.56592
3.58097
3.57275
3.56122
3.55657
3.56127
3.55244
3.56747
3.57756
3.55727
3.5855
3.58264
3.57005
3.57096
3.54659
3.5699
3.54051
3.56544
3.5727
3.55615
3.58395
3.58725
3.55889
3.57918
3.55532
3.56148
3.58153
3.58464
3.58675
3.56438
3.58533
3.58383
3.58185
3.58808
3.60574
3.55678
3.57237
3.59574
3.55614
3.59605
3.60887
3.56439
3.5726
3.58174
3.56097
3.58887
3.56
3.56591
3.5771
3.56715
3.57758
3.55913
3.57975
3.52868
3.58383
3.56115
3.62084
3.59362
3.59246
3.58158
3.59327
3.59227
3.58364
3.58075
3.56207
3.60053
3.60824
3.57409
3.58236
3.56768
3.59532
3.53427
3.55983
3.55128
3.56197
3.60415
3.61243
3.5871
3.58283
3.5565
3.57054
3.60894
3.58714
3.55251
3.60247
3.58883
3.62383
3.55672
3.5645
3.55456
3.55979
3.56874
3.57214
3.57494
3.59711
3.58585
3.5559
3.60353
3.61829
3.58415
3.57446
3.58885
3.57085
3.56539
3.58785
3.60296
3.55907
3.55037
3.58296
3.54734
3.57234
3.59589
3.59615
3.60455
3.58976
3.57095
3.58943
3.57445
3.56024
3.53056
3.6012
3.58036
3.5542
3.56004
3.5766
3.55833
3.5731
3.57911
3.59196
3.59864
3.58584
3.58683
3.62072
3.55516
3.56999
3.60592
3.56825
3.59095
3.60149
3.61894
3.59893
3.58604
3.58018
3.64777
3.58589
3.59329
3.58891
3.59224
3.59985
3.59578
3.59072
3.57158
3.57321
3.61218
3.55995
3.60053
3.57111
3.59258
3.61107
3.57796
3.57384
3.61366
3.62791
3.59911
3.61834
3.59696
3.59109
3.59503
3.56845
3.57199
3.60455
3.60228
3.58997
3.57984
3.58005
3.60571
3.57304
3.59091
3.5494
3.57339
3.59851
3.6023
3.5888
3.60663
3.57716
3.57237
3.57155
3.56934
3.54955
3.54396
3.60814
3.5682
3.58303
3.5576
3.53491
3.53671
3.56635
3.54084
3.55218
3.56854
3.54416
3.55041
3.55509
3.55129
3.55527
3.57046
3.5764
3.6096
