3.5828
3.56721
3.55454
3.54489
3.54477
3.53941
3.53226
3.52999
3.52122
3.52519
3.52566
3.52611
3.52827
3.51712
3.53086
3.51571
3.51808
3.52033
3.52111
3.52417
3.52493
3.51456
3.52891
3.5244
3.54358
3.52833
3.52572
3.52076
3.53688
3.51725
3.51706
3.5235
3.53024
3.53556
3.54774
3.52433
3.53672
3.55882
3.54991
3.55546
3.56272
3.54947
3.54224
3.53317
3.54556
3.53376
3.54231
3.52007
3.54458
3.54203
3.53667
3.53813
3.5357
3.55219
3.52369
3.51651
3.54865
3.54886
3.54736
3.54547
3.52668
3.51701
3.54813
3.54482
3.55893
3.53481
3.54208
3.53821
3.53289
3.52375
3.53543
3.55052
3.5448
3.52952
3.54475
3.55829
3.54703
3.54763
3.5408
3.55455
3.54123
3.54813
3.55871
3.56015
3.55654
3.56093
3.55364
3.54383
3.53287
3.56583
3.54377
3.53384
3.54774
3.53789
3.53923
3.53072
3.53739
3.5243
3.54212
3.5602
3.53446
3.53739
3.538
3.52537
3.55974
3.54628
3.5599
3.53563
3.54967
3.54991
3.55054
3.55819
3.53101
3.54678
3.55233
3.52473
3.55324
3.5481
3.56146
3.51632
3.53186
3.52766
3.56294
3.54553
3.5463
3.5417
3.52574
3.54018
3.54897
3.52798
3.55329
3.52031
3.53521
3.53703
3.53427
3.5461
3.54833
3.53986
3.53759
3.55134
3.52638
3.54683
3.53199
3.53088
3.52833
3.54798
3.5498
3.52583
3.52935
3.54115
3.53495
3.53127
3.50754
3.5084
3.53211
3.53439
3.52583
3.52
3.53644
3.52286
3.53939
3.52079
3.53978
3.52145
3.52555
3.53417
3.49932
3.524
3.51506
3.51783
3.5304
3.53266
3.52979
3.50883
3.50479
3.51903
3.50966
3.50963
3.51482
3.51481
3.51791
3.48968
3.52039
3.52374
3.50515
3.51621
3.53374
3.50727
3.49479
3.51728
3.49206
3.49133
3.48919
3.50399
3.48291
3.5033
3.49597
3.50054
3.49351
3.49531
3.48752
3.47673
3.51548
3.48484
3.49154
3.49168
3.4959
3.48205
3.52712
3.51777
3.51077
3.48933
3.46324
3.50297
3.50093
3.50702
3.49816
3.49161
3.51192
3.51232
3.498
3.49387
3.50982
3.49454
3.49392
3.46703
3.53106
3.45878
3.50534
3.49768
3.50006
3.5021
3.48278
3.48209
3.50937
3.50997
3.48867
3.49059
3.50179
3.46755
3.47791
3.46887
3.53483
3.50582
3.49786
3.47506
3.46898
3.50138
3.48166
3.4826
3.48933
3.47073
3.47028
3.49491
3.47613
3.47251
3.48434
3.51884
3.49196
3.48517
3.4743
3.47233
3.46073
3.46672
3.48166
3.46495
3.45763
3.50565
3.44795
3.46288
3.49921
3.46959
3.42828
3.48372
3.46116
3.48707
3.51409
3.45506
3.50851
3.44974
3.50199
3.47743
3.49442
3.48041
3.50706
3.46565
3.47476
3.45943
3.4326
3.46626
3.4525
3.47619
3.45465
3.46143
3.46078
3.45857
3.43279
3.4971
3.47064
3.41984
3.48359
3.48611
3.45035
3.46842
3.48774
3.47513
3.4628
3.48488
3.4924
3.4651
3.47871
3.47302
3.45185
3.47804
3.47873
3.45506
3.46561
3.46263
3.47093
3.473
3.47706
3.4992
3.47567
3.485
3.43886
3.49391
3.46181
3.47242
3.47052
3.47261
3.49487
3.45208
3.4745
3.45536
3.49346
3.46757
3.49811
3.44666
3.46894
3.46167
3.48836
3.50885
3.47696
3.46913
3.46911
3.45914
3.47357
3.48327
3.48372
3.45053
3.46877
3.43695
3.45946
3.46541
3.4637
3.45454
3.48015
3.50777
3.51172
3.45898
3.48278
3.47264
3.46187
3.45076
3.45895
3.45345
3.44846
3.48988
3.43809
3.49004
3.46803
3.43787
3.44447
3.45083
3.47305
3.48052
3.48594
3.45477
3.49393
3.45993
3.45354
3.45023
3.43932
3.45362
3.46366
3.46194
3.48655
3.47855
3.46604
3.45736
3.48586
3.47805
3.46104
3.46807
3.46842
3.4873
3.5134
3.4911
3.51903
3.52785
