3.55397
3.54562
3.54593
3.54799
3.5418
3.54855
3.54106
3.54437
3.54943
3.5475
3.54747
3.54835
3.5578
3.53699
3.54693
3.54821
3.54652
3.55178
3.54816
3.54208
3.54294
3.52798
3.54013
3.53801
3.54869
3.55427
3.55161
3.54607
3.53279
3.52792
3.5581
3.54294
3.56411
3.53775
3.54707
3.55433
3.53562
3.55012
3.54068
3.54035
3.55791
3.54329
3.55312
3.55586
3.53624
3.55256
3.54164
3.54025
3.55025
3.54186
3.53701
3.54397
3.53215
3.53704
3.5228
3.54412
3.53906
3.52589
3.53194
3.53371
3.55382
3.53103
3.53464
3.55007
3.55543
3.54107
3.52335
3.53027
3.52902
3.52641
3.53314
3.53112
3.55631
3.54525
3.52257
3.54621
3.5358
3.53626
3.5384
3.51725
3.52615
3.54075
3.55231
3.51865
3.51059
3.5358
3.53714
3.51608
3.52288
3.56093
3.53502
3.54423
3.54684
3.51896
3.54398
3.54039
3.54055
3.55197
3.54662
3.52581
3.55952
3.54617
3.52273
3.53928
3.54275
3.54538
3.54044
3.53608
3.55353
3.55218
3.54082
3.52912
3.54657
3.5336
3.57473
3.53196
3.54801
3.55011
3.53032
3.55564
3.54521
3.52421
3.54629
3.54068
3.54163
3.54749
3.55395
3.54585
3.53821
3.55674
3.53651
3.54223
3.54159
3.55491
3.54237
3.54762
3.54354
3.5475
3.55124
3.55336
3.55018
3.54416
3.5526
3.54236
3.57008
3.5489
3.55724
3.5513
3.55047
3.52966
3.55681
3.55926
3.56091
3.5262
3.54106
3.53183
3.54826
3.5508
3.53165
3.52874
3.55263
3.55249
3.55922
3.54569
3.53757
3.5383
3.55095
3.55043
3.54766
3.52388
3.5411
3.5354
3.56385
3.56213
3.56053
3.55257
3.56376
3.56298
3.56124
3.55843
3.54651
3.56342
3.53579
3.51997
3.56821
3.54122
3.53476
3.54903
3.54329
3.52123
3.56116
3.56093
3.53692
3.53098
3.53972
3.53772
3.5571
3.54435
3.5253
3.5298
3.51511
3.51751
3.54945
3.54442
3.52904
3.55785
3.53731
3.53537
3.53329
3.53909
3.53026
3.54231
3.52717
3.52952
3.54567
3.51497
3.55419
3.52735
3.53373
3.51884
3.53896
3.5519
3.55307
3.55172
3.52889
3.54204
3.54876
3.52443
3.54634
3.53372
3.58976
3.52764
3.52961
3.51731
3.53596
3.555
3.59225
3.53929
3.53493
3.53986
3.54169
3.51214
3.55175
3.5361
3.5381
3.55593
3.52881
3.54039
3.54494
3.56617
3.5454
3.54329
3.55158
3.54589
3.54151
3.56609
3.52068
3.57766
3.51197
3.53206
3.54606
3.55935
3.53469
3.5445
3.54988
3.52675
3.53466
3.55089
3.55053
3.57239
3.53071
3.51439
3.57232
3.50905
3.56074
3.57904
3.56264
3.54643
3.5543
3.52517
3.5085
3.53058
3.57855
3.55792
3.55221
3.5467
3.57581
3.56536
3.54086
3.55355
3.56302
3.50307
3.51067
3.55464
3.50897
3.54751
3.56911
3.55993
3.52163
3.56282
3.58168
3.5498
3.52524
3.5359
3.54312
3.57041
3.55071
3.57878
3.57697
3.55425
3.51866
3.55106
3.56803
3.53154
3.56681
3.56388
3.59775
3.5596
3.59233
3.59499
3.5428
3.59459
3.55742
3.55007
3.54713
3.52075
3.52077
3.59179
3.54724
3.59903
3.54947
3.53751
3.54746
3.53535
3.53967
3.52508
3.54246
3.54852
3.56264
3.56848
3.57011
3.583
3.54952
3.58924
3.52982
3.58085
3.56416
3.54333
3.57963
3.56392
3.59651
3.54694
3.57147
3.55579
3.5616
3.59237
3.56218
3.56034
3.56063
3.55089
3.56234
3.58211
3.56444
3.57732
3.55466
3.56249
3.5806
3.56471
3.56322
3.54514
3.56561
3.57539
3.50835
3.54786
3.55732
3.56371
3.57163
3.53401
3.58417
3.55055
3.57026
3.54715
3.53343
3.53554
3.55376
3.52627
3.54142
3.51199
3.52921
3.52115
3.52276
3.51634
3.50955
3.50134
3.48959
3.48993
3.505
3.50071
3.49152
3.51225
