3.53159
3.5373
3.55109
3.55214
3.55797
3.56725
3.55862
3.56971
3.5686
3.58426
3.57531
3.58327
3.58554
3.58105
3.56714
3.58028
3.56277
3.58532
3.57871
3.58544
3.5753
3.5806
3.58975
3.5872
3.58506
3.57874
3.58934
3.57618
3.57822
3.57229
3.57146
3.56824
3.55178
3.5586
3.5728
3.58608
3.58154
3.56381
3.56759
3.56677
3.56898
3.56473
3.56178
3.5557
3.58282
3.58563
3.5576
3.57651
3.57783
3.57732
3.56384
3.56205
3.55916
3.56774
3.57027
3.55203
3.56071
3.57156
3.53742
3.54839
3.5477
3.54899
3.57752
3.57704
3.56619
3.55567
3.59448
3.5713
3.56809
3.54538
3.56743
3.58343
3.54717
3.5537
3.54541
3.57017
3.56072
3.55361
3.55941
3.55253
3.56325
3.55811
3.53928
3.55579
3.54878
3.57048
3.54454
3.56589
3.53175
3.55286
3.55174
3.55877
3.57696
3.56232
3.55358
3.5493
3.55846
3.55175
3.56546
3.55096
3.5656
3.54685
3.55046
3.56906
3.57747
3.54381
3.55054
3.52916
3.56389
3.55037
3.55214
3.57093
3.54747
3.55063
3.56262
3.55103
3.56243
3.54058
3.54155
3.57067
3.55566
3.58007
3.57191
3.56417
3.56789
3.54526
3.57169
3.59606
3.55364
3.57904
3.55197
3.55472
3.56225
3.55403
3.54259
3.56393
3.5547
3.57238
3.55593
3.54666
3.55788
3.55878
3.56573
3.5703
3.56561
3.57814
3.57411
3.54292
3.56706
3.56458
3.54778
3.57487
3.55124
3.55321
3.55987
3.55406
3.55339
3.57058
3.5749
3.57139
3.55461
3.55548
3.55374
3.58809
3.56617
3.57787
3.55732
3.58125
3.56466
3.57763
3.5464
3.57095
3.55211
3.55901
3.56106
3.56675
3.56962
3.55719
3.57028
3.56926
3.55834
3.55735
3.56284
3.53775
3.56608
3.55427
3.54295
3.56864
3.55824
3.58082
3.55226
3.55698
3.55767
3.56348
3.54333
3.5578
3.54128
3.56309
3.52727
3.56308
3.56043
3.56363
3.56765
3.56137
3.54872
3.54757
3.53763
3.58025
3.56169
3.54797
3.53026
3.53603
3.56538
3.57172
3.57967
3.54785
3.55267
3.53927
3.52885
3.56149
3.57713
3.58509
3.54456
3.54803
3.5556
3.5676
3.55718
3.57584
3.51654
3.573
3.56758
3.54457
3.55652
3.50339
3.54302
3.50405
3.5489
3.57027
3.57197
3.56253
3.54123
3.56029
3.57808
3.52306
3.54436
3.53875
3.588
3.58163
3.55341
3.55746
3.54994
3.53123
3.55056
3.55047
3.58309
3.5677
3.5405
3.56897
3.54044
3.53774
3.56835
3.57499
3.53258
3.53214
3.54661
3.57109
3.58881
3.52623
3.56173
3.55408
3.50864
3.54908
3.54272
3.58866
3.57821
3.54849
3.55295
3.53199
3.54394
3.53022
3.5544
3.55936
3.54102
3.59796
3.53929
3.56457
3.54873
3.57335
3.53672
3.55234
3.56486
3.57079
3.53991
3.55835
3.5382
3.53608
3.55342
3.58913
3.54368
3.54852
3.54876
3.54427
3.53971
3.5834
3.56618
3.54603
3.56704
3.57878
3.53741
3.53591
3.53725
3.51788
3.54837
3.53643
3.51848
3.54243
3.56121
3.55078
3.54883
3.53327
3.53847
3.55558
3.60398
3.58484
3.54104
3.5322
3.57969
3.52701
3.55861
3.55655
3.56127
3.54486
3.51508
3.54268
3.58209
3.58617
3.54306
3.54008
3.56704
3.51325
3.58029
3.56311
3.55254
3.5747
3.60401
3.55466
3.56841
3.60501
3.55386
3.55977
3.56367
3.58226
3.61257
3.56505
3.53791
3.56502
3.58167
3.56034
3.56569
3.55144
3.56511
3.55387
3.54668
3.56686
3.56853
3.55189
3.57626
3.56262
3.57985
3.55203
3.55918
3.56497
3.54882
3.58524
3.57812
3.56698
3.57809
3.57894
3.57693
3.55013
3.56769
3.54875
3.53149
3.54192
3.52983
3.55833
3.5397
3.55116
3.52454
3.53289
3.53453
3.52985
3.53395
3.53684
3.55578
3.54548
3.55993
3.52281
3.54678
3.58497
