3.54564
3.54256
3.5459
3.54232
3.54236
3.54864
3.54941
3.54643
3.55742
3.5522
3.54907
3.55547
3.56527
3.54973
3.54477
3.55179
3.55436
3.55417
3.55561
3.5614
3.54859
3.56033
3.57409
3.54475
3.56572
3.5523
3.55342
3.55008
3.57865
3.5618
3.58149
3.57943
3.56254
3.56935
3.55293
3.55832
3.57139
3.56889
3.55027
3.55701
3.57419
3.54453
3.53676
3.55758
3.55739
3.55285
3.54231
3.55115
3.54928
3.53531
3.56041
3.56165
3.56383
3.57113
3.55572
3.55487
3.55743
3.57726
3.55288
3.54902
3.56849
3.54635
3.55064
3.5494
3.54718
3.54867
3.54599
3.55991
3.5429
3.54829
3.53404
3.54946
3.56457
3.55638
3.53212
3.54932
3.57303
3.5511
3.55058
3.55813
3.55698
3.54496
3.52205
3.55443
3.54866
3.55026
3.5359
3.54549
3.55461
3.55102
3.53406
3.57374
3.54506
3.56371
3.56175
3.54249
3.55004
3.54679
3.52447
3.53952
3.54422
3.53793
3.54054
3.53926
3.54684
3.56121
3.53023
3.53721
3.57106
3.54868
3.5479
3.57413
3.53941
3.54247
3.55199
3.57352
3.53943
3.54014
3.54116
3.55105
3.55141
3.54941
3.54434
3.54304
3.54783
3.54392
3.54811
3.54931
3.54067
3.56997
3.53768
3.55309
3.55676
3.53067
3.53478
3.52189
3.55971
3.57382
3.55873
3.55243
3.55876
3.55749
3.56136
3.5598
3.54264
3.54092
3.56185
3.55994
3.56209
3.52764
3.55433
3.56473
3.55865
3.55624
3.54492
3.55718
3.54104
3.55951
3.57477
3.52164
3.51048
3.52961
3.55067
3.58358
3.53851
3.53162
3.53991
3.53637
3.53848
3.54341
3.55446
3.53373
3.56242
3.54635
3.55173
3.54322
3.55227
3.52915
3.5459
3.53626
3.53339
3.52967
3.54566
3.56866
3.55126
3.53698
3.55715
3.55794
3.57053
3.54729
3.5607
3.55371
3.53916
3.54042
3.55167
3.55558
3.5511
3.54683
3.55287
3.54198
3.53357
3.53751
3.55626
3.57874
3.54622
3.5529
3.5446
3.54073
3.55255
3.53203
3.53848
3.55909
3.55558
3.53974
3.57751
3.54111
3.53148
3.5834
3.54873
3.53599
3.52559
3.53918
3.55948
3.53499
3.55345
3.5434
3.52686
3.55554
3.54478
3.55157
3.56277
3.54072
3.54229
3.54249
3.53847
3.55355
3.54484
3.53515
3.5522
3.53953
3.53579
3.55247
3.53871
3.57083
3.52605
3.53844
3.54958
3.52012
3.53583
3.54653
3.52996
3.52166
3.5679
3.5319
3.54351
3.55993
3.49545
3.55647
3.54524
3.50562
3.51405
3.55305
3.54327
3.55171
3.53409
3.52752
3.53936
3.53725
3.53322
3.55955
3.53048
3.51989
3.52691
3.56574
3.54785
3.51215
3.54219
3.54975
3.54635
3.54036
3.54698
3.5194
3.54219
3.55055
3.51528
3.52648
3.54291
3.52643
3.52213
3.55224
3.54336
3.52568
3.54631
3.52941
3.532
3.55621
3.56295
3.52201
3.52333
3.52202
3.49928
3.55116
3.55677
3.54654
3.57524
3.52342
3.50562
3.52171
3.55752
3.51932
3.52856
3.51419
3.5245
3.52155
3.542
3.55843
3.54312
3.5506
3.52414
3.56787
3.53
3.53891
3.50461
3.51756
3.54276
3.49005
3.53896
3.5367
3.50061
3.56289
3.52876
3.52286
3.54438
3.5098
3.53302
3.52242
3.53973
3.54462
3.55715
3.51722
3.52344
3.52988
3.51475
3.53176
3.53836
3.52855
3.53782
3.54646
3.52932
3.51317
3.54917
3.53524
3.54125
3.53816
3.56051
3.58295
3.55331
3.58365
3.55792
3.54869
3.52942
3.5708
3.5484
3.53287
3.56508
3.54293
3.53211
3.55417
3.54578
3.54384
3.54607
3.55038
3.54068
3.54036
3.55765
3.55914
3.55786
3.58074
3.55578
3.58159
3.54754
3.54019
3.55205
3.55714
3.55546
3.57584
3.56178
3.57367
3.58044
3.58101
3.56789
3.558
3.56359
3.57855
3.57447
3.56553
3.56268
3.56439
3.56177
3.5685
