3.51652
3.5333
3.54318
3.56128
3.5663
3.57295
3.58048
3.58337
3.59315
3.58393
3.59117
3.59737
3.58669
3.59796
3.58604
3.59946
3.59193
3.5938
3.57735
3.60375
3.59646
3.60095
3.58159
3.60865
3.60773
3.59369
3.59593
3.58371
3.5961
3.58338
3.60206
3.57958
3.59906
3.59429
3.58423
3.58872
3.58228
3.5945
3.58755
3.56801
3.58557
3.58285
3.56372
3.56987
3.57477
3.58527
3.57963
3.56482
3.5762
3.5706
3.59537
3.56795
3.56325
3.56151
3.56565
3.55393
3.58238
3.56897
3.58395
3.58263
3.57523
3.56134
3.5646
3.56798
3.58549
3.56364
3.56228
3.55589
3.57289
3.56607
3.57609
3.57057
3.55543
3.57687
3.58851
3.57747
3.5807
3.56805
3.5678
3.55208
3.59776
3.56618
3.54151
3.55625
3.56744
3.5577
3.57343
3.55706
3.56909
3.5736
3.57061
3.57367
3.57506
3.576
3.56994
3.57062
3.58224
3.56351
3.57701
3.5521
3.57341
3.57855
3.57144
3.54219
3.60363
3.57752
3.57433
3.56434
3.60471
3.59682
3.58479
3.58828
3.60276
3.59035
3.5883
3.59551
3.60145
3.59174
3.60168
3.58369
3.57452
3.58505
3.58479
3.57966
3.57911
3.59934
3.56915
3.57661
3.59243
3.57396
3.60285
3.57431
3.5976
3.59679
3.60792
3.59609
3.5956
3.59836
3.58679
3.60326
3.59769
3.58105
3.60152
3.58283
3.5813
3.58495
3.61888
3.6076
3.60043
3.57604
3.5931
3.59269
3.59712
3.59987
3.5854
3.58751
3.59216
3.58949
3.57106
3.60862
3.59527
3.57841
3.60147
3.58337
3.60978
3.6048
3.60752
3.59378
3.58622
3.57656
3.59165
3.6065
3.59219
3.58933
3.58208
3.58923
3.58041
3.59088
3.57162
3.60865
3.57069
3.58037
3.58458
3.5652
3.58915
3.59071
3.59743
3.57896
3.58823
3.59636
3.58979
3.59653
3.57211
3.5895
3.58096
3.59065
3.59621
3.55945
3.55787
3.59074
3.5784
3.55584
3.59917
3.57883
3.5746
3.57328
3.57434
3.5723
3.56961
3.599
3.59586
3.59091
3.58849
3.55295
3.56224
3.57918
3.57424
3.60732
3.57062
3.60199
3.58633
3.57382
3.57466
3.58253
3.58228
3.56675
3.57482
3.61075
3.58402
3.59667
3.5544
3.56108
3.59378
3.55476
3.56934
3.58319
3.54205
3.56118
3.5619
3.56931
3.61266
3.56371
3.57957
3.57853
3.53239
3.59878
3.57814
3.59267
3.54149
3.58557
3.56482
3.56291
3.58674
3.58519
3.58146
3.55862
3.56746
3.57711
3.53216
3.58578
3.57841
3.58412
3.55131
3.53534
3.5837
3.55687
3.58822
3.56276
3.59544
3.55015
3.54177
3.55307
3.54215
3.57492
3.57939
3.59555
3.56494
3.56183
3.55488
3.57589
3.5639
3.55576
3.53357
3.59796
3.54925
3.56639
3.58574
3.57957
3.57008
3.57141
3.5624
3.58094
3.56002
3.55897
3.5753
3.57996
3.5755
3.57372
3.57103
3.53456
3.5362
3.56227
3.57687
3.58015
3.57902
3.58396
3.55257
3.5594
3.56731
3.56237
3.59144
3.54415
3.55087
3.55449
3.55109
3.5888
3.54192
3.57373
3.56469
3.56619
3.55789
3.5813
3.55427
3.57694
3.52726
3.55833
3.55354
3.55445
3.5435
3.55718
3.58169
3.58435
3.57199
3.58275
3.59303
3.5797
3.61694
3.53175
3.54657
3.58508
3.53999
3.56128
3.55254
3.56172
3.55717
3.55885
3.55875
3.59165
3.54053
3.57716
3.5823
3.59979
3.55741
3.59558
3.56565
3.5738
3.57761
3.55125
3.59523
3.56827
3.58488
3.58098
3.60047
3.57455
3.57998
3.56142
3.55608
3.57842
3.572
3.59569
3.58588
3.57289
3.58403
3.54647
3.56763
3.60115
3.56934
3.57097
3.56358
3.58829
3.545
3.56918
3.56325
3.54382
3.54038
3.53395
3.55395
3.54608
3.54059
3.50993
3.54152
3.51929
3.50607
3.48704
3.51519
3.50113
3.48804
3.4822
3.47148
3.46191
