3.56322
3.52391
3.50187
3.49212
3.49378
3.49436
3.50107
3.49351
3.50794
3.51601
3.51872
3.52248
3.52783
3.52942
3.52518
3.53361
3.54579
3.54121
3.54751
3.54191
3.55962
3.56291
3.56659
3.56396
3.56459
3.58477
3.57959
3.56652
3.57238
3.57304
3.56942
3.57402
3.57347
3.55967
3.58106
3.58374
3.5756
3.56943
3.57417
3.5747
3.58606
3.5565
3.55137
3.56225
3.55273
3.54474
3.55522
3.55438
3.56018
3.56988
3.56148
3.54737
3.54632
3.53957
3.5626
3.53872
3.5333
3.55873
3.54987
3.54488
3.54829
3.55
3.53504
3.54081
3.52898
3.52941
3.54516
3.54938
3.51456
3.53322
3.52754
3.53235
3.5175
3.52847
3.52698
3.52843
3.54725
3.52025
3.51519
3.51408
3.50524
3.51319
3.50266
3.51416
3.53711
3.51576
3.51592
3.5276
3.50426
3.51969
3.53658
3.51815
3.54211
3.52923
3.51068
3.52275
3.54463
3.53022
3.52139
3.5132
3.51818
3.53095
3.51148
3.51072
3.53586
3.53115
3.52161
3.51622
3.53535
3.52267
3.53369
3.50539
3.5182
3.52854
3.54647
3.53174
3.52954
3.53228
3.52597
3.53742
3.54611
3.52507
3.54563
3.54003
3.52096
3.54192
3.52212
3.55912
3.53799
3.52649
3.53565
3.55339
3.55238
3.54044
3.52669
3.53791
3.52836
3.54378
3.54372
3.55381
3.54236
3.55787
3.53023
3.54077
3.55792
3.55306
3.53654
3.55083
3.55611
3.54933
3.55466
3.55231
3.53631
3.54193
3.55547
3.55889
3.54753
3.54983
3.55276
3.54431
3.54597
3.53438
3.56198
3.55334
3.56975
3.58548
3.5666
3.55395
3.55174
3.55539
3.57043
3.56592
3.54517
3.55359
3.55474
3.55309
3.54706
3.55982
3.57109
3.56395
3.56304
3.54282
3.57643
3.54476
3.56714
3.55137
3.55099
3.55558
3.55059
3.55041
3.56699
3.55359
3.5423
3.57472
3.59801
3.57024
3.55605
3.55532
3.58467
3.56825
3.54485
3.57508
3.57123
3.59812
3.56296
3.5585
3.57434
3.56649
3.57449
3.53369
3.56588
3.55293
3.58697
3.58
3.55335
3.542
3.55457
3.56737
3.56424
3.58709
3.56725
3.5575
3.57466
3.56545
3.54493
3.55364
3.56529
3.55721
3.55791
3.55541
3.57654
3.56609
3.55924
3.56163
3.54613
3.56799
3.57281
3.53247
3.54455
3.57568
3.5225
3.54301
3.54748
3.58005
3.53667
3.58502
3.53643
3.5713
3.54297
3.58397
3.5669
3.53422
3.52419
3.566
3.54304
3.54346
3.5525
3.55091
3.53011
3.57907
3.50835
3.53876
3.54644
3.58847
3.54552
3.54135
3.52013
3.51295
3.54173
3.5753
3.54457
3.50642
3.51941
3.53442
3.5596
3.54392
3.59879
3.53657
3.5332
3.51356
3.55972
3.53518
3.56337
3.573
3.54278
3.5345
3.55168
3.5611
3.52043
3.54452
3.55268
3.55221
3.52161
3.53586
3.50954
3.52545
3.52559
3.52856
3.54429
3.56031
3.52973
3.57372
3.52109
3.54254
3.51159
3.54603
3.57216
3.52067
3.52718
3.57317
3.50179
3.52328
3.5156
3.51296
3.54185
3.53996
3.5304
3.51676
3.50714
3.55043
3.55345
3.55873
3.52133
3.50436
3.53441
3.57905
3.52849
3.54577
3.51263
3.55278
3.57075
3.5363
3.545
3.53051
3.52908
3.5651
3.53121
3.53293
3.56389
3.53366
3.52227
3.5241
3.53522
3.54545
3.52982
3.56853
3.51937
3.52058
3.53596
3.56155
3.5619
3.51858
3.55915
3.53824
3.56045
3.54278
3.60002
3.52102
3.54788
3.56543
3.55029
3.58781
3.5167
3.57843
3.53547
3.56356
3.58333
3.55952
3.55407
3.52352
3.56066
3.52408
3.53643
3.54879
3.55732
3.55677
3.59216
3.53883
3.598
3.58472
3.56854
3.58008
3.53732
3.54648
3.54555
3.56421
3.56854
3.56354
3.56236
3.54766
3.5747
3.57235
3.57282
3.60173
3.55878
3.58058
3.56802
3.5677
3.57576
3.56938
