4.58702
4.58157
4.59686
4.5954
4.62854
4.62301
4.62307
4.64853
4.61796
4.65404
4.63805
4.6357
4.62299
4.62978
4.60403
4.62224
4.63736
4.67064
4.66569
4.61334
4.66262
4.64404
4.62885
4.5885
4.61825
4.63381
4.63678
4.58552
4.59625
4.66082
4.64459
4.61878
4.63409
4.68695
4.59278
4.63627
4.61562
4.69106
4.67325
4.70903
4.61209
4.62687
4.62857
4.55143
4.57518
4.61165
4.63926
4.59716
4.55339
4.6465
4.64804
4.61831
4.65115
4.64216
4.63086
4.70907
4.65837
4.62242
4.66534
4.57637
4.69699
4.62205
4.60072
4.6624
4.55973
4.63387
4.5882
4.62826
4.64401
4.578
4.60982
4.57229
4.59276
4.65301
4.5994
4.59124
4.6965
4.58024
4.61946
4.65023
4.51962
4.67201
4.56201
4.59927
4.57526
4.64548
4.59889
4.6687
4.56715
4.56775
4.63628
4.6228
4.60974
4.56186
4.56597
4.55328
4.64618
4.60152
4.58553
4.6615
4.63525
4.57054
4.57065
4.50751
4.52987
4.58103
4.66398
4.65014
4.58759
4.59329
4.56825
4.58253
4.67553
4.61491
4.60982
4.51026
4.54302
4.59555
4.60066
4.58308
4.55341
4.58262
4.63296
4.60029
4.55938
4.64982
4.60512
4.64698
4.59801
4.62814
4.56635
4.59481
4.63825
4.63826
4.63796
4.53196
4.50111
4.63816
4.56205
4.59403
4.57728
4.57318
4.61679
4.61043
4.61091
4.58802
4.59626
4.57161
4.59991
4.63233
4.61906
4.64431
4.59296
4.65121
4.635
4.61299
4.62539
4.60266
4.57999
4.60312
4.6083
4.60027
4.68092
4.58516
4.53314
4.67304
4.62636
4.60239
4.55972
4.57777
4.67927
4.61009
4.60284
4.59753
4.58986
4.69509
4.63555
4.63179
4.61077
4.62191
4.616
4.58678
4.5824
4.62843
4.58513
4.63731
4.60566
4.57553
4.6228
4.63347
4.61833
4.62638
4.62028
4.60902
4.61799
4.63356
4.61159
4.61085
4.60773
4.5862
4.60689
4.62097
4.62777
4.5698
4.6504
4.63237
4.65224
4.659
4.61116
4.60417
4.57175
4.62951
4.61773
4.61247
4.59019
4.6055
4.59603
4.6073
4.58501
4.63739
4.64568
4.65421
4.65847
4.63352
4.69972
4.63481
4.60755
4.59884
4.61637
4.63857
4.66906
4.63964
4.61749
4.63982
4.64039
4.66191
4.66423
4.62793
4.6345
4.62433
4.60989
4.7105
4.69244
4.58167
4.57654
4.68077
4.60934
4.62843
4.68858
4.66502
4.64501
4.66044
4.71689
4.56149
4.58567
4.65648
4.61788
4.69587
4.62428
4.61127
4.59891
4.67883
4.69017
4.6743
4.74798
4.63265
4.62247
4.59885
4.63888
4.65964
4.66387
4.59303
4.71332
4.63156
4.62041
4.68507
4.6426
4.70136
4.65023
4.6396
4.68134
4.67718
4.6739
4.62935
4.64185
4.65291
4.661
4.68137
4.69099
4.68654
4.65652
4.70614
4.64737
4.5936
4.63573
4.67414
4.55039
4.69736
4.69724
4.69438
4.65027
4.63395
4.65419
4.67699
4.67624
4.61962
4.68409
4.67383
4.60246
4.58607
4.66138
4.67419
4.80572
4.79382
4.70874
4.65234
4.61629
4.63658
4.67742
4.71265
4.65023
4.68292
4.64942
4.69377
4.7466
4.73269
4.66542
4.59958
4.69112
4.69509
4.63897
4.63454
4.65602
4.644
4.66208
4.63096
4.68618
4.66757
4.61138
4.66626
4.68951
4.66534
4.74312
4.63464
4.68109
4.70162
4.65257
4.63881
4.6883
4.57986
4.67499
4.70606
4.67623
4.64683
4.73461
4.77606
4.70493
4.69231
4.71057
4.67901
4.65719
4.75332
4.6313
4.63096
4.64711
4.72072
4.65143
4.67721
4.63951
4.68603
4.69361
4.65208
4.64612
4.70065
4.64926
4.70196
4.7088
4.64914
4.67382
4.68773
4.66666
4.69661
4.67516
4.71968
4.66209
4.6604
4.66064
4.69181
4.71169
4.69513
4.68742
4.69643
4.68315
4.68228
4.69307
4.67725
4.70391
4.69855
4.7048
4.70962
