4.64551
4.65076
4.64442
4.6822
4.67202
4.67637
4.6852
4.70886
4.70714
4.70403
4.72464
4.71102
4.70928
4.75676
4.71527
4.7134
4.71046
4.72529
4.74841
4.73396
4.72752
4.73584
4.7652
4.70507
4.6994
4.71138
4.72124
4.7355
4.71373
4.79054
4.74188
4.72404
4.69442
4.73848
4.71725
4.7273
4.65799
4.77742
4.69273
4.72035
4.6489
4.70667
4.75942
4.71304
4.67766
4.73244
4.68012
4.70724
4.69528
4.75287
4.63809
4.74082
4.72402
4.68494
4.65142
4.70907
4.68309
4.79417
4.67216
4.71649
4.67088
4.73825
4.69165
4.71605
4.69932
4.64546
4.65106
4.6328
4.67842
4.67576
4.76157
4.72358
4.66733
4.77238
4.6447
4.64608
4.67233
4.69408
4.73909
4.62037
4.70977
4.70808
4.65745
4.68143
4.62891
4.68317
4.72148
4.68562
4.66312
4.70106
4.67976
4.62799
4.69099
4.67834
4.66744
4.69357
4.64075
4.72429
4.62342
4.76326
4.72475
4.67948
4.70644
4.67497
4.67123
4.633
4.66976
4.6585
4.6706
4.7088
4.72655
4.77049
4.73986
4.76559
4.72721
4.80768
4.60337
4.65963
4.66277
4.72323
4.66469
4.79983
4.79265
4.62905
4.74005
4.63627
4.761
4.71028
4.62354
4.73931
4.64303
4.66643
4.66039
4.72116
4.6737
4.68398
4.62277
4.6595
4.7135
4.70589
4.6829
4.70299
4.71887
4.73036
4.72328
4.68246
4.7296
4.68869
4.71028
4.64501
4.72948
4.69401
4.72053
4.73615
4.68608
4.67226
4.7127
4.65439
4.72142
4.68477
4.64321
4.70161
4.70143
4.70422
4.63841
4.65649
4.66769
4.63299
4.66026
4.65973
4.62989
4.63131
4.69379
4.68288
4.70456
4.6905
4.67553
4.6179
4.70779
4.67893
4.71336
4.70404
4.5965
4.61925
4.69477
4.72739
4.71702
4.73656
4.66425
4.70239
4.69107
4.7037
4.67852
4.65534
4.71165
4.74597
4.74532
4.65795
4.67707
4.72924
4.71643
4.66735
4.67629
4.66486
4.67808
4.69849
4.80283
4.67852
4.65969
4.67509
4.69679
4.77185
4.67975
4.66994
4.65389
4.70285
4.70539
4.71454
4.69759
4.65754
4.70516
4.7011
4.64395
4.76718
4.61948
4.64986
4.75869
4.74001
4.64886
4.6983
4.68092
4.64416
4.63975
4.64666
4.68027
4.68141
4.69907
4.65867
4.71762
4.68286
4.69515
4.68925
4.61173
4.67258
4.61534
4.64239
4.62378
4.62116
4.7191
4.66237
4.67931
4.68484
4.62355
4.60589
4.67695
4.72328
4.63822
4.65501
4.67743
4.68008
4.70883
4.67324
4.67883
4.60993
4.7512
4.62478
4.64632
4.63554
4.62295
4.70938
4.66956
4.66123
4.62291
4.64801
4.61781
4.65659
4.61319
4.66903
4.68133
4.65062
4.67274
4.67137
4.6653
4.6267
4.61779
4.64459
4.57457
4.76633
4.7184
4.61383
4.69678
4.69107
4.63917
4.66398
4.72383
4.58998
4.6607
4.62395
4.65659
4.65431
4.58955
4.76742
4.63522
4.63003
4.56026
4.67022
4.62372
4.65169
4.68261
4.62847
4.59163
4.63632
4.57149
4.6413
4.67764
4.66577
4.57346
4.59692
4.55958
4.69276
4.64262
4.65415
4.69136
4.66971
4.60042
4.59255
4.59234
4.60187
4.64555
4.64729
4.64135
4.76844
4.64198
4.64634
4.62703
4.63096
4.61751
4.66522
4.71261
4.63266
4.63679
4.62811
4.6797
4.61796
4.6023
4.64105
4.61989
4.61489
4.61831
4.65612
4.60063
4.6154
4.65061
4.65257
4.70706
4.65125
4.68903
4.68657
4.71646
4.62854
4.69064
4.63124
4.66209
4.69318
4.65656
4.69349
4.6425
4.67875
4.7355
4.65714
4.65667
4.66418
4.67489
4.68599
4.67634
4.69177
4.67843
4.68961
4.74438
4.70618
4.65311
4.66381
4.71259
4.68274
4.68802
4.7294
4.68142
4.68701
4.68823
4.6887
4.7256
4.68972
4.70711
4.71101
4.70608
4.67376
4.67791
4.69373
4.70588
4.71208
