4.66703
4.6464
4.65982
4.68416
4.68989
4.6825
4.69666
4.69202
4.71108
4.70457
4.70281
4.69272
4.68022
4.72296
4.72188
4.70909
4.76809
4.7243
4.80161
4.71988
4.70839
4.70287
4.78674
4.70383
4.66705
4.75004
4.73394
4.76128
4.73631
4.73772
4.76005
4.68785
4.77599
4.72475
4.76783
4.72196
4.79667
4.73643
4.72987
4.6693
4.7524
4.78325
4.74035
4.80568
4.60684
4.726
4.67411
4.6823
4.71927
4.725
4.77022
4.6732
4.69424
4.66531
4.61295
4.7187
4.7065
4.75613
4.70266
4.70162
4.61339
4.72274
4.80803
4.65544
4.7145
4.73909
4.69787
4.75087
4.70693
4.68855
4.703
4.67043
4.67507
4.70431
4.76823
4.67161
4.67233
4.69682
4.74501
4.679
4.71265
4.69116
4.62894
4.68975
4.69643
4.67489
4.67317
4.65225
4.6798
4.68658
4.69115
4.63323
4.72075
4.6504
4.68714
4.7175
4.69746
4.67665
4.68669
4.69652
4.73418
4.64823
4.70644
4.63856
4.72912
4.72701
4.69648
4.69317
4.69705
4.65652
4.70467
4.72467
4.67264
4.72654
4.70545
4.60998
4.71185
4.62406
4.71949
4.66146
4.66469
4.62594
4.7105
4.67067
4.70284
4.71039
4.65924
4.62817
4.68971
4.7019
4.65128
4.75771
4.70428
4.71506
4.57477
4.69271
4.64392
4.6541
4.67603
4.72375
4.63941
4.74822
4.73371
4.63051
4.65912
4.6121
4.64346
4.61134
4.65516
4.62733
4.63147
4.63931
4.66876
4.67998
4.64987
4.68539
4.67518
4.67184
4.60209
4.68735
4.68286
4.74247
4.63957
4.70422
4.6914
4.69253
4.62414
4.66763
4.67921
4.66671
4.62989
4.71224
4.61706
4.64942
4.6653
4.63802
4.70912
4.61205
4.64004
4.69409
4.64337
4.67866
4.68898
4.69288
4.65781
4.71691
4.66618
4.61941
4.66604
4.64187
4.70749
4.6532
4.67852
4.6759
4.67301
4.67958
4.74055
4.72769
4.64603
4.67861
4.70701
4.67463
4.69522
4.69486
4.65612
4.64116
4.72103
4.67194
4.67122
4.69649
4.70427
4.69359
4.64704
4.71295
4.67287
4.74941
4.65881
4.6705
4.66636
4.64537
4.69849
4.66247
4.66058
4.70682
4.72583
4.66306
4.70391
4.67991
4.70241
4.70804
4.73354
4.70882
4.67964
4.74642
4.72565
4.70672
4.69143
4.7532
4.68092
4.74497
4.68735
4.74674
4.7165
4.69633
4.69072
4.75383
4.6908
4.77102
4.71343
4.70342
4.69863
4.73385
4.77131
4.63831
4.69363
4.78208
4.72735
4.70153
4.69721
4.74216
4.73905
4.79642
4.73471
4.70333
4.72897
4.64064
4.65449
4.71346
4.70427
4.62423
4.68993
4.75763
4.66922
4.7251
4.7165
4.77296
4.79496
4.75509
4.81783
4.64508
4.65867
4.73216
4.76087
4.75292
4.75917
4.65571
4.66952
4.78003
4.75372
4.73618
4.73678
4.7092
4.73958
4.73086
4.79795
4.75196
4.73897
4.76411
4.78802
4.72475
4.76326
4.72259
4.71201
4.72486
4.7957
4.75048
4.69871
4.78179
4.74278
4.69403
4.74675
4.84083
4.68849
4.71853
4.76984
4.76297
4.75152
4.69869
4.72845
4.74837
4.81382
4.80773
4.72777
4.85599
4.75255
4.76823
4.77843
4.72944
4.73765
4.76451
4.78983
4.75389
4.78521
4.823
4.75296
4.78521
4.75563
4.78171
4.76232
4.77746
4.78561
4.69786
4.78859
4.7065
4.79088
4.73199
4.71217
4.748
4.75288
4.7297
4.73877
4.78514
4.8588
4.76207
4.77268
4.76926
4.77317
4.7995
4.8012
4.76277
4.82869
4.7989
4.77339
4.75884
4.75476
4.76595
4.75969
4.76337
4.78194
4.77191
4.75861
4.79598
4.77223
4.80031
4.83753
4.76995
4.78308
4.7343
4.81613
4.7379
4.76318
4.73344
4.77359
4.80235
4.74446
4.72856
4.73961
4.77603
4.76521
4.76487
4.75565
4.72508
4.74731
4.7269
4.74795
4.70384
4.68573
4.67839
4.67986
4.68129
