4.63302
4.65531
4.68253
4.70067
4.70673
4.69812
4.67757
4.72709
4.72356
4.71499
4.71849
4.72107
4.78241
4.77271
4.71036
4.74537
4.75413
4.78113
4.77047
4.75859
4.75322
4.73584
4.73808
4.79306
4.74456
4.74436
4.74985
4.77065
4.73785
4.76851
4.74351
4.76085
4.78703
4.74022
4.80479
4.83063
4.74173
4.73079
4.75934
4.76379
4.76486
4.74063
4.75727
4.77543
4.89136
4.80111
4.84115
4.76283
4.79265
4.78463
4.81108
4.78287
4.80444
4.80229
4.73199
4.7667
4.76678
4.75877
4.75287
4.77167
4.81475
4.75688
4.76479
4.77223
4.77661
4.74737
4.74038
4.76494
4.78943
4.77768
4.703
4.78814
4.73229
4.81281
4.77436
4.71209
4.75404
4.79177
4.79142
4.72062
4.77987
4.75572
4.81123
4.75775
4.81653
4.6944
4.73647
4.73637
4.76454
4.80669
4.74845
4.82776
4.79203
4.69282
4.78321
4.84659
4.70344
4.86344
4.76742
4.70866
4.81189
4.76737
4.78814
4.76193
4.77919
4.74972
4.71186
4.75259
4.87853
4.77288
4.80835
4.82761
4.85368
4.73606
4.66419
4.84493
4.74641
4.7744
4.72579
4.75836
4.79825
4.79278
4.71977
4.74403
4.66218
4.7711
4.77118
4.72878
4.80531
4.73931
4.79459
4.77779
4.78902
4.76575
4.76877
4.76761
4.73386
4.793
4.7567
4.8293
4.78413
4.76732
4.79045
4.78741
4.78534
4.7529
4.81641
4.69981
4.746
4.76698
4.73544
4.73937
4.7996
4.7046
4.74493
4.75281
4.76172
4.78591
4.80404
4.78863
4.74783
4.76254
4.76761
4.77851
4.73316
4.7834
4.78283
4.75456
4.71903
4.73617
4.83346
4.71224
4.75281
4.83963
4.78636
4.73562
4.78524
4.74906
4.78431
4.75163
4.73632
4.81547
4.71454
4.75367
4.77413
4.74238
4.77489
4.77698
4.79371
4.77401
4.76171
4.75506
4.7992
4.7813
4.86237
4.74097
4.78493
4.73353
4.7917
4.78936
4.7648
4.7459
4.79527
4.79525
4.77161
4.78223
4.83563
4.72139
4.83936
4.76171
4.77613
4.75285
4.79033
4.78856
4.79213
4.74066
4.80126
4.69949
4.77514
4.8164
4.72331
4.74006
4.7715
4.83439
4.78178
4.76483
4.72818
4.83596
4.79167
4.82742
4.77985
4.7645
4.80935
4.75188
4.7834
4.78987
4.7499
4.7618
4.8925
4.81117
4.75871
4.77019
4.73592
4.80861
4.80245
4.80048
4.76328
4.84348
4.7917
4.78209
4.78945
4.75217
4.75878
4.82338
4.76233
4.74122
4.73644
4.81752
4.82864
4.80455
4.83293
4.85767
4.73471
4.77271
4.81252
4.84311
4.81398
4.73226
4.75443
4.76369
4.76901
4.81604
4.77775
4.69727
4.86575
4.7832
4.76725
4.79265
4.70804
4.72771
4.81348
4.78573
4.85103
4.8334
4.81494
4.77329
4.79668
4.7596
4.75372
4.874
4.85244
4.78434
4.84883
4.82484
4.75638
4.83773
4.72939
4.7034
4.76399
4.78369
4.7873
4.79814
4.75287
4.69746
4.78193
4.70456
4.79844
4.68521
4.80976
4.66859
4.71892
4.77108
4.80223
4.70111
4.68876
4.69643
4.70675
4.78102
4.81433
4.67083
4.80051
4.71315
4.73944
4.82796
4.80571
4.83607
4.78761
4.76161
4.83321
4.80726
4.73423
4.78943
4.83114
4.8167
4.79062
4.81483
4.8069
4.77037
4.73304
4.78304
4.82646
4.84024
4.71545
4.7065
4.78271
4.7039
4.75552
4.78851
4.80374
4.75081
4.73877
4.74661
4.74447
4.81025
4.82085
4.76478
4.78688
4.77912
4.76583
4.82446
4.85201
4.76949
4.77742
4.77646
4.75289
4.82939
4.79492
4.8394
4.79459
4.77707
4.69214
4.7776
4.75205
4.76169
4.79602
4.78159
4.76225
4.74188
4.77205
4.75561
4.76665
4.73134
4.70491
4.73857
4.75456
4.75783
4.75017
4.74284
4.77327
4.75439
4.73698
4.73735
4.72574
4.73799
4.72135
4.72271
4.69047
4.68838
4.6712
4.68326
