4.66287
4.67433
4.70773
4.7033
4.70542
4.70193
4.73005
4.74591
4.68686
4.73297
4.69985
4.70705
4.72002
4.70904
4.75081
4.73362
4.72622
4.69358
4.72924
4.74727
4.66467
4.73343
4.69311
4.75682
4.683
4.72627
4.70335
4.74296
4.74871
4.64306
4.71797
4.70331
4.69601
4.73157
4.64866
4.68418
4.71606
4.71059
4.71287
4.67456
4.6576
4.69895
4.66415
4.69296
4.74717
4.61696
4.70901
4.67022
4.71705
4.68977
4.72283
4.69269
4.66375
4.66961
4.64105
4.68337
4.66501
4.713
4.63882
4.71649
4.67554
4.65984
4.58409
4.74481
4.67007
4.67179
4.67277
4.71057
4.70693
4.67829
4.65458
4.69376
4.68029
4.68584
4.68308
4.66642
4.69377
4.64689
4.71598
4.63263
4.63177
4.59868
4.70154
4.70388
4.71091
4.68596
4.63872
4.631
4.6798
4.67245
4.68259
4.64924
4.61739
4.6316
4.66744
4.67057
4.62474
4.76603
4.70736
4.67294
4.69735
4.67367
4.6213
4.63856
4.59762
4.59106
4.68744
4.62574
4.76045
4.69381
4.6632
4.7374
4.67844
4.67527
4.7498
4.78989
4.64007
4.63478
4.71326
4.61578
4.7029
4.63125
4.69237
4.61319
4.68507
4.6954
4.67068
4.66078
4.66402
4.66956
4.75373
4.64429
4.6143
4.65175
4.67939
4.7197
4.64662
4.7135
4.69881
4.64468
4.64733
4.7059
4.67373
4.71545
4.70873
4.6993
4.67533
4.67777
4.65253
4.70711
4.75058
4.67521
4.70369
4.69904
4.69685
4.70427
4.72106
4.70837
4.69713
4.7084
4.70907
4.70425
4.71196
4.7173
4.627
4.67064
4.69944
4.7095
4.67203
4.74679
4.75401
4.64222
4.7275
4.64295
4.62848
4.65932
4.6799
4.70657
4.69448
4.76879
4.73398
4.69333
4.68069
4.66076
4.6356
4.66903
4.68522
4.66499
4.66425
4.70427
4.63446
4.6898
4.70215
4.66317
4.66681
4.70869
4.72185
4.71335
4.64603
4.69163
4.74122
4.73906
4.71905
4.63896
4.69014
4.66681
4.69387
4.60841
4.66132
4.66985
4.73316
4.68797
4.65059
4.74847
4.68653
4.68285
4.72685
4.68898
4.67659
4.63938
4.70965
4.7237
4.73217
4.70453
4.69509
4.69508
4.69682
4.72502
4.63783
4.68871
4.65742
4.72161
4.63975
4.73299
4.66117
4.71979
4.68639
4.75036
4.67839
4.71445
4.72195
4.60434
4.72475
4.73526
4.71255
4.65491
4.71873
4.69001
4.63436
4.61661
4.65275
4.6904
4.6832
4.74782
4.72253
4.74427
4.7009
4.71887
4.76088
4.68856
4.66348
4.71949
4.66223
4.64933
4.75771
4.68804
4.71203
4.71966
4.63888
4.71861
4.75894
4.71962
4.66078
4.69425
4.67789
4.64285
4.65929
4.6719
4.66416
4.69987
4.68134
4.73216
4.68263
4.63201
4.69611
4.67569
4.7234
4.64997
4.65352
4.78682
4.70276
4.6881
4.6557
4.64978
4.66653
4.70099
4.65509
4.70644
4.67079
4.63794
4.67584
4.74458
4.69407
4.72486
4.65115
4.69289
4.69576
4.66543
4.76867
4.65222
4.63197
4.66312
4.70599
4.63359
4.71165
4.68791
4.73021
4.66279
4.77462
4.64194
4.72062
4.69647
4.73944
4.64407
4.75555
4.60401
4.74306
4.63491
4.74914
4.73017
4.66324
4.64881
4.71318
4.58607
4.69933
4.78521
4.70342
4.65589
4.70266
4.69943
4.69432
4.64316
4.71056
4.71613
4.71386
4.79252
4.7239
4.64908
4.70156
4.71155
4.68977
4.69314
4.65448
4.66815
4.705
4.72586
4.68512
4.7239
4.74063
4.80392
4.78042
4.68203
4.73643
4.72328
4.73089
4.68852
4.69175
4.64131
4.72729
4.689
4.72367
4.71079
4.75973
4.68468
4.68908
4.71626
4.72013
4.69781
4.6771
4.68241
4.66568
4.66947
4.65466
4.70318
4.67572
4.68019
4.67058
4.67619
4.66077
4.63115
4.65255
4.62262
4.6121
4.62406
4.64257
4.60928
4.65956
4.65095
4.68456
4.72238
