4.68338
4.66428
4.63322
4.62715
4.63386
4.65627
4.60458
4.61921
4.62948
4.61867
4.60839
4.57518
4.6025
4.62379
4.61157
4.65032
4.60739
4.60431
4.63274
4.62417
4.5787
4.59053
4.61433
4.63066
4.6127
4.63616
4.61654
4.61384
4.59142
4.60149
4.60327
4.63951
4.62555
4.65293
4.56805
4.61814
4.58608
4.68584
4.63286
4.64701
4.62356
4.6406
4.61324
4.63295
4.63309
4.6387
4.61531
4.63537
4.69528
4.71823
4.64006
4.64818
4.60136
4.61791
4.6749
4.63089
4.68539
4.65478
4.5971
4.5904
4.69699
4.67377
4.62877
4.64178
4.66298
4.61802
4.63702
4.66558
4.64881
4.65341
4.60306
4.66537
4.61113
4.68584
4.63731
4.62401
4.67762
4.60085
4.73032
4.65023
4.6343
4.67201
4.59453
4.68143
4.65234
4.64548
4.59649
4.65225
4.52879
4.67525
4.73592
4.6306
4.60722
4.5982
4.68714
4.68484
4.63269
4.64599
4.61052
4.62577
4.60905
4.64272
4.67959
4.62779
4.60797
4.63846
4.6756
4.60744
4.58759
4.64824
4.60081
4.61828
4.62546
4.70186
4.64459
4.62042
4.61622
4.61615
4.61889
4.57821
4.63688
4.55619
4.54322
4.67356
4.59587
4.5999
4.65641
4.65522
4.56402
4.61495
4.59585
4.63888
4.6091
4.66556
4.6353
4.58572
4.61503
4.7378
4.63816
4.56792
4.54738
4.54141
4.60944
4.61043
4.62074
4.61703
4.56601
4.63602
4.5605
4.66854
4.60931
4.59614
4.66616
4.58602
4.57457
4.58544
4.56204
4.59594
4.58653
4.66452
4.54613
4.62518
4.62563
4.55425
4.56892
4.65416
4.5961
4.58146
4.62189
4.59411
4.61501
4.6018
4.56399
4.56845
4.57242
4.61948
4.53304
4.53907
4.58469
4.60093
4.52254
4.61029
4.5772
4.60485
4.58848
4.56555
4.53704
4.56007
4.61123
4.59318
4.58732
4.62793
4.59533
4.6221
4.54337
4.5286
4.58058
4.50427
4.55259
4.60864
4.56621
4.579
4.56722
4.51433
4.58958
4.60396
4.56207
4.55909
4.63103
4.59492
4.55107
4.59829
4.55854
4.5431
4.5704
4.65781
4.56364
4.58765
4.60114
4.57362
4.57347
4.5442
4.63179
4.56829
4.58597
4.58205
4.59555
4.55282
4.5659
4.61922
4.51297
4.57164
4.58559
4.58152
4.5599
4.59617
4.55025
4.59434
4.61372
4.56684
4.59201
4.51825
4.53667
4.62063
4.53598
4.52378
4.57695
4.63332
4.51823
4.5474
4.61016
4.57411
4.51558
4.56828
4.57174
4.52698
4.58863
4.59026
4.57786
4.59161
4.5656
4.58555
4.55745
4.52265
4.55706
4.56056
4.47596
4.59631
4.54224
4.5592
4.51884
4.51427
4.59228
4.61032
4.53776
4.59587
4.5193
4.5095
4.61287
4.59747
4.588
4.54213
4.53316
4.61882
4.52352
4.56483
4.59188
4.61489
4.5727
4.50367
4.5958
4.57278
4.60487
4.56131
4.54483
4.57253
4.47779
4.53762
4.52839
4.59386
4.57224
4.60798
4.57684
4.50591
4.55792
4.58734
4.60574
4.57295
4.53857
4.59333
4.54705
4.51582
4.51099
4.55484
4.60759
4.57526
4.58272
4.58037
4.4805
4.61439
4.61313
4.57989
4.55381
4.55135
4.54735
4.57248
4.53328
4.58157
4.55531
4.52342
4.63897
4.50997
4.62601
4.54706
4.5626
4.62212
4.52747
4.54639
4.55302
4.49188
4.55117
4.56191
4.60178
4.55556
4.52049
4.52222
4.59843
4.52444
4.58804
4.58165
4.51675
4.5368
4.55795
4.46891
4.54821
4.50634
4.53006
4.5571
4.55958
4.56983
4.48727
4.59658
4.54614
4.50539
4.50107
4.53532
4.5311
4.50801
4.56805
4.50723
4.51416
4.48306
4.53477
4.46642
4.4991
4.4788
4.506
4.50262
4.45858
4.53089
4.5426
4.48739
4.51625
4.53713
4.51973
4.50464
4.52304
4.53645
4.53489
4.5182
4.51496
4.50978
4.52508
4.5376
4.52626
4.54551
4.5521
4.58182
4.58251
4.63873
