4.69198
4.67386
4.66802
4.65245
4.64845
4.63541
4.63304
4.6666
4.62092
4.63876
4.63379
4.6357
4.65705
4.63111
4.6227
4.6282
4.67235
4.62228
4.62919
4.69063
4.60135
4.67273
4.64374
4.6667
4.61714
4.70606
4.62124
4.60425
4.65075
4.63904
4.64321
4.70331
4.63986
4.67124
4.64252
4.65815
4.66618
4.65219
4.69453
4.65039
4.66465
4.69323
4.69231
4.6529
4.67766
4.65554
4.64493
4.6242
4.70173
4.64849
4.66432
4.66684
4.69201
4.612
4.65774
4.62465
4.66948
4.68668
4.70025
4.70653
4.73456
4.67849
4.61782
4.65314
4.75701
4.65968
4.73763
4.69773
4.72857
4.61337
4.64247
4.59871
4.63491
4.65547
4.69375
4.63617
4.64407
4.6648
4.71315
4.64768
4.66814
4.60107
4.69869
4.77363
4.63147
4.72942
4.77408
4.64153
4.6798
4.68089
4.67695
4.62799
4.67665
4.6899
4.75689
4.68484
4.6195
4.64328
4.69546
4.65306
4.67976
4.651
4.77087
4.65789
4.64013
4.7113
4.72765
4.72684
4.68221
4.74641
4.72655
4.63159
4.7239
4.6899
4.6786
4.63913
4.73998
4.62672
4.62956
4.76165
4.72141
4.699
4.73557
4.65089
4.70888
4.7165
4.7251
4.69233
4.73202
4.69589
4.69729
4.64975
4.68633
4.7181
4.61187
4.70455
4.76275
4.7567
4.64608
4.75795
4.70297
4.73582
4.71014
4.72735
4.72623
4.68246
4.72364
4.65914
4.70168
4.65797
4.67574
4.69675
4.72053
4.64361
4.69685
4.71534
4.67258
4.63031
4.69187
4.6822
4.64561
4.59585
4.63256
4.74434
4.62927
4.64953
4.69694
4.66763
4.63515
4.7388
4.70559
4.70977
4.67991
4.70869
4.63907
4.70672
4.65837
4.67336
4.67507
4.67044
4.72473
4.687
4.6705
4.65686
4.70694
4.65764
4.71907
4.64704
4.66425
4.61702
4.66123
4.66296
4.64165
4.64
4.60257
4.63218
4.69048
4.66053
4.65423
4.65722
4.66588
4.64836
4.64518
4.68758
4.659
4.64859
4.62801
4.65105
4.72517
4.62958
4.67672
4.66425
4.62791
4.62283
4.61591
4.66731
4.66863
4.6073
4.65631
4.60465
4.60281
4.65421
4.6338
4.63352
4.72583
4.61191
4.71109
4.7104
4.64222
4.65407
4.63927
4.61537
4.65819
4.61537
4.64039
4.58977
4.63822
4.62106
4.63216
4.61056
4.5704
4.59537
4.65439
4.67
4.68274
4.63256
4.64109
4.67929
4.67786
4.64672
4.59348
4.63701
4.59231
4.61322
4.68802
4.66979
4.58154
4.67919
4.61922
4.6342
4.66348
4.61252
4.58315
4.5706
4.60816
4.62739
4.60963
4.63285
4.58736
4.62954
4.62814
4.6557
4.66078
4.58229
4.66089
4.66218
4.65929
4.64933
4.66983
4.6208
4.59295
4.5805
4.54003
4.61105
4.61518
4.57945
4.63886
4.61751
4.62623
4.60339
4.57606
4.63436
4.68431
4.61174
4.62224
4.59252
4.67497
4.54687
4.6004
4.53901
4.59207
4.56627
4.56016
4.64618
4.53059
4.6045
4.60828
4.63561
4.5756
4.58607
4.51195
4.58611
4.62323
4.51802
4.58833
4.58466
4.57117
4.56655
4.59631
4.55175
4.61553
4.60754
4.63197
4.57992
4.60974
4.58132
4.61264
4.54086
4.6407
4.54743
4.61794
4.58931
4.7054
4.54113
4.57911
4.58596
4.54441
4.57798
4.61138
4.56292
4.57637
4.58121
4.61615
4.60979
4.60831
4.62884
4.6401
4.56794
4.64411
4.56223
4.55977
4.5952
4.59364
4.58883
4.64426
4.55134
4.61537
4.57575
4.64583
4.59451
4.59549
4.5682
4.59754
4.55247
4.66134
4.56135
4.58754
4.57156
4.61742
4.6176
4.5903
4.58189
4.60902
4.61654
4.57365
4.62837
4.63066
4.58534
4.60492
4.57427
4.62691
4.61692
4.61322
4.59371
4.58282
4.59794
4.57797
4.61266
4.59177
4.62225
4.59833
4.61124
4.60728
4.59728
4.61306
4.60351
4.60169
4.60143
4.58724
4.5979
