4.67379
4.67417
4.65783
4.69166
4.6518
4.67393
4.66541
4.66416
4.67605
4.64365
4.64936
4.63511
4.63288
4.63515
4.63333
4.60688
4.64061
4.62895
4.66007
4.67952
4.59401
4.62768
4.64481
4.64504
4.64564
4.61194
4.65273
4.61263
4.62988
4.69068
4.65714
4.60668
4.61993
4.66354
4.6502
4.67428
4.59333
4.65712
4.60583
4.71655
4.69745
4.63714
4.66783
4.6566
4.612
4.63502
4.69645
4.6242
4.63632
4.63664
4.68319
4.66264
4.63881
4.63194
4.62683
4.63299
4.59774
4.62242
4.63237
4.66142
4.65034
4.62854
4.65821
4.57378
4.6422
4.6767
4.62784
4.68765
4.64881
4.6583
4.59859
4.66035
4.6229
4.64326
4.59255
4.67685
4.67497
4.63197
4.67493
4.66313
4.73622
4.66665
4.6239
4.64927
4.6213
4.61497
4.58698
4.67149
4.70869
4.66966
4.65222
4.6228
4.66821
4.60828
4.63252
4.63766
4.67699
4.5817
4.70736
4.65306
4.5815
4.65659
4.69736
4.60426
4.62116
4.64121
4.63318
4.70216
4.59009
4.67919
4.61383
4.69398
4.55988
4.684
4.64184
4.66979
4.65374
4.62406
4.61625
4.62622
4.68202
4.66416
4.6549
4.66211
4.62943
4.66369
4.59233
4.65246
4.66123
4.53914
4.60091
4.63888
4.69524
4.66556
4.6597
4.65029
4.65479
4.69017
4.61252
4.70006
4.55642
4.72367
4.57858
4.60797
4.68066
4.6993
4.61076
4.64875
4.60232
4.5727
4.62897
4.64683
4.65078
4.61893
4.60634
4.67226
4.62063
4.6977
4.69978
4.68477
4.62899
4.6634
4.64904
4.65702
4.6477
4.66117
4.62194
4.58766
4.57164
4.63704
4.66083
4.66694
4.57538
4.59952
4.56861
4.61343
4.59239
4.62978
4.60887
4.61997
4.56479
4.62524
4.62016
4.60842
4.68878
4.60549
4.6891
4.65237
4.64489
4.68213
4.59953
4.64043
4.64948
4.6507
4.65309
4.63773
4.5891
4.61924
4.63109
4.65246
4.66394
4.63336
4.63022
4.67896
4.64473
4.58084
4.63098
4.58535
4.68468
4.61674
4.72337
4.64316
4.59788
4.6441
4.63731
4.57685
4.63964
4.61278
4.59752
4.63542
4.6317
4.67084
4.62978
4.65837
4.60348
4.63269
4.70391
4.60687
4.63348
4.66311
4.65283
4.64416
4.63075
4.63982
4.69751
4.65952
4.64287
4.70405
4.67084
4.61511
4.63303
4.65382
4.67948
4.62778
4.69072
4.64736
4.60697
4.67664
4.66473
4.60931
4.64501
4.65516
4.59466
4.62313
4.58099
4.69453
4.64865
4.62675
4.60429
4.61377
4.66621
4.6541
4.61756
4.64933
4.66689
4.53312
4.74944
4.55243
4.6836
4.61375
4.58444
4.60555
4.65522
4.59233
4.71343
4.64285
4.59268
4.6894
4.64202
4.65902
4.69007
4.63769
4.61093
4.71798
4.68427
4.67569
4.56013
4.61751
4.59001
4.61383
4.69976
4.62099
4.65014
4.66976
4.58352
4.60536
4.5841
4.63197
4.60296
4.5742
4.69352
4.60291
4.5965
4.65999
4.66217
4.66744
4.64227
4.65169
4.65195
4.65491
4.68658
4.59581
4.59311
4.67865
4.62245
4.62891
4.64149
4.70441
4.69394
4.61439
4.61795
4.6723
4.58249
4.64407
4.69829
4.6447
4.59013
4.64717
4.54907
4.67702
4.64135
4.62521
4.6802
4.59678
4.58966
4.59847
4.61751
4.649
4.65299
4.65259
4.60894
4.56956
4.6438
4.63888
4.61642
4.67927
4.67178
4.62275
4.63008
4.71603
4.62312
4.60614
4.66823
4.66226
4.60639
4.64757
4.63652
4.65145
4.65111
4.64718
4.67633
4.67675
4.65712
4.60067
4.68585
4.64558
4.68062
4.66803
4.69553
4.64735
4.61545
4.63762
4.62113
4.65899
4.66759
4.62951
4.62414
4.61948
4.66516
4.64844
4.66373
4.61953
4.67516
4.6488
4.65657
4.60539
4.66701
4.64931
4.62069
4.66814
4.64267
4.64963
4.64263
4.63003
4.62079
4.60131
4.6089
4.58007
4.57762
4.58504
