3.53217
3.53613
3.53904
3.54564
3.55223
3.54622
3.55269
3.56191
3.5535
3.56386
3.56733
3.56408
3.57361
3.56917
3.56225
3.56315
3.56637
3.56028
3.56529
3.55802
3.566
3.57343
3.5564
3.5542
3.54792
3.56637
3.56489
3.56161
3.56795
3.57883
3.56226
3.56991
3.55975
3.57157
3.55816
3.55419
3.55402
3.56661
3.54538
3.55593
3.56619
3.54689
3.55631
3.55294
3.56061
3.55744
3.57894
3.56864
3.56356
3.57095
3.5415
3.54524
3.5581
3.55735
3.53754
3.53717
3.56777
3.55186
3.54526
3.55145
3.54494
3.54348
3.55337
3.55194
3.56368
3.5459
3.55668
3.54184
3.53232
3.55765
3.53801
3.53969
3.54233
3.53853
3.54025
3.56019
3.54796
3.54086
3.55409
3.53204
3.54764
3.55726
3.54857
3.55492
3.55404
3.53793
3.55662
3.55159
3.52655
3.55052
3.55156
3.53711
3.52352
3.53509
3.51717
3.5368
3.56098
3.55636
3.54629
3.5373
3.56248
3.54312
3.54876
3.54682
3.57138
3.53555
3.53245
3.53251
3.55689
3.54346
3.55776
3.5322
3.57036
3.56357
3.55174
3.54937
3.55179
3.57142
3.56926
3.55357
3.55344
3.53843
3.57766
3.56047
3.55231
3.57187
3.52909
3.55399
3.56107
3.57556
3.56222
3.57162
3.55412
3.54416
3.56383
3.56997
3.54153
3.55647
3.57735
3.54977
3.573
3.545
3.53725
3.55805
3.56019
3.55712
3.53862
3.56171
3.53613
3.56874
3.56624
3.56294
3.54977
3.56807
3.57721
3.5665
3.5553
3.55746
3.55026
3.55167
3.54962
3.57025
3.56398
3.54721
3.56017
3.53867
3.5512
3.56638
3.54925
3.54595
3.57058
3.56369
3.52263
3.54377
3.55639
3.54708
3.57602
3.56614
3.54048
3.56031
3.58259
3.57401
3.55785
3.55657
3.55486
3.52478
3.57455
3.53509
3.57474
3.57014
3.55002
3.59121
3.5604
3.54823
3.57793
3.54482
3.5716
3.55519
3.5387
3.56961
3.53427
3.54997
3.58164
3.55486
3.53561
3.58171
3.54284
3.55747
3.57052
3.53112
3.52792
3.55159
3.54874
3.5685
3.55648
3.56134
3.55338
3.53898
3.52227
3.53983
3.53288
3.58036
3.57216
3.54848
3.56062
3.55492
3.56992
3.5656
3.55293
3.5727
3.53173
3.55338
3.5531
3.56914
3.56704
3.53409
3.55023
3.56585
3.54229
3.56535
3.55496
3.54825
3.54594
3.52841
3.53483
3.5684
3.53881
3.5379
3.57717
3.57854
3.58031
3.5526
3.5455
3.5589
3.57955
3.5475
3.59298
3.54538
3.54983
3.56436
3.56633
3.56857
3.56023
3.5555
3.53731
3.55407
3.55711
3.55539
3.56601
3.54031
3.55789
3.5441
3.5446
3.5569
3.55961
3.55578
3.57176
3.55973
3.54295
3.56505
3.53324
3.56961
3.5612
3.56063
3.56793
3.55884
3.53848
3.56584
3.57126
3.58691
3.58493
3.55608
3.55997
3.57742
3.5783
3.56701
3.56756
3.54603
3.56314
3.59009
3.58485
3.5989
3.5583
3.57442
3.57576
3.57283
3.55698
3.54243
3.55139
3.57041
3.53549
3.58453
3.5381
3.57808
3.57864
3.57798
3.59188
3.54406
3.57229
3.60699
3.57344
3.53988
3.56613
3.55116
3.55552
3.58316
3.56383
3.56418
3.59062
3.57307
3.5608
3.57317
3.56954
3.56466
3.56392
3.58195
3.56152
3.60643
3.57574
3.57296
3.55341
3.58908
3.54957
3.57728
3.60189
3.59717
3.581
3.59582
3.58768
3.61829
3.58
3.61051
3.58238
3.58667
3.59773
3.58295
3.58984
3.6195
3.61273
3.57746
3.59676
3.59932
3.59345
3.59785
3.60548
3.58934
3.59342
3.57982
3.62343
3.60035
3.60264
3.61842
3.58669
3.56709
3.58568
3.6081
3.59447
3.6153
3.58285
3.60348
3.6122
3.58681
3.58783
3.59381
3.59903
3.60446
3.60389
3.60787
3.60584
3.59069
3.59733
3.58316
3.58934
3.6077
3.57376
3.56453
3.57736
3.57344
3.55864
3.58394
