4.71492
4.688
4.67304
4.6383
4.66414
4.64315
4.6391
4.61695
4.61754
4.61166
4.57294
4.61445
4.56299
4.60427
4.61226
4.59756
4.58996
4.57987
4.61346
4.57189
4.56812
4.56367
4.58632
4.64392
4.5815
4.54978
4.61072
4.60783
4.60725
4.58175
4.5956
4.57684
4.56899
4.6308
4.58304
4.57373
4.56764
4.57271
4.60739
4.6223
4.62026
4.58432
4.60988
4.57683
4.68738
4.63686
4.61351
4.60069
4.62482
4.5915
4.55704
4.54362
4.55367
4.55591
4.63289
4.55628
4.56677
4.53294
4.53411
4.58636
4.59472
4.52495
4.62437
4.59421
4.52896
4.60476
4.57347
4.56406
4.68606
4.54261
4.59637
4.57445
4.57058
4.63845
4.59029
4.58896
4.58444
4.56468
4.67493
4.56261
4.62926
4.58227
4.52691
4.70388
4.60883
4.54716
4.5941
4.63362
4.6132
4.60395
4.60814
4.61765
4.59971
4.63425
4.56365
4.60903
4.59148
4.5965
4.65559
4.64474
4.57662
4.64547
4.58292
4.57184
4.63192
4.68403
4.59105
4.66131
4.57767
4.58584
4.59568
4.60784
4.67553
4.57214
4.62561
4.62042
4.66492
4.65963
4.57312
4.60047
4.55577
4.63125
4.6276
4.61059
4.50102
4.61007
4.57488
4.63616
4.66682
4.64987
4.5498
4.64975
4.6117
4.5447
4.57238
4.67253
4.66307
4.65679
4.63035
4.59647
4.61629
4.67189
4.65501
4.64603
4.58937
4.6634
4.55477
4.556
4.565
4.58185
4.63651
4.59153
4.56385
4.62378
4.59252
4.64684
4.63018
4.55925
4.64649
4.67456
4.6727
4.60027
4.61426
4.61776
4.63154
4.69253
4.68457
4.57532
4.65561
4.62383
4.62134
4.55821
4.58895
4.61161
4.6038
4.58215
4.65206
4.62381
4.64607
4.62191
4.5862
4.64446
4.61645
4.66271
4.67503
4.66903
4.61418
4.59302
4.64143
4.56132
4.61674
4.69498
4.60256
4.63248
4.62513
4.62259
4.61799
4.63269
4.64719
4.63565
4.65531
4.61431
4.65409
4.60149
4.62942
4.60396
4.6148
4.66221
4.60369
4.61674
4.65039
4.67874
4.61437
4.60905
4.62473
4.62659
4.64342
4.6352
4.70404
4.65754
4.63566
4.63804
4.56539
4.63555
4.61746
4.57433
4.5628
4.64873
4.59567
4.5964
4.59618
4.60679
4.63523
4.63081
4.60302
4.64536
4.6245
4.64904
4.59146
4.62899
4.66452
4.58434
4.60491
4.63501
4.70702
4.58572
4.63361
4.60689
4.67786
4.60931
4.53109
4.65516
4.65133
4.56601
4.55365
4.6409
4.6229
4.62175
4.62683
4.59403
4.5892
4.58795
4.61252
4.58019
4.62885
4.57959
4.68544
4.58132
4.60235
4.59333
4.60204
4.66123
4.70725
4.63156
4.58743
4.59839
4.62372
4.57652
4.60516
4.57748
4.62622
4.59302
4.63478
4.61363
4.64185
4.66135
4.58193
4.60193
4.53266
4.63254
4.63201
4.57767
4.57977
4.5936
4.55665
4.60019
4.60683
4.58044
4.53066
4.53448
4.61519
4.62866
4.56725
4.63805
4.62972
4.55902
4.58583
4.5272
4.6228
4.56945
4.60146
4.58852
4.6181
4.62851
4.5066
4.58466
4.53139
4.5442
4.58925
4.63938
4.63016
4.65671
4.52852
4.56877
4.58444
4.6447
4.59679
4.61113
4.61238
4.55153
4.60209
4.63689
4.57843
4.63471
4.6549
4.65365
4.6463
4.60707
4.62205
4.56875
4.55498
4.59309
4.59774
4.66501
4.58656
4.67273
4.65257
4.60712
4.60298
4.58887
4.66466
4.57917
4.58841
4.60636
4.64426
4.57681
4.56718
4.63727
4.61345
4.59608
4.66063
4.61523
4.66375
4.67784
4.65815
4.61131
4.59295
4.63553
4.63531
4.55865
4.61417
4.6122
4.61384
4.58576
4.65167
4.58571
4.59566
4.60116
4.58675
4.61822
4.58967
4.53677
4.57373
4.57376
4.61195
4.5396
4.53374
4.55968
4.54734
4.55971
4.54243
4.51084
4.5055
4.53193
4.53221
4.50359
4.54991
4.54006
4.5819
4.61942
