4.67677
4.67591
4.66451
4.67539
4.67202
4.65923
4.6874
4.64616
4.68972
4.64858
4.68986
4.67123
4.67955
4.67779
4.67942
4.70909
4.68801
4.70206
4.72924
4.70091
4.73096
4.69945
4.68152
4.61984
4.66222
4.7021
4.67041
4.66033
4.69199
4.70695
4.70103
4.7112
4.6881
4.72645
4.65798
4.72019
4.67616
4.76343
4.66119
4.66408
4.71072
4.64409
4.69423
4.70493
4.7053
4.68471
4.72184
4.7115
4.70825
4.74344
4.69393
4.68178
4.7078
4.64839
4.73681
4.70669
4.63464
4.72287
4.67675
4.63679
4.66396
4.69531
4.63992
4.63284
4.65597
4.6549
4.67032
4.66078
4.6759
4.66324
4.66945
4.64312
4.72377
4.707
4.71569
4.69286
4.65164
4.75134
4.70475
4.68709
4.73923
4.68288
4.73995
4.66513
4.69357
4.66943
4.68141
4.66316
4.69407
4.62936
4.66035
4.74595
4.64628
4.68121
4.69001
4.58658
4.73113
4.65973
4.7608
4.60998
4.70937
4.63185
4.62928
4.612
4.58998
4.69298
4.70875
4.70824
4.65921
4.64824
4.68952
4.64796
4.67264
4.74901
4.64735
4.6501
4.73045
4.64021
4.62687
4.6699
4.65902
4.68133
4.6577
4.67067
4.62414
4.66089
4.65641
4.69233
4.65022
4.65823
4.64303
4.6721
4.64922
4.63295
4.75561
4.73524
4.69155
4.70758
4.65141
4.60382
4.65535
4.66098
4.63179
4.60308
4.72034
4.68802
4.60106
4.70545
4.60958
4.66854
4.63399
4.72195
4.74672
4.63609
4.67551
4.64188
4.62778
4.62095
4.63448
4.67964
4.69582
4.66587
4.6611
4.65464
4.63154
4.72304
4.67007
4.61313
4.6533
4.66437
4.69348
4.67387
4.68912
4.66927
4.59184
4.64222
4.61751
4.67768
4.65013
4.68108
4.68052
4.69759
4.66247
4.65686
4.75382
4.70865
4.67944
4.65774
4.68797
4.66781
4.58883
4.70019
4.70907
4.61335
4.68561
4.65612
4.68903
4.6389
4.66015
4.66009
4.68159
4.70468
4.70491
4.5965
4.68258
4.62657
4.70391
4.69191
4.70899
4.65952
4.65039
4.69171
4.66864
4.69694
4.71691
4.6466
4.61743
4.66848
4.60114
4.64337
4.64974
4.65013
4.70657
4.6799
4.68142
4.63269
4.66037
4.6509
4.70241
4.64516
4.6326
4.65793
4.70442
4.63081
4.64266
4.61803
4.67153
4.65143
4.62287
4.64081
4.7084
4.67381
4.64706
4.67
4.62246
4.68077
4.60225
4.58159
4.69129
4.64159
4.65535
4.61694
4.74348
4.67261
4.58802
4.70873
4.62039
4.67373
4.61671
4.60382
4.75476
4.66223
4.66223
4.60739
4.64216
4.63002
4.68544
4.69225
4.6836
4.61636
4.67243
4.66963
4.70423
4.64248
4.65257
4.59337
4.6426
4.70744
4.65299
4.70595
4.6699
4.6487
4.64295
4.58338
4.81861
4.57209
4.69585
4.75295
4.6763
4.69856
4.63737
4.64253
4.71747
4.62505
4.64397
4.67706
4.60426
4.65112
4.65379
4.65709
4.67294
4.71951
4.61684
4.70044
4.635
4.6758
4.6504
4.67949
4.67975
4.62847
4.68373
4.64158
4.67149
4.68419
4.67216
4.64705
4.63637
4.6736
4.64827
4.6872
4.68168
4.64907
4.75134
4.69377
4.69286
4.70736
4.64811
4.70984
4.67554
4.66945
4.70162
4.67842
4.62601
4.74591
4.65016
4.68695
4.69597
4.64218
4.64175
4.68261
4.71149
4.70266
4.64817
4.7089
4.67205
4.79786
4.65048
4.69872
4.59174
4.65612
4.67708
4.66001
4.65642
4.61351
4.70294
4.75591
4.66784
4.702
4.67088
4.65585
4.67105
4.68203
4.7052
4.70013
4.67265
4.75478
4.72645
4.6803
4.70803
4.73541
4.65256
4.71521
4.7252
4.72404
4.70871
4.73092
4.73558
4.78537
4.69831
4.71844
4.73726
4.70965
4.71647
4.71321
4.72035
4.73958
4.71441
4.74585
4.70376
4.67662
4.69808
4.70861
4.71326
4.7072
4.68373
4.68328
4.67772
4.68336
4.64408
4.64609
