4.63507
4.66855
4.68184
4.71974
4.72542
4.74042
4.7412
4.733
4.73787
4.76221
4.73209
4.792
4.81202
4.74446
4.75783
4.75828
4.75908
4.75983
4.74302
4.74952
4.71732
4.77982
4.74955
4.71381
4.72689
4.76303
4.74839
4.76439
4.65743
4.69802
4.79995
4.73882
4.73042
4.73848
4.77734
4.70105
4.75308
4.76541
4.72605
4.65891
4.71264
4.70667
4.71784
4.67738
4.75152
4.74556
4.69233
4.69257
4.69314
4.63081
4.64205
4.7337
4.68978
4.69613
4.68589
4.68337
4.67625
4.71545
4.67445
4.69918
4.69943
4.65984
4.7297
4.70093
4.70182
4.69933
4.74314
4.7237
4.61603
4.65585
4.6595
4.64799
4.66733
4.73173
4.66743
4.67161
4.68834
4.6174
4.62429
4.64768
4.5975
4.67471
4.6736
4.63382
4.69643
4.71457
4.62851
4.65768
4.60073
4.70106
4.64155
4.67127
4.60722
4.64768
4.64571
4.66496
4.60152
4.59401
4.6313
4.56258
4.70333
4.65379
4.61866
4.58907
4.64289
4.58103
4.61174
4.67558
4.70309
4.65652
4.62713
4.65913
4.65837
4.67817
4.65852
4.65287
4.60848
4.60834
4.63225
4.63684
4.6208
4.699
4.55254
4.65089
4.59337
4.65811
4.73791
4.66639
4.63141
4.64987
4.6216
4.65526
4.61691
4.70006
4.61443
4.6986
4.62537
4.59766
4.60504
4.67172
4.64733
4.6142
4.64458
4.62796
4.70586
4.66073
4.65127
4.61376
4.64731
4.62733
4.63651
4.61733
4.70646
4.62135
4.64487
4.63453
4.63259
4.65685
4.62974
4.60088
4.61056
4.70161
4.59217
4.59798
4.65476
4.77765
4.62194
4.65353
4.66494
4.62601
4.62134
4.66924
4.73498
4.68288
4.62429
4.75061
4.62948
4.7298
4.69229
4.64771
4.70001
4.66232
4.61278
4.66076
4.68482
4.69049
4.7029
4.63134
4.66964
4.64357
4.59799
4.6436
4.66868
4.64916
4.66836
4.6692
4.62969
4.71335
4.67341
4.65722
4.70081
4.62208
4.63641
4.66208
4.66481
4.66068
4.66791
4.60256
4.67455
4.64436
4.67314
4.69736
4.68349
4.62632
4.69648
4.66923
4.64153
4.64479
4.67866
4.70221
4.70516
4.60508
4.67552
4.63963
4.6905
4.6998
4.69447
4.67535
4.68323
4.67229
4.68333
4.66729
4.62629
4.65825
4.67064
4.70672
4.65227
4.66354
4.71492
4.75357
4.66701
4.69713
4.64464
4.68302
4.74395
4.73615
4.60934
4.63087
4.71062
4.66502
4.70145
4.71609
4.67777
4.65918
4.66073
4.67792
4.66737
4.72476
4.62175
4.75795
4.74529
4.76314
4.71649
4.63856
4.7321
4.64332
4.69125
4.66891
4.6525
4.71861
4.7361
4.6753
4.74145
4.63699
4.69837
4.65938
4.69713
4.71667
4.73285
4.71518
4.77843
4.67427
4.70962
4.71798
4.71126
4.70545
4.73287
4.75627
4.65073
4.63254
4.72418
4.75379
4.73317
4.71499
4.63573
4.62116
4.64953
4.62661
4.651
4.72475
4.72736
4.6896
4.68529
4.72799
4.74244
4.66194
4.66421
4.66543
4.69125
4.77435
4.74993
4.67699
4.64955
4.63615
4.71457
4.76297
4.71253
4.72786
4.63801
4.67624
4.70923
4.72742
4.72202
4.69377
4.74957
4.74724
4.71786
4.72096
4.74337
4.76451
4.7177
4.69902
4.81234
4.8167
4.66691
4.70434
4.7186
4.73762
4.68564
4.72686
4.73432
4.7715
4.72536
4.72592
4.69959
4.70619
4.80229
4.72638
4.72434
4.75081
4.74344
4.73736
4.73996
4.80029
4.74777
4.745
4.75535
4.68848
4.75731
4.76277
4.74365
4.70546
4.82802
4.80496
4.7738
4.72247
4.85308
4.78703
4.7678
4.7685
4.76189
4.79091
4.76595
4.80997
4.7823
4.74872
4.76912
4.78537
4.76057
4.76284
4.75404
4.75823
4.75255
4.7691
4.7639
4.77666
4.77869
4.75804
4.7368
4.72587
4.70784
4.73016
4.74358
4.73679
4.73602
4.70149
4.69027
4.67263
4.65638
4.62736
