4.68461
4.6872
4.67455
4.67424
4.68836
4.64575
4.67721
4.65931
4.66497
4.66768
4.64448
4.65955
4.65188
4.64741
4.64854
4.64799
4.66046
4.65379
4.68289
4.65985
4.62203
4.68817
4.6278
4.64953
4.62498
4.61081
4.69662
4.61384
4.70204
4.60149
4.68752
4.68027
4.6726
4.66202
4.67547
4.66616
4.68122
4.60655
4.64769
4.7109
4.66999
4.68569
4.62
4.69494
4.66431
4.65554
4.60636
4.67422
4.65399
4.6545
4.6283
4.65847
4.61684
4.68716
4.67273
4.71146
4.69235
4.65257
4.62178
4.63679
4.66856
4.65299
4.70406
4.61751
4.61126
4.67179
4.67277
4.65602
4.69902
4.58883
4.66445
4.6407
4.66223
4.66043
4.63244
4.65363
4.65675
4.68327
4.66445
4.67366
4.67624
4.63295
4.63915
4.63892
4.63147
4.6377
4.68977
4.68562
4.71464
4.67525
4.63107
4.71193
4.63034
4.65865
4.6592
4.60145
4.68276
4.69113
4.64467
4.68757
4.64064
4.72179
4.66518
4.6607
4.58494
4.73341
4.63591
4.70519
4.67638
4.65098
4.72337
4.82761
4.69321
4.62015
4.65852
4.68135
4.64007
4.70049
4.70099
4.73576
4.66469
4.63125
4.69237
4.67645
4.69093
4.64166
4.65924
4.65246
4.75763
4.67821
4.68839
4.70127
4.68339
4.69711
4.69976
4.59559
4.74016
4.66771
4.67324
4.64733
4.67728
4.71472
4.77413
4.69803
4.71161
4.69363
4.75091
4.63854
4.64731
4.66323
4.64159
4.74827
4.70369
4.64109
4.6277
4.63209
4.66744
4.7165
4.65382
4.69778
4.61741
4.66093
4.75892
4.7173
4.67158
4.7389
4.65825
4.67722
4.65793
4.71042
4.74088
4.66694
4.70085
4.69917
4.65863
4.69279
4.70225
4.67336
4.7237
4.67893
4.71112
4.70838
4.67864
4.66863
4.67309
4.72951
4.66618
4.78809
4.68426
4.68941
4.69831
4.67623
4.74313
4.71241
4.67301
4.68258
4.68469
4.71477
4.69702
4.69062
4.7228
4.66976
4.66967
4.6978
4.69166
4.72171
4.70054
4.68685
4.73066
4.71307
4.64527
4.67508
4.68538
4.66805
4.67674
4.7385
4.72467
4.65455
4.69333
4.67627
4.76138
4.66664
4.68863
4.69097
4.67027
4.64121
4.67377
4.66411
4.72224
4.67927
4.66205
4.74267
4.7095
4.67246
4.60945
4.627
4.73883
4.69883
4.63216
4.66519
4.66204
4.62038
4.6643
4.70174
4.66451
4.71617
4.73321
4.626
4.68052
4.60931
4.6739
4.73687
4.71401
4.57978
4.69363
4.63579
4.66196
4.63179
4.70883
4.64733
4.6829
4.65679
4.60753
4.65479
4.64216
4.6597
4.62769
4.63285
4.66082
4.61897
4.60204
4.6557
4.73826
4.63699
4.69244
4.67638
4.71544
4.58888
4.61287
4.65341
4.70192
4.62687
4.59302
4.68208
4.6257
4.66419
4.64707
4.65555
4.77049
4.59824
4.67058
4.76717
4.7237
4.62236
4.61429
4.62652
4.6523
4.63738
4.66792
4.65155
4.65306
4.62342
4.65145
4.6656
4.66496
4.72555
4.62112
4.59971
4.74595
4.71761
4.65865
4.6714
4.60298
4.63872
4.73546
4.64443
4.68696
4.59453
4.65608
4.7069
4.7149
4.66967
4.73067
4.73619
4.66127
4.69916
4.62423
4.63734
4.67298
4.64971
4.73423
4.6835
4.67774
4.62784
4.64546
4.67725
4.71605
4.66288
4.67377
4.68736
4.64563
4.68839
4.68902
4.69468
4.72113
4.74166
4.70985
4.73589
4.66474
4.73665
4.77467
4.67428
4.67022
4.73495
4.6651
4.69132
4.74234
4.70987
4.70667
4.75034
4.73578
4.64602
4.66375
4.68122
4.74731
4.67709
4.63662
4.68967
4.70803
4.69348
4.6777
4.70786
4.71221
4.74839
4.73316
4.67436
4.67961
4.67128
4.66947
4.64545
4.61693
4.6858
4.70017
4.60739
4.65657
4.65667
4.64604
4.64739
4.62469
4.63539
4.63055
4.61249
4.64263
4.62208
4.59417
4.6397
4.61411
4.6134
4.64169
4.67193
