4.64287
4.67308
4.70069
4.69186
4.70831
4.71709
4.7091
4.71813
4.73684
4.7161
4.74537
4.748
4.73985
4.75593
4.73447
4.70909
4.76507
4.72726
4.70561
4.6978
4.75561
4.72386
4.71335
4.75682
4.69685
4.72081
4.71292
4.70231
4.73172
4.68777
4.65714
4.72566
4.76516
4.71465
4.73661
4.70105
4.70363
4.68239
4.64105
4.7109
4.67178
4.71844
4.76591
4.66784
4.65868
4.66704
4.71753
4.68639
4.71927
4.68764
4.70709
4.71971
4.61293
4.66317
4.69258
4.69491
4.72346
4.6985
4.62811
4.62377
4.73976
4.72019
4.649
4.61536
4.7145
4.66934
4.66545
4.71579
4.6659
4.72316
4.59195
4.67298
4.6882
4.707
4.6252
4.6511
4.67497
4.64438
4.65415
4.70362
4.68998
4.71095
4.66011
4.63892
4.61379
4.64288
4.66504
4.6181
4.69988
4.63458
4.71461
4.67127
4.71468
4.60828
4.61201
4.66217
4.60405
4.70597
4.68669
4.72107
4.64064
4.67367
4.62661
4.6837
4.65406
4.58602
4.73086
4.64737
4.70614
4.71798
4.65468
4.70912
4.61489
4.69885
4.57453
4.61779
4.66774
4.6294
4.7386
4.74534
4.66469
4.63931
4.75179
4.65089
4.6189
4.63627
4.71568
4.74145
4.64478
4.62547
4.69431
4.66643
4.62483
4.69125
4.66247
4.65577
4.65754
4.68447
4.67047
4.66621
4.63941
4.68865
4.72476
4.68389
4.64864
4.64234
4.74782
4.71401
4.7249
4.64501
4.72653
4.67521
4.72625
4.66673
4.68077
4.76484
4.63501
4.75019
4.66874
4.81369
4.68031
4.69118
4.72811
4.73883
4.65005
4.64039
4.62414
4.7198
4.72161
4.72058
4.68161
4.66237
4.65528
4.69214
4.68115
4.76599
4.70682
4.72743
4.67933
4.69409
4.65959
4.66839
4.74583
4.64533
4.65031
4.66903
4.74204
4.67788
4.6769
4.69309
4.71682
4.72335
4.67852
4.65846
4.74237
4.67659
4.67896
4.70491
4.66614
4.70287
4.67172
4.66735
4.69659
4.68038
4.64333
4.69201
4.63248
4.67358
4.67288
4.68927
4.69865
4.66068
4.7026
4.63515
4.68653
4.6597
4.71817
4.62575
4.67866
4.69344
4.68538
4.64406
4.79219
4.63759
4.67471
4.72397
4.69447
4.6822
4.71224
4.7461
4.64828
4.66494
4.71206
4.71212
4.72828
4.68141
4.63591
4.63024
4.64877
4.70374
4.7558
4.72695
4.74159
4.66488
4.69072
4.71337
4.68266
4.74672
4.67786
4.66502
4.66588
4.65779
4.72562
4.66452
4.7079
4.73218
4.63307
4.77736
4.77057
4.69428
4.67728
4.73471
4.66771
4.65205
4.68687
4.64332
4.72116
4.69824
4.66643
4.64852
4.65264
4.77087
4.74789
4.71257
4.71343
4.69984
4.62107
4.67767
4.7654
4.71208
4.76497
4.72264
4.64295
4.73045
4.75917
4.73358
4.68108
4.67264
4.70912
4.68654
4.63201
4.69405
4.72684
4.70259
4.71753
4.66258
4.71997
4.67959
4.64272
4.79062
4.73694
4.70138
4.70898
4.77356
4.64034
4.71346
4.68409
4.64898
4.75235
4.63107
4.69523
4.64158
4.69426
4.63872
4.60029
4.66577
4.74229
4.64173
4.64056
4.65752
4.74707
4.63655
4.71069
4.74803
4.70377
4.72697
4.6781
4.74677
4.66035
4.61438
4.70427
4.67338
4.72105
4.69787
4.61579
4.65597
4.72895
4.63098
4.73304
4.67789
4.73951
4.74506
4.66372
4.72346
4.64787
4.71312
4.63805
4.66163
4.63605
4.68532
4.60803
4.70389
4.70091
4.71113
4.6968
4.68935
4.68903
4.69231
4.73044
4.73218
4.6728
4.74935
4.71786
4.68974
4.67757
4.70356
4.68855
4.67875
4.69091
4.66281
4.68344
4.7302
4.71507
4.68996
4.7154
4.69304
4.71255
4.70018
4.67491
4.71284
4.7285
4.70561
4.7097
4.6715
4.6613
4.70308
4.72217
4.72291
4.66937
4.6922
4.72899
4.68308
4.67564
4.67684
4.68714
4.71975
4.71167
4.67182
4.67559
4.66909
