4.66924
4.68552
4.67729
4.6824
4.68379
4.70129
4.66364
4.6993
4.7091
4.71278
4.68005
4.68568
4.66885
4.70069
4.65891
4.69051
4.67926
4.67789
4.69761
4.69677
4.67714
4.71444
4.71821
4.7113
4.66826
4.67258
4.71429
4.71939
4.74715
4.71907
4.66997
4.7355
4.66349
4.69658
4.6502
4.65974
4.75308
4.69986
4.6629
4.72035
4.72233
4.64234
4.67712
4.70091
4.62597
4.61342
4.69645
4.74901
4.62103
4.725
4.71603
4.73844
4.66801
4.73586
4.69258
4.68109
4.7089
4.69138
4.63024
4.69191
4.69943
4.72786
4.65129
4.63729
4.68451
4.75296
4.71345
4.68515
4.68606
4.64614
4.63532
4.69112
4.70984
4.72893
4.73557
4.66901
4.67233
4.69682
4.65161
4.75616
4.72727
4.71095
4.67909
4.68696
4.61879
4.75711
4.75185
4.62581
4.6714
4.70992
4.69984
4.70595
4.69099
4.64227
4.73478
4.66217
4.6656
4.61943
4.65835
4.71483
4.72164
4.73446
4.67379
4.76866
4.69795
4.696
4.68446
4.70216
4.74721
4.68792
4.6632
4.69697
4.68137
4.69286
4.73358
4.72996
4.64007
4.6739
4.67427
4.63417
4.66469
4.72032
4.66333
4.72798
4.68216
4.70135
4.70334
4.75439
4.7479
4.70493
4.68545
4.74793
4.76836
4.76245
4.74593
4.67537
4.66586
4.68164
4.69303
4.59403
4.66896
4.80403
4.73371
4.68669
4.64864
4.72253
4.68914
4.70829
4.6631
4.69583
4.70626
4.74827
4.69001
4.71588
4.74493
4.66708
4.74981
4.60718
4.69449
4.68994
4.74783
4.68603
4.70143
4.66908
4.70157
4.70759
4.65592
4.6748
4.67921
4.69303
4.67693
4.72984
4.72998
4.63232
4.70217
4.65932
4.69321
4.64807
4.64406
4.74681
4.73398
4.78003
4.66647
4.75139
4.72146
4.67481
4.78626
4.73451
4.65537
4.70427
4.72438
4.72335
4.74497
4.64456
4.70999
4.71501
4.74214
4.68839
4.65423
4.72387
4.69467
4.69449
4.7529
4.74692
4.75609
4.68402
4.6759
4.68853
4.72699
4.65105
4.75733
4.68241
4.66681
4.7029
4.66331
4.68679
4.64915
4.69737
4.69121
4.6891
4.6919
4.71683
4.71345
4.6821
4.7307
4.74405
4.74834
4.68912
4.69756
4.71546
4.69059
4.7063
4.69938
4.59821
4.66589
4.64304
4.68891
4.67093
4.7313
4.59489
4.71379
4.64649
4.68722
4.71548
4.6801
4.63013
4.62135
4.70925
4.65699
4.65189
4.73034
4.69884
4.77131
4.73864
4.68246
4.66443
4.57222
4.62175
4.69149
4.6829
4.5844
4.71949
4.63035
4.65754
4.6811
4.68804
4.69125
4.6143
4.69532
4.60858
4.68698
4.67815
4.66639
4.64524
4.66369
4.61112
4.62372
4.63296
4.61287
4.61816
4.63952
4.65149
4.62141
4.66492
4.64185
4.66419
4.61491
4.63082
4.69697
4.55381
4.64007
4.63436
4.70216
4.63318
4.64121
4.64289
4.61722
4.67959
4.71247
4.63258
4.60738
4.6896
4.65695
4.68567
4.60903
4.62218
4.62634
4.70272
4.59749
4.64953
4.62162
4.59094
4.631
4.69259
4.57198
4.63662
4.57807
4.69302
4.6587
4.66016
4.58504
4.66186
4.7051
4.63659
4.55802
4.64718
4.62658
4.6447
4.63588
4.58538
4.66821
4.68863
4.67528
4.61433
4.63387
4.61558
4.64178
4.66522
4.62205
4.61762
4.64786
4.70992
4.64598
4.63464
4.62052
4.68589
4.67178
4.62078
4.66896
4.62636
4.72048
4.65399
4.60603
4.62625
4.64426
4.63668
4.71714
4.69423
4.67824
4.69745
4.64701
4.63449
4.66043
4.61562
4.74362
4.70018
4.66508
4.74927
4.68785
4.70407
4.68488
4.69199
4.66427
4.67815
4.7304
4.66463
4.69768
4.68729
4.69378
4.65347
4.67852
4.64807
4.634
4.64715
4.6403
4.66491
4.66205
4.62176
4.61671
4.65482
4.63488
4.61838
4.61733
4.63237
4.6548
4.62464
4.63037
4.63873
4.66297
4.69554
