4.65941
4.69904
4.6881
4.70047
4.70963
4.72664
4.70379
4.73254
4.76539
4.7324
4.73272
4.72377
4.7157
4.74853
4.72271
4.70823
4.75413
4.72825
4.67327
4.75859
4.72183
4.72267
4.68845
4.73038
4.63752
4.74436
4.77838
4.70371
4.6669
4.69068
4.70867
4.70645
4.70888
4.718
4.7511
4.65656
4.68802
4.71059
4.7018
4.68883
4.7422
4.70087
4.68848
4.64375
4.64757
4.66704
4.69645
4.73106
4.68259
4.67708
4.65816
4.67107
4.59001
4.67613
4.71312
4.65003
4.62208
4.6985
4.66084
4.61525
4.67789
4.69045
4.67709
4.71605
4.59637
4.65728
4.63702
4.5826
4.6938
4.63659
4.67702
4.69112
4.72944
4.69369
4.69375
4.67949
4.73619
4.64942
4.64655
4.65279
4.6872
4.63801
4.6214
4.66513
4.63662
4.64028
4.72445
4.65768
4.66312
4.62677
4.66308
4.68547
4.61739
4.58339
4.64305
4.65389
4.64075
4.64871
4.6501
4.67294
4.61679
4.77076
4.64558
4.68664
4.64013
4.6276
4.65826
4.65291
4.64804
4.67058
4.65751
4.60269
4.72076
4.73287
4.66419
4.64459
4.68499
4.69149
4.71326
4.74857
4.71518
4.68133
4.68351
4.75719
4.61112
4.71343
4.64248
4.68939
4.7289
4.75233
4.71552
4.67495
4.71346
4.68256
4.73014
4.83445
4.73074
4.67883
4.69303
4.67728
4.75795
4.68865
4.77093
4.70378
4.73819
4.72848
4.74782
4.74651
4.72787
4.78619
4.70342
4.71062
4.71769
4.74207
4.67029
4.68539
4.70446
4.76186
4.71867
4.7165
4.76524
4.71224
4.72268
4.68639
4.7694
4.76632
4.69196
4.83089
4.70882
4.7576
4.79241
4.78044
4.66634
4.76657
4.75695
4.73809
4.80118
4.81636
4.7237
4.73967
4.78002
4.71056
4.75977
4.73344
4.72356
4.6826
4.73569
4.74903
4.77616
4.75323
4.73592
4.71255
4.80531
4.77938
4.71165
4.7311
4.6978
4.73794
4.75144
4.73903
4.7591
4.77266
4.79364
4.7374
4.75951
4.73714
4.70222
4.76761
4.71973
4.76783
4.75323
4.78268
4.74903
4.80019
4.78045
4.78806
4.70329
4.80873
4.7062
4.7602
4.78647
4.79721
4.73695
4.81479
4.75825
4.74918
4.77724
4.79848
4.80601
4.79241
4.78269
4.7063
4.77133
4.70196
4.69502
4.74961
4.7361
4.69366
4.80486
4.8017
4.79479
4.79462
4.74444
4.76172
4.72378
4.70781
4.81145
4.77413
4.68858
4.76612
4.75144
4.7249
4.64362
4.62563
4.74979
4.73819
4.72735
4.79045
4.7001
4.70883
4.74843
4.7378
4.69303
4.76937
4.71056
4.73956
4.76245
4.67178
4.68651
4.80168
4.68404
4.71352
4.76763
4.7003
4.7711
4.81867
4.72168
4.62494
4.8215
4.67618
4.77843
4.67427
4.71579
4.69678
4.67844
4.8122
4.79668
4.66689
4.67052
4.68952
4.63468
4.63436
4.76927
4.69345
4.75304
4.68592
4.71069
4.71258
4.69724
4.72475
4.69953
4.77076
4.6882
4.71559
4.70541
4.76336
4.71675
4.69682
4.67409
4.7057
4.68945
4.73287
4.631
4.69259
4.71165
4.7503
4.71544
4.65217
4.65608
4.67624
4.74407
4.72167
4.71633
4.73035
4.71489
4.7129
4.70969
4.70709
4.70713
4.64729
4.68855
4.6759
4.76779
4.77731
4.66691
4.77661
4.7186
4.74028
4.70266
4.67321
4.66601
4.70992
4.73544
4.7089
4.7187
4.75397
4.74316
4.74556
4.69269
4.72055
4.71823
4.63632
4.70937
4.71539
4.77966
4.74934
4.67546
4.72593
4.71252
4.7031
4.69064
4.70731
4.75754
4.69146
4.77187
4.76783
4.67905
4.73891
4.72566
4.76342
4.75535
4.72869
4.73253
4.74547
4.71004
4.71495
4.75144
4.73682
4.71094
4.7207
4.75064
4.66569
4.69545
4.67753
4.67735
4.70388
4.67997
4.69874
4.65049
4.68812
4.68059
4.69019
4.65409
4.65732
4.62301
4.63736
4.61358
4.6206
4.6335
4.66232
