3.5534
3.56725
3.57703
3.57906
3.59196
3.58945
3.60158
3.60527
3.60242
3.60721
3.60955
3.61262
3.60727
3.61761
3.60883
3.62031
3.60275
3.59931
3.60576
3.59298
3.58639
3.59598
3.58708
3.58209
3.57688
3.59234
3.5823
3.58356
3.58468
3.58727
3.5785
3.57439
3.56374
3.56425
3.55211
3.54616
3.56829
3.54694
3.55296
3.54829
3.55173
3.54296
3.55599
3.53958
3.52028
3.53896
3.53354
3.55858
3.52629
3.53079
3.52881
3.52428
3.52357
3.52778
3.53773
3.5145
3.53101
3.51212
3.51403
3.5476
3.51338
3.52771
3.49814
3.49793
3.52439
3.51156
3.50508
3.50949
3.5119
3.52339
3.52792
3.52338
3.52196
3.52033
3.5032
3.51179
3.48414
3.5358
3.51442
3.54084
3.51548
3.5211
3.51182
3.52285
3.50211
3.54515
3.5238
3.5318
3.48983
3.52222
3.54559
3.5415
3.53286
3.53049
3.5332
3.52318
3.53634
3.52186
3.54076
3.51268
3.5358
3.5212
3.52106
3.53626
3.53666
3.52863
3.53543
3.51817
3.53834
3.56643
3.54291
3.52659
3.54582
3.54749
3.54774
3.54154
3.54722
3.52065
3.54388
3.54803
3.53315
3.54715
3.56191
3.55469
3.57159
3.56013
3.54268
3.53764
3.54164
3.53819
3.53506
3.5302
3.55245
3.55508
3.56238
3.54592
3.53871
3.55191
3.5558
3.54473
3.54582
3.55403
3.55785
3.54693
3.53225
3.54487
3.55235
3.53122
3.53155
3.54409
3.58839
3.54135
3.52032
3.5362
3.54216
3.53847
3.53878
3.53242
3.52207
3.5723
3.55118
3.54455
3.54784
3.53246
3.55598
3.52988
3.51502
3.52502
3.5284
3.55908
3.54567
3.55423
3.51716
3.53941
3.54608
3.54194
3.53243
3.53952
3.50555
3.51927
3.53666
3.51957
3.52696
3.50553
3.51116
3.52036
3.53454
3.53285
3.50429
3.52242
3.51055
3.51586
3.50646
3.49875
3.50996
3.51783
3.48405
3.51519
3.50632
3.51558
3.50584
3.50137
3.51205
3.51187
3.50434
3.49968
3.52269
3.51393
3.49362
3.51259
3.48403
3.48836
3.51906
3.47298
3.50992
3.48609
3.48004
3.48975
3.50582
3.51243
3.5059
3.48979
3.50049
3.47149
3.49626
3.46659
3.48155
3.47935
3.50277
3.51586
3.49034
3.4977
3.49176
3.50169
3.48991
3.47928
3.48713
3.48816
3.47427
3.48061
3.48776
3.49296
3.4904
3.47318
3.49142
3.49088
3.48615
3.49004
3.48071
3.47976
3.47289
3.48735
3.50968
3.47851
3.47222
3.5074
3.48315
3.47472
3.4903
3.46177
3.49018
3.49898
3.47949
3.45613
3.49976
3.48533
3.45864
3.48124
3.46847
3.48607
3.486
3.47124
3.47767
3.51455
3.48357
3.45954
3.47245
3.47502
3.44295
3.49789
3.50483
3.48358
3.47261
3.50253
3.463
3.50171
3.49134
3.47958
3.47278
3.48844
3.49611
3.46964
3.50994
3.48097
3.47868
3.49295
3.4842
3.48254
3.5127
3.51297
3.48274
3.50087
3.49276
3.48799
3.50602
3.48729
3.50891
3.47067
3.49894
3.46262
3.48859
3.45904
3.52546
3.46428
3.51972
3.4974
3.51475
3.48282
3.49212
3.49482
3.46574
3.48455
3.50277
3.49558
3.49746
3.50835
3.5049
3.48354
3.47716
3.48193
3.51587
3.50165
3.53591
3.49995
3.4736
3.51164
3.51602
3.54181
3.47656
3.53011
3.51496
3.51111
3.52392
3.51303
3.49327
3.53807
3.5231
3.48834
3.48581
3.52889
3.5444
3.48456
3.51329
3.53031
3.5259
3.53477
3.5146
3.53325
3.54269
3.50949
3.5063
3.5428
3.55424
3.52578
3.52214
3.52606
3.53934
3.58478
3.53693
3.57531
3.53544
3.5497
3.50766
3.53808
3.55141
3.52329
3.52994
3.54027
3.54623
3.5699
3.51407
3.52561
3.53468
3.5329
3.52224
3.54003
3.54054
3.53343
3.53109
3.51737
3.5349
3.52015
3.54665
3.54584
3.51812
3.50724
3.53215
3.51961
3.50036
3.50929
