4.424
4.42382
4.41696
4.41818
4.41708
4.42867
4.40904
4.4452
4.43834
4.45386
4.44322
4.41394
4.435
4.44856
4.44669
4.43355
4.45831
4.50018
4.45317
4.44458
4.45815
4.4181
4.45477
4.43794
4.43817
4.47472
4.4385
4.46562
4.47166
4.48839
4.45604
4.4721
4.44435
4.44766
4.48723
4.50054
4.45309
4.45637
4.48635
4.51137
4.47919
4.50383
4.50114
4.45765
4.43585
4.47448
4.50427
4.46547
4.50258
4.45606
4.45543
4.42988
4.49745
4.52636
4.42677
4.42392
4.45163
4.497
4.41859
4.49401
4.44249
4.49477
4.46998
4.47303
4.47848
4.46122
4.39238
4.42535
4.45935
4.49769
4.51306
4.48298
4.41923
4.46035
4.45847
4.48902
4.47528
4.45252
4.48361
4.47136
4.48288
4.43203
4.47234
4.43733
4.45048
4.49659
4.49694
4.45598
4.42333
4.43869
4.46344
4.43657
4.45246
4.41063
4.39377
4.41742
4.36354
4.42334
4.42547
4.40613
4.40938
4.47801
4.43205
4.39867
4.42054
4.42735
4.39138
4.43661
4.51092
4.45838
4.36638
4.45782
4.39272
4.36606
4.42702
4.48017
4.47825
4.4179
4.41672
4.41579
4.42024
4.38152
4.40514
4.41345
4.43396
4.39736
4.37826
4.43234
4.43075
4.38239
4.39029
4.44181
4.40475
4.36681
4.5037
4.39962
4.45516
4.41785
4.38162
4.44725
4.37695
4.4123
4.44433
4.45342
4.42503
4.38477
4.37765
4.35387
4.36695
4.48039
4.35442
4.42717
4.44705
4.43479
4.3812
4.36816
4.44182
4.4407
4.3995
4.40732
4.40606
4.42272
4.35879
4.40356
4.43205
4.41162
4.42344
4.38227
4.48715
4.42912
4.46097
4.4342
4.41171
4.42097
4.40787
4.42841
4.42196
4.45424
4.39371
4.40217
4.44301
4.42281
4.37449
4.45715
4.43373
4.40934
4.38465
4.33082
4.46917
4.41909
4.39046
4.42044
4.4067
4.4384
4.41445
4.42601
4.40111
4.45237
4.42451
4.41428
4.39019
4.40699
4.44428
4.4141
4.43362
4.40572
4.42543
4.42437
4.44022
4.45193
4.43715
4.46081
4.40028
4.41857
4.45475
4.40747
4.45865
4.38375
4.41137
4.45666
4.44395
4.44253
4.42206
4.42501
4.44628
4.42028
4.38314
4.44878
4.44903
4.36378
4.48049
4.41153
4.4154
4.42344
4.43558
4.48389
4.41695
4.4326
4.46162
4.38789
4.48043
4.41998
4.38161
4.37557
4.50514
4.42637
4.42182
4.41933
4.44775
4.39505
4.4394
4.38898
4.39496
4.43927
4.45518
4.45346
4.35929
4.40866
4.47264
4.47666
4.47753
4.41673
4.42161
4.37178
4.41079
4.41809
4.45235
4.47776
4.43594
4.4263
4.45891
4.51177
4.47095
4.35538
4.44569
4.40695
4.37512
4.41646
4.46919
4.45782
4.42155
4.39395
4.4637
4.4534
4.42705
4.44276
4.37316
4.33645
4.45988
4.35096
4.42093
4.39594
4.43464
4.44124
4.42543
4.43406
4.40805
4.5125
4.41356
4.38731
4.40979
4.38833
4.42334
4.40464
4.37247
4.35399
4.44491
4.38968
4.35868
4.39946
4.37184
4.47634
4.42609
4.43559
4.42977
4.47371
4.38055
4.36894
4.40498
4.44228
4.46201
4.48556
4.41166
4.44444
4.39639
4.44258
4.45856
4.35885
4.41059
4.43643
4.42732
4.38136
4.39846
4.38638
4.39933
4.39572
4.47303
4.45344
4.4483
4.44877
4.45158
4.46134
4.43813
4.39506
4.43983
4.44704
4.38534
4.43506
4.43814
4.41676
4.43514
4.38471
4.42786
4.40049
4.41429
4.43333
4.46663
4.47341
4.41641
4.43884
4.41565
4.40712
4.41437
4.41156
4.42177
4.47159
4.45386
4.41286
4.45588
4.47076
4.44408
4.43776
4.46293
4.43597
4.44443
4.46702
4.4387
4.45922
4.45871
4.45538
4.47327
4.41701
4.4462
4.45831
4.45582
4.44669
4.46741
4.47746
4.44772
4.45134
4.47455
4.45451
4.44893
4.47671
4.4704
4.46401
4.46839
4.47029
4.46633
4.48403
