4.43746
4.42392
4.42979
4.42126
4.44253
4.43491
4.42219
4.42873
4.43657
4.43485
4.41638
4.41168
4.43163
4.43572
4.42039
4.45636
4.39815
4.42659
4.4188
4.43939
4.44576
4.42834
4.41887
4.45247
4.40471
4.46276
4.38824
4.4366
4.45401
4.46102
4.42858
4.4362
4.39679
4.45283
4.43939
4.41045
4.42006
4.42081
4.48881
4.46158
4.44837
4.45602
4.45312
4.47838
4.47238
4.45152
4.39925
4.49679
4.40216
4.43926
4.40748
4.43124
4.4393
4.39456
4.37241
4.4699
4.41475
4.45815
4.41419
4.42239
4.42403
4.41721
4.40042
4.43217
4.37343
4.49212
4.4249
4.39692
4.43719
4.37194
4.43472
4.44741
4.3634
4.40868
4.43738
4.47592
4.43916
4.36705
4.42611
4.45831
4.44945
4.36413
4.42916
4.44483
4.35434
4.4481
4.42074
4.40991
4.46652
4.41139
4.38536
4.46366
4.4428
4.36095
4.45995
4.45801
4.42153
4.33722
4.39013
4.41164
4.40751
4.42855
4.45166
4.40617
4.41673
4.42735
4.39138
4.42296
4.41836
4.41145
4.42666
4.3808
4.45082
4.44716
4.48404
4.46958
4.51309
4.41982
4.40333
4.34902
4.42216
4.43058
4.39038
4.41534
4.39205
4.4477
4.40581
4.37608
4.45049
4.37349
4.48372
4.45776
4.41223
4.36335
4.40309
4.45569
4.44707
4.44861
4.43412
4.40548
4.42004
4.43302
4.40684
4.3819
4.44959
4.48132
4.43736
4.43342
4.42639
4.42267
4.43678
4.48711
4.47613
4.42549
4.40858
4.39112
4.41126
4.42093
4.43227
4.45262
4.41792
4.43832
4.41032
4.48122
4.49903
4.45511
4.40685
4.45048
4.40992
4.42748
4.42405
4.47459
4.38274
4.4241
4.38235
4.37343
4.46282
4.44798
4.44873
4.39501
4.39411
4.45091
4.4041
4.41809
4.44514
4.44764
4.42941
4.47322
4.45394
4.41151
4.41478
4.38047
4.40092
4.42311
4.41665
4.4217
4.44842
4.4111
4.45367
4.41068
4.45622
4.41744
4.4473
4.42122
4.42493
4.4357
4.43129
4.40438
4.41922
4.41107
4.42036
4.44985
4.48045
4.44605
4.44202
4.4295
4.44092
4.37844
4.4494
4.48013
4.47408
4.43639
4.45899
4.45154
4.48726
4.44425
4.44163
4.50091
4.45237
4.46794
4.43406
4.41476
4.40256
4.41178
4.42519
4.42187
4.45539
4.44318
4.45075
4.45318
4.39241
4.50982
4.35889
4.46056
4.47355
4.44099
4.51279
4.41933
4.44775
4.40565
4.45083
4.44318
4.39143
4.47267
4.48752
4.43624
4.48002
4.47409
4.43879
4.46249
4.43172
4.43805
4.39038
4.39338
4.39047
4.35342
4.46857
4.43133
4.45776
4.41853
4.3878
4.46266
4.45848
4.42491
4.39736
4.44191
4.47921
4.37244
4.39804
4.4417
4.47818
4.39581
4.47205
4.42567
4.48017
4.45688
4.47615
4.39642
4.40664
4.46231
4.41145
4.48479
4.40397
4.40252
4.49231
4.41673
4.39681
4.46578
4.44981
4.39093
4.33233
4.38296
4.41024
4.4292
4.4137
4.47824
4.41248
4.47428
4.44803
4.40664
4.43313
4.41613
4.43158
4.43747
4.4556
4.40484
4.39772
4.45507
4.39105
4.40932
4.44553
4.39679
4.46554
4.44976
4.43482
4.39733
4.46216
4.4519
4.44225
4.40803
4.40295
4.43385
4.43514
4.46609
4.50459
4.46812
4.47642
4.44213
4.40078
4.4746
4.43145
4.43049
4.40428
4.36013
4.37466
4.43393
4.45754
4.45077
4.41369
4.45829
4.41891
4.45093
4.4795
4.45755
4.4998
4.44606
4.52216
4.4323
4.44985
4.4754
4.46039
4.50254
4.46677
4.45422
4.46597
4.46501
4.43144
4.44233
4.47416
4.48382
4.47847
4.4764
4.44438
4.47514
4.4219
4.47863
4.4642
4.48358
4.4915
4.46727
4.45642
4.45002
4.45328
4.47627
4.48745
4.45775
4.43708
4.47882
4.48866
4.45059
4.44879
4.45421
4.47372
4.455
4.4812
4.46764
4.46557
4.46756
4.46727
4.47885
