4.4749
4.46533
4.45319
4.44931
4.45617
4.44917
4.46587
4.43079
4.42722
4.45115
4.45134
4.42653
4.46134
4.4321
4.50198
4.44035
4.42828
4.4515
4.44252
4.44328
4.42172
4.45727
4.45034
4.46341
4.4366
4.41875
4.421
4.46024
4.46697
4.44038
4.405
4.43042
4.44132
4.46329
4.46829
4.49699
4.44522
4.40379
4.4279
4.42232
4.46915
4.44739
4.4287
4.39145
4.47104
4.48001
4.53294
4.45995
4.49366
4.48368
4.5014
4.48427
4.48505
4.54833
4.45446
4.46836
4.40482
4.41584
4.47739
4.44531
4.5068
4.45796
4.43576
4.47134
4.51438
4.43185
4.49405
4.43844
4.51008
4.47031
4.48269
4.48115
4.41923
4.40868
4.52866
4.4595
4.48277
4.42556
4.39511
4.45831
4.46039
4.41029
4.48415
4.47978
4.47568
4.47672
4.47243
4.52286
4.44172
4.51829
4.42311
4.43657
4.5271
4.42372
4.49924
4.54398
4.42727
4.46447
4.44892
4.5526
4.41126
4.45178
4.43205
4.43913
4.50455
4.46711
4.43329
4.49464
4.45569
4.44431
4.45219
4.42775
4.53135
4.42924
4.44877
4.57503
4.44135
4.53164
4.463
4.46144
4.4299
4.44451
4.47024
4.59267
4.41073
4.4538
4.44265
4.42647
4.49206
4.43883
4.41469
4.51501
4.45107
4.4895
4.46961
4.48479
4.44908
4.52431
4.43021
4.48168
4.45454
4.45448
4.44627
4.43569
4.55256
4.50012
4.548
4.51656
4.46633
4.47436
4.51077
4.43457
4.44894
4.4836
4.40858
4.46591
4.47016
4.37831
4.42347
4.46915
4.5184
4.44718
4.46123
4.47187
4.4655
4.47159
4.51416
4.44025
4.50578
4.42748
4.54851
4.42133
4.41171
4.47491
4.45412
4.43001
4.48436
4.47999
4.4742
4.43627
4.46594
4.48681
4.47282
4.48001
4.46269
4.46485
4.49592
4.46607
4.45257
4.46808
4.45857
4.4914
4.44013
4.45165
4.46847
4.44802
4.44098
4.46367
4.524
4.43939
4.46798
4.49027
4.48263
4.53103
4.46972
4.42778
4.47147
4.4488
4.45679
4.49439
4.48204
4.45805
4.46892
4.44185
4.43922
4.50259
4.50542
4.47593
4.4725
4.51294
4.48063
4.48075
4.47345
4.50321
4.45626
4.48476
4.4681
4.44381
4.47984
4.46794
4.45596
4.46203
4.45567
4.48173
4.43908
4.48389
4.43761
4.50695
4.46898
4.48489
4.4278
4.47072
4.48234
4.48984
4.46972
4.48317
4.42365
4.50881
4.43271
4.55959
4.45857
4.41366
4.48066
4.42605
4.45125
4.53895
4.48211
4.4906
4.5042
4.47462
4.48587
4.50706
4.50446
4.48009
4.48054
4.43934
4.49592
4.47357
4.43012
4.55212
4.4349
4.47091
4.45235
4.47134
4.44569
4.48119
4.44244
4.47233
4.45878
4.4477
4.46351
4.39209
4.52014
4.41798
4.46539
4.39307
4.4912
4.48002
4.39728
4.49592
4.3966
4.4299
4.48814
4.46993
4.46097
4.48081
4.49997
4.45166
4.50762
4.46845
4.48207
4.40107
4.4348
4.40649
4.43065
4.41564
4.42562
4.44472
4.45775
4.42684
4.55566
4.48032
4.45983
4.48456
4.49056
4.47767
4.39946
4.42196
4.41207
4.49057
4.46201
4.44405
4.45992
4.45514
4.45234
4.45313
4.48236
4.43448
4.42871
4.48454
4.44586
4.44392
4.45182
4.44103
4.45955
4.5052
4.4613
4.45835
4.49305
4.50159
4.41199
4.40548
4.50204
4.46706
4.41262
4.44852
4.47858
4.45368
4.47682
4.45972
4.43926
4.43735
4.46132
4.44676
4.43712
4.41594
4.40411
4.45687
4.45478
4.4894
4.49473
4.43125
4.45522
4.4441
4.4397
4.45635
4.47934
4.45557
4.45688
4.46483
4.51708
4.45219
4.4147
4.46887
4.45686
4.48707
4.44938
4.46296
4.47413
4.47941
4.4767
4.43696
4.46044
4.45263
4.4784
4.45673
4.48047
4.45563
4.46392
4.48025
4.44611
4.4674
4.48354
4.44894
4.47344
4.47984
4.4742
4.46765
4.46754
4.47716
