4.40255
4.40111
4.40285
4.40292
4.40341
4.3991
4.3983
4.40274
4.39452
4.40228
4.41289
4.4246
4.41384
4.43255
4.42613
4.40066
4.3997
4.42659
4.42781
4.38336
4.42698
4.40472
4.37329
4.40776
4.40916
4.4125
4.4169
4.43063
4.39483
4.39425
4.42951
4.40418
4.40147
4.39554
4.37794
4.41556
4.36782
4.38218
4.42457
4.39609
4.3552
4.41873
4.43592
4.41113
4.33489
4.39112
4.42317
4.39495
4.3536
4.3777
4.38047
4.40576
4.41021
4.39456
4.40717
4.40843
4.3198
4.39015
4.3518
4.37349
4.32012
4.39056
4.37702
4.33617
4.31778
4.36423
4.39238
4.35381
4.39056
4.41582
4.39353
4.30943
4.38827
4.40049
4.33172
4.38995
4.38559
4.38482
4.39177
4.37579
4.38779
4.31069
4.36243
4.33185
4.3641
4.36648
4.42257
4.39244
4.32818
4.36195
4.38189
4.41611
4.31104
4.3475
4.37963
4.39183
4.39364
4.37434
4.39013
4.33072
4.32564
4.38291
4.35952
4.35041
4.37638
4.31874
4.3437
4.37482
4.39047
4.39295
4.39302
4.36127
4.31665
4.35385
4.39674
4.34335
4.35463
4.35093
4.37923
4.32396
4.37595
4.32458
4.33643
4.38044
4.35291
4.35096
4.35538
4.37074
4.30525
4.38961
4.4263
4.39094
4.38289
4.38976
4.40681
4.35692
4.32424
4.29936
4.36743
4.37337
4.3892
4.36263
4.41969
4.39444
4.40145
4.38477
4.3691
4.31856
4.33458
4.38882
4.40744
4.43086
4.3894
4.35759
4.41563
4.33074
4.38555
4.44991
4.37325
4.4278
4.38142
4.36255
4.39866
4.40688
4.3359
4.44438
4.36273
4.40256
4.39404
4.39874
4.36231
4.37393
4.3695
4.36014
4.34533
4.33667
4.36829
4.48495
4.37829
4.43933
4.36845
4.40293
4.40272
4.42372
4.41427
4.36716
4.45171
4.39648
4.41299
4.40527
4.41107
4.39777
4.39066
4.4082
4.43003
4.4469
4.40309
4.43631
4.39842
4.42818
4.41139
4.40527
4.41301
4.42429
4.42385
4.44836
4.37091
4.41253
4.40365
4.41107
4.42676
4.44985
4.44652
4.42261
4.44906
4.45973
4.44677
4.43528
4.41563
4.43853
4.47084
4.44253
4.47999
4.45154
4.3927
4.43134
4.47491
4.40549
4.47112
4.46794
4.44575
4.46027
4.5102
4.43362
4.39507
4.49521
4.51618
4.43786
4.45616
4.48107
4.50168
4.45948
4.45927
4.47404
4.42203
4.50133
4.47752
4.42842
4.49531
4.45201
4.42084
4.47226
4.51222
4.43736
4.43773
4.502
4.48422
4.52951
4.55612
4.43132
4.4986
4.45002
4.49585
4.47587
4.45976
4.46343
4.5046
4.45107
4.48253
4.44215
4.48607
4.47508
4.55424
4.47345
4.44167
4.58873
4.49414
4.47233
4.465
4.42409
4.45528
4.46509
4.46995
4.48677
4.50195
4.41358
4.43913
4.5198
4.46402
4.45219
4.47909
4.42603
4.49464
4.50452
4.46917
4.46208
4.39681
4.41494
4.53198
4.51585
4.43038
4.47335
4.39562
4.39183
4.47836
4.40097
4.49394
4.43141
4.5533
4.46543
4.53778
4.43986
4.47944
4.45082
4.50473
4.41906
4.42993
4.40087
4.43019
4.45126
4.42252
4.43501
4.45068
4.42189
4.43138
4.45847
4.38921
4.49024
4.41059
4.44159
4.51091
4.42724
4.46206
4.42969
4.47304
4.47674
4.45143
4.47334
4.48281
4.45993
4.42089
4.45504
4.41438
4.48772
4.50811
4.44264
4.46947
4.37734
4.468
4.50449
4.49268
4.48051
4.43969
4.47132
4.45284
4.40503
4.49172
4.46191
4.47751
4.45928
4.47242
4.45524
4.46212
4.475
4.48185
4.48384
4.49472
4.4744
4.55708
4.5281
4.52448
4.48309
4.46834
4.51516
4.5021
4.51312
4.51101
4.52878
4.5622
4.50596
4.53143
4.51157
4.54694
4.52465
4.54235
4.53805
4.52466
4.51686
4.53681
4.51517
4.50776
4.5065
4.50515
4.54215
4.50108
4.48783
4.4905
4.48015
4.47223
4.45686
