 9375.395667
 9654.702001
 9528.722651
 9357.350983
 9835.625925
 883.587322
 879.638651
 858.351616
 887.687200
 896.907788
 890.032138
 916.337086
 840.337839
 904.013280
 897.288486
 2189.770973
 2191.369357
 2143.806457
 2230.782440
 2205.129315
 2239.739357
 2202.737935
 2276.941936
 2186.064672
 2217.471653
 2095.200944
 2246.068085
 2139.430520
 2210.521994
 2108.229520
 2222.347124
 2180.806160
 2254.684094
 2236.993421
 2222.373845
 3649.758691
 3652.884417
 3596.422405
 3746.447814
 3667.238438
 3734.645119
 3629.875303
 3778.728192
 3622.319559
 3694.070486
 3503.890952
 3743.930394
 3570.550595
 3673.426971
 3538.711479
 3683.383560
 3570.418924
 3681.525384
 3687.857391
 3627.121464
 7770.847833
 8309.694290
 8002.587864
 7899.684076
 7811.032898
 7957.950263
 662.801352
 641.377746
 619.339525
 591.377724
 643.571473
 691.619335
 658.583804
 655.662195
 688.343851
 645.879701
 632.796174
 653.844740
 634.864427
 653.199985
 629.205462
 1686.790175
 1622.983644
 1582.121756
 1509.075912
 1639.067624
 1683.171213
 1745.025853
 1677.892094
 1672.322038
 1767.037635
 1647.437627
 1771.718907
 1648.533757
 1611.661739
 1676.915182
 1567.573288
 1688.966679
 1644.579270
 1614.860076
 1665.234513
 1514.079512
 1659.086044
 1600.444348
 1615.223076
 1616.265085
 1652.371454
 1755.588973
 1676.479890
 1683.648553
 1610.469096
 2859.734498
 2747.414381
 2695.549244
 2588.200532
 2766.673424
 2848.280351
 2958.829111
 2873.997439
 2844.846970
 3005.735501
 2804.404243
 3042.523066
 2805.671716
 2710.432811
 2858.489189
 2659.940454
 2893.051307
 2782.546783
 2723.112402
 2819.988839
 2600.924447
 2820.145256
 2699.279990
 2738.785811
 2744.606036
 2834.449543
 3013.469212
 2875.614888
 2883.901260
 2761.798166
 1779.261843
 1763.758721
 1772.070015
 1779.788730
 1756.320565
 886.676882
 886.990630
 892.653083
 885.163847
 881.832939
 884.948089
 876.574422
 896.601631
 878.818093
 881.984766
 372.428909
 372.707339
 374.347796
 371.767101
 371.779490
 372.621465
 370.140012
 374.432951
 371.025709
 371.436896
 1788.076333
 1751.470002
 1765.817931
 1778.445145
 1772.372916
 1772.064368
 741.748113
 748.844055
 754.072106
 763.023071
 750.196801
 733.994625
 743.021304
 742.476672
 737.139031
 747.935803
 750.651429
 747.672774
 750.283827
 748.649735
 753.944716
 297.503356
 299.703479
 301.681075
 304.217344
 299.172320
 295.587795
 297.232474
 298.475652
 294.812966
 298.838753
 300.448110
 297.711615
 300.481105
 297.829911
 300.068562
