3.99849
3.91676
3.8548
3.81027
3.77215
3.74674
3.72223
3.70743
3.69508
3.68528
3.67706
3.66636
3.66437
3.65239
3.64658
3.65317
3.64276
3.6467
3.64401
3.6379
3.6481
3.64006
3.6469
3.65206
3.6441
3.64522
3.64838
3.64355
3.65432
3.64322
3.64961
3.64776
3.6473
3.64564
3.65344
3.6655
3.66363
3.6756
3.66158
3.66771
3.68033
3.68371
3.68526
3.6759
3.68577
3.67745
3.69324
3.69801
3.6985
3.72258
3.70948
3.71425
3.70253
3.71779
3.71965
3.71884
3.72199
3.73747
3.73209
3.73042
3.73269
3.72328
3.73627
3.75003
3.76207
3.74988
3.75362
3.74904
3.7723
3.76894
3.78091
3.77791
3.78191
3.79032
3.77631
3.79835
3.7864
3.78002
3.79347
3.78798
3.81042
3.78954
3.81082
3.80306
3.82251
3.80483
3.80741
3.81829
3.83313
3.83245
3.82422
3.82774
3.83541
3.82938
3.81676
3.83344
3.83629
3.81599
3.84664
3.82363
3.83792
3.83374
3.82174
3.83577
3.83557
3.85474
3.85108
3.82738
3.82979
3.84363
3.82994
3.82181
3.81813
3.8056
3.83208
3.82722
3.81051
3.82803
3.82493
3.79391
3.80291
3.80002
3.80538
3.7941
3.80929
3.78563
3.80898
3.80544
3.78704
3.79913
3.79145
3.78817
3.78512
3.76834
3.77146
3.76927
3.76459
3.76676
3.75273
3.74129
3.76639
3.74712
3.74264
3.72752
3.73166
3.71733
3.72547
3.72964
3.6986
3.69371
3.71053
3.69272
3.70116
3.681
3.68786
3.67545
3.66149
3.66959
3.65916
3.65875
3.63876
3.64057
3.64819
3.63712
3.64708
3.63243
3.61814
3.63153
3.61595
3.60507
3.60749
3.61119
3.60482
3.59846
3.595
3.59183
3.58604
3.57604
3.57925
3.57483
3.58005
3.58613
3.57859
3.5546
3.55042
3.55898
3.56084
3.56745
3.54844
3.57315
3.55864
3.5499
3.54767
3.54525
3.54075
3.53142
3.51007
3.51652
3.49827
3.48241
3.50323
3.51088
3.52041
3.52701
3.52735
3.51793
3.51048
3.51921
3.52018
3.5136
3.50425
3.5316
3.51188
3.53476
3.53182
3.52471
3.54426
3.51258
3.52945
3.52308
3.51397
3.51858
3.51653
3.52739
3.51095
3.51999
3.50846
3.51617
3.48732
3.50503
3.51711
3.50861
3.50124
3.52514
3.49136
3.50515
3.50971
3.51186
3.51535
3.49388
3.50452
3.49071
3.51479
3.48283
3.51326
3.50054
3.50333
3.48311
3.49279
3.49821
3.4907
3.46751
3.50082
3.51719
3.48503
3.48895
3.47836
3.47685
3.50791
3.49783
3.45141
3.46383
3.47404
3.46188
3.46596
3.46236
3.44664
3.45594
3.45925
3.44218
3.43567
3.44434
3.43306
3.45238
3.44423
3.4234
3.43842
3.40549
3.42655
3.40395
3.42749
3.4003
3.4058
3.39373
3.39598
3.40176
3.39969
3.38724
3.38921
3.38252
3.38474
3.35707
3.38991
3.37216
3.34584
3.34921
3.34783
3.33692
3.35291
3.3342
3.34094
3.33062
3.33336
3.32746
3.31417
3.30597
3.29367
3.29898
3.28247
3.28201
3.27436
3.26786
3.26802
3.25903
3.25927
3.24014
3.24107
3.24051
3.22853
3.22118
3.18842
3.19787
3.19749
3.1836
3.18475
3.16452
3.17553
3.1678
3.13691
3.13312
3.13619
3.13194
3.10978
3.10447
3.10799
3.09343
3.08213
3.06997
3.05635
3.03607
3.02769
3.02506
3.01279
3.01292
2.99628
2.99994
2.97224
2.97952
2.96539
2.95609
2.94499
2.92491
2.9265
2.92244
2.89765
2.88739
2.88962
2.86303
2.84749
2.84483
2.82743
2.8234
2.81183
2.80248
2.77717
2.76356
2.74873
2.74363
2.72793
2.71538
2.70548
2.68071
2.65822
2.66278
2.64127
2.61119
2.5963
2.57364
2.56397
2.55172
2.53078
2.51032
2.47867
2.47927
2.45657
2.43138
2.40973
2.38673
2.36483
2.34306
2.31211
2.28182
2.25195
2.2205
2.18558
2.12888
2.0706
1.98559
1.86988
1.68391
