5.56386
5.55208
5.51895
5.51946
5.50582
5.4739
5.48104
5.50373
5.43905
5.46486
5.46217
5.48844
5.43394
5.42943
5.4629
5.43418
5.46023
5.41123
5.4066
5.43965
5.38869
5.37704
5.40218
5.34581
5.36683
5.41242
5.41948
5.4162
5.40494
5.37795
5.33719
5.352
5.34276
5.40846
5.42218
5.32419
5.40212
5.36188
5.26296
5.35328
5.35102
5.36939
5.32844
5.29576
5.3587
5.36345
5.26443
5.41526
5.35056
5.31974
5.31282
5.32547
5.31815
5.33152
5.38785
5.28355
5.36767
5.35675
5.2357
5.27951
5.29288
5.35322
5.31297
5.30096
5.35138
5.26814
5.31991
5.23275
5.31994
5.32028
5.28399
5.34963
5.31025
5.30308
5.31389
5.23007
5.35702
5.30916
5.20705
5.32052
5.30651
5.28604
5.32362
5.30983
5.24189
5.30286
5.30072
5.27276
5.27239
5.26759
5.27852
5.21668
5.31432
5.26241
5.36402
5.32113
5.28006
5.26071
5.22064
5.23313
5.26115
5.22794
5.25518
5.37178
5.26853
5.24162
5.3416
5.32556
5.3064
5.27938
5.26281
5.26726
5.29887
5.3015
5.24197
5.26313
5.2514
5.28372
5.24358
5.2566
5.27348
5.3715
5.25617
5.24577
5.22476
5.1762
5.2614
5.26206
5.22075
5.22664
5.35508
5.18689
5.21151
5.2607
5.20786
5.2938
5.21973
5.2561
5.1678
5.21988
5.28476
5.19021
5.21361
5.21817
5.23432
5.23062
5.20712
5.23682
5.18217
5.17242
5.13523
5.2703
5.2166
5.19381
5.22868
5.27782
5.22038
5.19453
5.17946
5.22736
5.13089
5.27113
5.2185
5.22151
5.14524
5.21804
5.22717
5.17334
5.14303
5.15351
5.19443
5.25732
5.14745
5.16863
5.25436
5.14607
5.20308
5.21596
5.24815
5.26361
5.18596
5.2488
5.22535
5.2172
5.26406
5.23908
5.26372
5.21677
5.26114
5.22836
5.20899
5.26959
5.30637
5.24482
5.26941
5.2466
5.26907
5.24473
5.28165
5.25903
5.33675
5.29682
5.32182
5.28952
5.28191
5.31185
5.30497
5.34586
5.38639
5.36851
5.35596
5.32092
5.3443
5.31974
5.32537
5.26827
5.36402
5.31423
5.31047
5.34575
5.3969
5.33461
5.33216
5.35464
5.30085
5.29435
5.35021
5.28515
5.39697
5.32656
5.29748
5.32977
5.43275
5.43978
5.41632
5.40184
5.39935
5.37813
5.35693
5.33806
5.37913
5.34034
5.45076
5.35776
5.37152
5.44525
5.40284
5.42594
5.49192
5.4464
5.35201
5.31367
5.31709
5.30922
5.38264
5.44315
5.42742
5.53628
5.37123
5.35412
5.33685
5.42745
5.38527
5.43749
5.37705
5.32483
5.34239
5.42231
5.42024
5.33719
5.44374
5.36957
5.43241
5.37125
5.32731
5.31556
5.44623
5.30434
5.36043
5.27348
5.36701
5.34973
5.3559
5.35032
5.28861
5.27298
5.36834
5.31232
5.3165
5.31548
5.26678
5.2642
5.26317
5.33087
5.21782
5.21093
5.24114
5.30335
5.25506
5.22235
5.17104
5.14804
5.1243
5.1621
5.05133
5.13479
5.14079
5.16255
5.09479
5.18946
5.09192
5.05842
5.0978
5.03393
5.09642
5.09724
5.04683
5.05064
4.99458
5.12368
5.00611
4.97919
4.97778
5.06058
4.94941
4.9614
5.0077
4.9793
4.98925
4.96861
5.01299
5.03382
4.94293
4.95356
4.90074
4.92608
4.9258
4.89692
4.93981
4.94246
4.91775
4.93558
4.8247
4.86927
4.92852
4.92069
4.92504
4.92065
4.9814
4.97722
4.92307
4.92605
4.93474
4.96411
4.98389
4.92319
4.93782
4.95755
5.01764
4.96126
4.99737
4.99703
5.01671
5.01975
4.97352
5.09471
5.07738
5.09138
5.05364
5.07669
5.08902
5.13043
5.14447
5.14298
5.14334
5.09846
5.0994
5.15284
5.15533
5.12576
5.14442
5.14327
5.13971
5.11927
5.16188
5.08342
5.06787
5.0332
5.02831
5.00116
4.94959
4.88759
4.83446
4.76635
4.65204
4.54977
4.3811
4.1778
3.89052
3.28853
