5.42709
5.36437
5.29042
5.23765
5.19034
5.17121
5.13328
5.11862
5.10037
5.06231
5.00949
5.0043
5.08277
5.04534
5.02024
5.04091
5.01755
5.00266
5.02651
4.97538
4.99956
4.98326
4.96076
4.94344
4.96432
4.99243
4.99378
4.95978
4.96577
4.95187
4.96152
4.97428
4.92102
4.98627
4.92207
4.94287
4.94128
4.97127
4.91301
4.94615
4.94283
4.96132
4.9386
4.95233
4.93379
4.92243
4.96021
4.94353
4.9679
4.95032
4.97862
4.98862
5.03599
4.98817
4.98031
4.96711
4.96751
4.96847
4.93273
4.97236
5.01258
5.01846
4.96148
4.96489
4.96861
5.01304
4.96794
4.97615
4.93391
4.94384
4.94098
4.99274
5.02627
5.00413
4.94802
4.98022
5.01007
5.01225
5.02321
5.00055
4.97873
4.9781
4.98619
5.04887
5.01145
4.97739
5.06907
5.00064
5.04364
5.03982
5.04779
5.02148
5.01919
5.01116
5.09703
4.96559
5.05283
5.01755
5.0766
5.0246
5.04197
4.99276
5.02128
5.01421
5.03698
5.05776
5.11121
5.0729
5.04212
5.0246
5.06627
5.06622
4.99173
5.00637
5.00187
5.103
5.02254
5.02766
5.05088
5.04783
5.01253
5.02385
5.05869
4.9887
5.03092
5.00384
4.99775
4.98799
5.04825
4.95792
5.02421
5.01382
4.95542
4.99083
5.04311
4.95919
5.02293
4.94769
5.05813
4.97054
4.96506
4.98271
5.01747
4.992
4.90936
4.95615
4.9733
5.01078
4.97096
4.91347
4.96135
5.00291
4.99703
4.8757
4.93587
4.93946
4.92788
4.9693
4.99611
4.97537
4.94013
4.97417
4.93893
4.95793
4.93708
4.98764
4.9237
4.90064
4.92804
4.98743
4.95358
4.9043
4.94619
4.86906
4.90898
4.91793
4.92796
4.87511
4.86513
4.93026
4.84213
4.93216
4.90497
4.8904
4.93327
4.87343
4.90143
4.86155
4.92696
4.81336
4.84241
4.86096
4.92228
4.85056
4.88156
4.88062
4.88631
4.88352
4.88357
4.87336
4.83038
4.87188
4.84196
4.89119
4.86243
4.8598
4.85143
4.87342
4.85187
4.84521
4.87726
4.89231
4.89069
4.86677
4.88216
4.86526
4.84495
4.899
4.8881
4.8523
4.84291
4.89514
4.85487
4.90828
4.84004
4.8826
4.92024
4.9223
4.88409
4.95507
4.84761
4.88154
4.87175
4.87992
4.88049
4.87898
4.91212
4.89538
4.83244
4.84524
4.86656
4.8227
4.92577
4.92629
4.85876
4.87706
4.84376
4.90471
4.87151
4.8858
4.88204
4.8615
4.8563
4.86173
4.88193
4.86882
4.89831
4.88727
4.92088
4.8743
4.8743
4.82661
4.86839
4.866
4.85956
4.86697
4.88968
4.83037
4.81428
4.86805
4.83555
4.8626
4.87519
4.86201
4.86734
4.83198
4.84141
4.90061
4.87618
4.87753
4.92087
4.8301
4.8573
4.88999
4.87652
4.88359
4.87141
4.84822
4.86473
4.7826
4.78312
4.80851
4.81939
4.79469
4.79011
4.80337
4.80711
4.75609
4.7573
4.78231
4.79222
4.72135
4.79187
4.74516
4.77114
4.76336
4.72784
4.72443
4.72962
4.75932
4.7141
4.69234
4.67823
4.69712
4.64496
4.60686
4.63841
4.63402
4.59159
4.6476
4.61553
4.56785
4.59806
4.57767
4.55931
4.58221
4.55579
4.52292
4.54907
4.52815
4.53818
4.44136
4.46495
4.47669
4.47254
4.47048
4.41765
4.40965
4.41759
4.4037
4.40286
4.36921
4.37536
4.39453
4.34529
4.33267
4.32928
4.31686
4.2983
4.2931
4.27463
4.24995
4.26016
4.26805
4.2687
4.2531
4.24281
4.21501
4.20966
4.20456
4.21768
4.17551
4.17996
4.17418
4.13365
4.12818
4.10949
4.13857
4.09742
4.08506
4.08411
4.05099
4.0495
4.0432
4.05276
4.02404
3.98965
3.99017
3.9741
3.9527
3.94446
3.94429
3.92088
3.91958
3.90198
3.86824
3.85024
3.83425
3.80544
3.79478
3.77928
3.75561
3.73177
3.71537
3.685
3.66537
3.6251
3.60006
3.55261
3.4202
