5.00217
5.0683
5.06178
5.06784
5.07917
5.05459
5.06444
5.07154
5.07571
5.05127
5.03856
5.06577
5.04408
5.00118
5.02798
5.03433
5.02935
4.97134
4.97928
5.01633
4.98455
5.02123
4.95491
4.97464
4.92936
4.92585
4.96442
4.91553
4.91886
4.90398
4.87321
4.89732
4.90631
4.9009
4.88049
4.89255
4.86365
4.89262
4.86972
4.90418
4.83714
4.8937
4.82637
4.86069
4.8205
4.8444
4.84009
4.78468
4.77331
4.82191
4.83152
4.87296
4.82303
4.84897
4.84758
4.75163
4.79051
4.79586
4.83239
4.797
4.8219
4.80123
4.80445
4.84184
4.79983
4.79301
4.77497
4.8111
4.8351
4.78921
4.77822
4.83522
4.84612
4.85689
4.80996
4.77573
4.8654
4.80742
4.87566
4.88071
4.87592
4.81501
4.79761
4.78796
4.83431
4.84088
4.83755
4.81206
4.82621
4.86636
4.81473
4.81618
4.81879
4.7611
4.86847
4.7874
4.85545
4.82473
4.81882
4.85635
4.82356
4.81454
4.79307
4.82321
4.82105
4.86234
4.77356
4.85116
4.89762
4.85167
4.8814
4.84434
4.84203
4.834
4.89862
4.88469
4.81422
4.87488
4.84695
4.84007
4.80543
4.93553
4.86611
4.85069
4.76024
4.8626
4.82489
4.89977
4.91143
4.8017
4.84458
4.83491
4.82439
4.9267
4.78908
4.88334
4.84598
4.89044
4.85313
4.83657
4.85137
4.83223
4.85838
4.81186
4.83514
4.83429
4.83684
4.82915
4.81836
4.82658
4.84125
4.84416
4.87
4.82021
4.80243
4.84469
4.82311
4.87515
4.79837
4.8392
4.84255
4.79553
4.80804
4.78678
4.84798
4.85779
4.83158
4.81178
4.81497
4.82151
4.81847
4.82849
4.81204
4.80029
4.7755
4.82493
4.84126
4.83644
4.79565
4.77681
4.74528
4.83726
4.77693
4.80275
4.79089
4.76673
4.81446
4.78719
4.78663
4.79907
4.76988
4.82452
4.80408
4.84113
4.78073
4.81471
4.82773
4.78431
4.80982
4.78983
4.77613
4.78342
4.81782
4.80612
4.81848
4.81458
4.74839
4.82574
4.8228
4.779
4.8364
4.82291
4.81846
4.80396
4.84079
4.82191
4.83753
4.81799
4.78447
4.75971
4.82733
4.78227
4.82743
4.81095
4.82035
4.80305
4.86156
4.79182
4.79451
4.80558
4.87759
4.83092
4.80334
4.85722
4.7748
4.74353
4.72904
4.79813
4.79553
4.79857
4.80796
4.8162
4.8002
4.81648
4.77279
4.88448
4.75959
4.77913
4.83164
4.85135
4.80469
4.85556
4.72562
4.85136
4.81598
4.80463
4.84611
4.7951
4.81375
4.80248
4.77682
4.79847
4.80957
4.80361
4.76495
4.80442
4.82193
4.75431
4.79576
4.80598
4.79037
4.73769
4.7683
4.75166
4.8471
4.77908
4.77474
4.78703
4.74501
4.72455
4.7839
4.77256
4.78198
4.73298
4.73697
4.72279
4.70428
4.77382
4.74648
4.69917
4.74062
4.70981
4.74605
4.69224
4.68522
4.73491
4.73384
4.71012
4.69905
4.67458
4.66207
4.62604
4.67039
4.65443
4.65719
4.67524
4.64012
4.66265
4.63376
4.64473
4.66248
4.63318
4.62015
4.62146
4.59884
4.56417
4.58834
4.586
4.55869
4.56918
4.57732
4.56171
4.56031
4.53193
4.57152
4.54171
4.55662
4.57145
4.54084
4.55235
4.52705
4.4799
4.57885
4.55426
4.53361
4.50617
4.54289
4.5186
4.55264
4.52761
4.52663
4.50755
4.51096
4.49644
4.50846
4.50367
4.54461
4.53767
4.50072
4.5275
4.52608
4.4994
4.49926
4.51218
4.52219
4.57421
4.53518
4.5568
4.54021
4.53578
4.57191
4.54139
4.56815
4.56597
4.57235
4.60871
4.58271
4.58751
4.63086
4.65714
4.64901
4.59989
4.66374
4.67815
4.67887
4.66198
4.68701
4.71602
4.68549
4.71172
4.7171
4.70239
4.72529
4.75828
4.77974
4.77812
4.77509
4.78017
4.7655
4.78998
4.79271
4.76789
4.78186
4.78028
4.77629
4.73809
4.72141
4.67171
4.62714
4.47244
