4.76545
4.78905
4.79497
4.8057
4.81265
4.80243
4.79384
4.80263
4.79642
4.77554
4.8014
4.76434
4.76626
4.7656
4.77303
4.75031
4.75236
4.76235
4.76399
4.75404
4.76333
4.77256
4.77372
4.7461
4.74872
4.75033
4.75574
4.72229
4.73386
4.72429
4.73284
4.74216
4.67413
4.69015
4.72844
4.67233
4.72474
4.69633
4.70034
4.69903
4.66465
4.69934
4.66672
4.68981
4.71385
4.68352
4.69315
4.69174
4.66001
4.69708
4.70048
4.71466
4.73637
4.67221
4.6697
4.71002
4.68493
4.67785
4.65726
4.74528
4.74658
4.71664
4.72241
4.70392
4.70484
4.7569
4.71715
4.72211
4.69902
4.70587
4.69719
4.70121
4.66375
4.68584
4.71123
4.67843
4.73971
4.72259
4.70642
4.72523
4.73803
4.69394
4.69755
4.66459
4.66904
4.69952
4.79718
4.70955
4.72551
4.67133
4.73654
4.78002
4.72566
4.75067
4.70045
4.71022
4.74645
4.7324
4.77816
4.74733
4.73102
4.72619
4.73011
4.73256
4.75731
4.75571
4.75853
4.77403
4.75313
4.73934
4.73553
4.74128
4.72264
4.74185
4.78087
4.75651
4.76415
4.75091
4.74184
4.77301
4.69626
4.74243
4.74395
4.76928
4.75891
4.70255
4.78714
4.81861
4.78784
4.75894
4.70816
4.67552
4.69285
4.72177
4.69036
4.76628
4.72949
4.76379
4.70817
4.75859
4.75859
4.71354
4.75389
4.71958
4.72505
4.71429
4.74905
4.70943
4.74294
4.73989
4.69386
4.73526
4.71939
4.74866
4.75144
4.70757
4.69311
4.75193
4.72751
4.71433
4.67522
4.74247
4.71998
4.70578
4.7775
4.69701
4.64392
4.73453
4.72628
4.72109
4.72146
4.77106
4.7451
4.71302
4.70935
4.74657
4.67728
4.76292
4.71957
4.72747
4.71834
4.74335
4.68482
4.73788
4.71312
4.70824
4.73443
4.73492
4.71153
4.76146
4.73398
4.76863
4.75242
4.7594
4.73888
4.74197
4.75078
4.71962
4.76266
4.75865
4.75189
4.79408
4.76359
4.76249
4.80355
4.75584
4.78593
4.78795
4.78373
4.74729
4.77232
4.80087
4.79895
4.79365
4.80021
4.8401
4.7699
4.83057
4.77368
4.75101
4.81644
4.83657
4.83985
4.8529
4.85313
4.79855
4.81388
4.85963
4.86711
4.81375
4.84635
4.84604
4.85847
4.83409
4.81606
4.81355
4.82993
4.88676
4.88027
4.82015
4.88504
4.8577
4.89253
4.87901
4.79665
4.81159
4.8298
4.87737
4.88191
4.85867
4.87595
4.8615
4.86365
4.81433
4.9187
4.86432
4.8625
4.82942
4.83804
4.88214
4.88057
4.93199
4.87461
4.85977
4.86424
4.89265
4.83965
4.82142
4.91163
4.90936
4.86187
4.84566
4.85006
4.91542
4.86418
4.8835
4.86809
4.90571
4.84936
4.89407
4.85382
4.90917
4.77921
4.8867
4.81494
4.78925
4.80453
4.82685
4.8568
4.81129
4.8319
4.80562
4.86691
4.86947
4.84811
4.7778
4.79993
4.83251
4.77349
4.76605
4.76326
4.76875
4.82473
4.81201
4.75661
4.69462
4.76772
4.76248
4.78954
4.74404
4.7336
4.75807
4.77767
4.69034
4.75711
4.72876
4.72901
4.70326
4.72609
4.72138
4.68168
4.71996
4.77277
4.6878
4.67633
4.70902
4.68274
4.70163
4.74567
4.71861
4.66871
4.67842
4.71161
4.6782
4.65347
4.67918
4.64313
4.64945
4.66444
4.65034
4.67203
4.64316
4.68062
4.72101
4.67384
4.72485
4.6792
4.68934
4.69666
4.73016
4.69363
4.71131
4.72841
4.72879
4.73331
4.71962
4.75273
4.73454
4.71331
4.73378
4.77831
4.72036
4.76343
4.79013
4.78395
4.83909
4.81989
4.80858
4.85213
4.80427
4.85581
4.85255
4.87061
4.91903
4.92202
4.92335
4.9252
4.94839
4.96301
4.93905
4.9458
4.94874
5.0167
5.00477
5.00363
4.99231
4.99224
5.0059
5.01352
5.02816
5.00725
4.99732
4.97869
4.97086
4.93696
4.91835
4.84494
4.77662
4.67736
4.40848
