5.53482
5.55291
5.55825
5.52463
5.51439
5.54037
5.53692
5.56441
5.556
5.4688
5.51982
5.53141
5.49912
5.51591
5.49266
5.53311
5.49362
5.50503
5.50361
5.53844
5.48559
5.48158
5.46595
5.48161
5.47385
5.44473
5.47465
5.42755
5.41838
5.40461
5.42522
5.4008
5.4553
5.42152
5.40645
5.44564
5.4207
5.43081
5.41475
5.35997
5.37879
5.37417
5.34441
5.3318
5.28976
5.41043
5.34536
5.2541
5.34285
5.33735
5.32027
5.29305
5.39759
5.33951
5.37636
5.32261
5.39452
5.30935
5.3114
5.41949
5.34562
5.38986
5.36577
5.33191
5.40482
5.33621
5.31698
5.31614
5.30227
5.37372
5.37907
5.36586
5.30723
5.29141
5.39603
5.3227
5.40946
5.27617
5.31502
5.38045
5.30651
5.31085
5.26748
5.24079
5.36973
5.32546
5.27303
5.32766
5.30389
5.31524
5.34749
5.28222
5.30116
5.23542
5.35335
5.30445
5.28969
5.27942
5.27138
5.34408
5.31605
5.26439
5.2967
5.38696
5.29456
5.2386
5.338
5.35758
5.33748
5.39504
5.33295
5.28973
5.28246
5.35728
5.26665
5.329
5.27621
5.22817
5.25897
5.33829
5.29952
5.20676
5.31107
5.22782
5.29559
5.33423
5.27728
5.25287
5.36226
5.27551
5.32671
5.24687
5.26852
5.29851
5.2604
5.19017
5.2796
5.25909
5.17554
5.21988
5.30699
5.29082
5.35324
5.3367
5.28993
5.21138
5.26624
5.28006
5.24144
5.23843
5.16412
5.31219
5.2923
5.32468
5.1703
5.27782
5.2126
5.26184
5.28361
5.2955
5.28757
5.21846
5.25456
5.27869
5.24161
5.25529
5.24962
5.24449
5.27464
5.24799
5.30194
5.26232
5.22022
5.2833
5.27153
5.25641
5.29225
5.27477
5.29221
5.26822
5.24041
5.32263
5.23576
5.35385
5.32832
5.23111
5.24949
5.27711
5.30382
5.26403
5.28241
5.29958
5.28942
5.28664
5.24763
5.35769
5.33267
5.31239
5.30526
5.32366
5.30969
5.32837
5.33139
5.35369
5.36908
5.36957
5.33554
5.33977
5.35814
5.28634
5.38609
5.36598
5.4662
5.41785
5.46923
5.38476
5.44053
5.39091
5.4511
5.40061
5.38834
5.50067
5.38703
5.42439
5.46864
5.43365
5.39431
5.41538
5.5151
5.45038
5.39148
5.32977
5.49093
5.45039
5.40631
5.49986
5.48563
5.45861
5.48038
5.42831
5.43126
5.39615
5.56251
5.53695
5.45887
5.52763
5.45206
5.50181
5.43586
5.53636
5.40508
5.45793
5.55719
5.49899
5.52022
5.45926
5.51609
5.41449
5.49006
5.44482
5.4572
5.41956
5.55071
5.59162
5.51012
5.55481
5.61305
5.4062
5.47067
5.44094
5.36838
5.49622
5.44069
5.4349
5.40051
5.45621
5.42531
5.54948
5.43846
5.42916
5.42899
5.41091
5.41344
5.41873
5.35754
5.42044
5.33928
5.37699
5.38925
5.45455
5.33965
5.31658
5.36865
5.29643
5.38914
5.33234
5.33544
5.2967
5.31677
5.23108
5.26054
5.19544
5.26379
5.28646
5.20477
5.16478
5.19848
5.14231
5.11581
5.24244
5.22633
5.2224
5.11173
5.03998
5.18288
5.0995
5.12299
5.0868
5.1044
5.08345
5.08147
5.07699
5.09212
5.04853
5.04712
5.05268
5.07388
5.05122
4.97378
4.99933
5.08118
5.03382
4.95224
4.97773
4.97919
4.98945
4.98545
5.00489
4.93687
4.98353
4.97081
4.97389
4.9595
4.96602
4.97904
4.99958
4.98082
4.94608
4.97145
5.0133
4.95165
4.95054
5.01328
5.00589
4.91887
5.08007
5.0349
5.00384
5.09465
5.01513
5.06017
5.13461
5.06069
5.11868
5.11771
5.1147
5.14929
5.14596
5.13873
5.16951
5.21321
5.19735
5.18617
5.28372
5.18468
5.29271
5.31034
5.32117
5.35321
5.35609
5.35126
5.31985
5.3618
5.34388
5.36795
5.36962
5.3905
5.42913
5.38047
5.39033
5.34768
5.369
5.30554
5.28784
5.23945
5.18019
5.08089
4.95021
4.76286
4.34814
