5.28127
5.373
5.3798
5.38098
5.39792
5.39166
5.37636
5.3801
5.41196
5.36071
5.39875
5.34768
5.34541
5.34139
5.35107
5.31983
5.28793
5.26591
5.31645
5.29891
5.29701
5.30824
5.24041
5.24643
5.25362
5.27576
5.20537
5.21215
5.16992
5.19927
5.18169
5.19204
5.07546
5.20157
5.15536
5.15777
5.11444
5.10117
5.10067
5.06152
5.08874
5.13167
5.08013
5.08324
5.03326
5.08922
5.08019
5.11897
5.02624
5.06094
5.0945
5.10183
5.091
5.02324
5.11026
5.01475
5.07636
5.00739
5.02307
5.07325
5.05367
4.95624
5.02353
5.08701
5.0791
5.02893
5.05869
5.05244
5.01387
5.04046
4.98548
5.02886
5.00776
4.98317
5.03518
5.0202
5.04064
5.00114
5.01003
5.07726
5.01998
5.03889
5.05895
5.07185
5.05175
5.03091
5.13909
5.07307
5.02719
4.98433
5.05412
5.03377
5.09223
5.04206
5.00216
5.05133
5.0886
4.99167
5.04601
5.05685
5.05272
5.03164
5.08947
5.06555
5.06565
5.0169
5.07329
5.0983
5.08916
5.03928
5.05286
5.07983
5.03913
5.1707
5.04359
5.0959
5.02254
5.09426
5.16679
5.14306
5.02495
5.05357
5.02854
5.07769
5.08799
5.09879
5.00787
5.08709
5.08122
5.04611
5.09474
4.99979
5.12146
5.06276
5.07126
5.08583
5.0991
5.09777
5.10464
5.09675
5.1294
5.0796
5.07235
5.09659
5.06327
5.03297
5.06488
5.04597
4.96382
5.02305
5.04193
5.0197
5.04035
4.99057
5.06638
5.08271
5.03584
4.97942
5.0157
4.99765
5.02147
5.02282
5.0538
5.01104
4.99306
5.04949
4.98707
5.04524
4.94288
5.02564
5.02968
4.98494
4.98164
5.02004
4.96854
4.99223
4.99124
5.04668
5.01029
4.9475
4.97736
4.98809
4.96033
4.99058
5.01286
4.99034
4.9813
5.02283
4.98923
5.00363
5.00141
5.00678
4.99666
5.03817
4.96114
4.97121
4.98767
4.99179
4.97834
4.98975
4.98309
4.97753
4.91453
4.94323
4.99416
4.95911
4.9827
4.96363
4.96382
4.97177
4.95922
4.96615
4.93384
4.9478
5.00639
4.96409
4.90086
4.92451
4.95681
4.98018
4.93816
4.95195
5.00604
5.00021
4.96836
5.00705
4.91751
4.93062
4.96033
4.97787
4.91057
4.95965
4.93548
4.98058
4.97633
4.99642
4.93002
4.92052
4.91849
5.00889
4.91012
4.99088
4.9059
4.89386
4.94109
4.95069
4.94694
4.90006
5.00291
4.98824
4.92159
4.92938
4.9195
4.98056
4.9457
4.91912
4.95555
4.92259
4.98644
4.95071
4.97422
4.97112
4.96019
4.94642
4.9393
4.92294
4.96249
4.9073
4.90993
4.87933
4.9711
4.98929
4.92541
4.96079
4.90156
4.94898
5.00465
4.93725
4.93375
4.94119
4.95655
4.86912
4.90654
4.89164
4.82975
4.90886
4.89773
4.89342
4.87277
4.91369
4.93807
4.83675
4.87172
4.8019
4.86234
4.85489
4.86153
4.81465
4.84153
4.90221
4.80508
4.7608
4.85179
4.81927
4.8316
4.79545
4.7894
4.78247
4.78137
4.8035
4.78942
4.71584
4.73512
4.68252
4.7099
4.72876
4.7609
4.68741
4.71905
4.75021
4.71149
4.70978
4.68488
4.6965
4.6934
4.65218
4.63893
4.62053
4.65389
4.59859
4.63
4.63736
4.61221
4.56809
4.61401
4.64904
4.58718
4.5961
4.61138
4.56602
4.6027
4.58751
4.58184
4.55556
4.55813
4.55331
4.5206
4.55367
4.54775
4.50186
4.50318
4.51939
4.51747
4.50196
4.54821
4.55509
4.52083
4.56171
4.5672
4.55374
4.54638
4.54869
4.55357
4.53451
4.56035
4.55421
4.54396
4.54507
4.5718
4.57169
4.57116
4.5793
4.58002
4.58865
4.6183
4.62747
4.60167
4.64202
4.64259
4.66385
4.68112
4.65321
4.68008
4.66996
4.70601
4.75169
4.70039
4.73198
4.73986
4.73623
4.74496
4.72935
4.7299
4.73544
4.72897
4.70249
4.68439
4.65894
4.61311
4.48185
