4.72263
4.80353
4.83497
4.8705
4.88277
4.90308
4.87657
4.88579
4.93963
4.90523
4.92787
4.89264
4.92181
4.8918
4.90426
4.90649
4.948
4.93593
4.88435
4.88731
4.90601
4.88768
4.86206
4.88224
4.83732
4.86461
4.83957
4.83165
4.84735
4.8361
4.86997
4.799
4.81867
4.78582
4.806
4.80397
4.74852
4.79506
4.77899
4.81468
4.71727
4.7431
4.77557
4.77317
4.74934
4.71793
4.70816
4.74447
4.70781
4.76683
4.77022
4.72667
4.7441
4.7743
4.73536
4.70526
4.76678
4.7091
4.76773
4.68236
4.71473
4.7467
4.72449
4.72947
4.70082
4.73363
4.70457
4.78935
4.70534
4.73088
4.73184
4.73537
4.78679
4.77661
4.79957
4.7268
4.76256
4.77401
4.73968
4.77602
4.8111
4.77398
4.76361
4.71836
4.78847
4.78417
4.75938
4.74769
4.75039
4.78131
4.79385
4.78409
4.81592
4.75848
4.77122
4.79431
4.77832
4.80879
4.80307
4.79081
4.82062
4.75332
4.78048
4.79993
4.81658
4.77197
4.79612
4.77677
4.79844
4.81277
4.77981
4.80266
4.82088
4.78613
4.77949
4.81494
4.76951
4.82811
4.80063
4.75181
4.81123
4.79348
4.77871
4.77611
4.7669
4.81872
4.78855
4.82153
4.80886
4.84934
4.77791
4.77372
4.78832
4.77442
4.77278
4.80751
4.74079
4.81519
4.82374
4.75476
4.73473
4.77975
4.80046
4.72077
4.79126
4.80499
4.76408
4.74833
4.76407
4.73629
4.74874
4.7555
4.72167
4.73439
4.75864
4.74045
4.8178
4.74961
4.73648
4.78679
4.79484
4.7436
4.74416
4.72474
4.76482
4.75907
4.73246
4.78566
4.74968
4.78269
4.76853
4.736
4.76482
4.80366
4.70456
4.75876
4.7596
4.77609
4.76919
4.72562
4.70843
4.77465
4.77596
4.76708
4.72822
4.78138
4.75846
4.80354
4.75327
4.76728
4.7609
4.79756
4.78161
4.7594
4.74448
4.74731
4.74692
4.76917
4.75032
4.78082
4.75413
4.75646
4.76421
4.75207
4.77546
4.76378
4.74332
4.78636
4.82798
4.83871
4.79907
4.80813
4.81752
4.80396
4.82963
4.83398
4.7832
4.82007
4.8504
4.83435
4.81644
4.82225
4.8655
4.83212
4.80351
4.79298
4.82311
4.85347
4.85564
4.86914
4.85916
4.87884
4.88533
4.87047
4.85779
4.82354
4.82865
4.84277
4.886
4.89444
4.86656
4.84944
4.86806
4.8504
4.86161
4.86684
4.90946
4.89546
4.9385
4.91747
4.91508
4.88586
4.90982
4.89242
4.8727
4.91748
4.90965
4.96368
4.91255
4.9298
4.90796
4.96929
4.88565
4.94821
4.99325
4.96962
4.92844
4.95171
4.9378
4.95747
4.89609
4.91313
4.92192
4.98978
4.91685
4.96002
4.89602
4.92832
4.9409
4.98062
4.96024
4.94109
4.95095
4.96741
4.98093
4.8869
4.96727
4.90186
4.9112
4.89818
4.89662
4.91997
4.9868
4.90122
4.97674
4.93623
4.93029
4.92379
4.91841
4.84608
4.93542
4.91986
4.91504
4.89067
4.89399
4.88902
4.90823
4.93109
4.88128
4.88856
4.89657
4.94761
4.88751
4.88399
4.83367
4.85939
4.82329
4.86451
4.86059
4.84623
4.88525
4.85812
4.91117
4.85242
4.89983
4.83813
4.8232
4.83106
4.82458
4.85815
4.84848
4.86347
4.84401
4.8249
4.855
4.84536
4.8864
4.8362
4.87302
4.85391
4.83621
4.85437
4.8427
4.81409
4.83527
4.83262
4.84547
4.81203
4.82593
4.86299
4.83816
4.82528
4.8721
4.87711
4.88772
4.85383
4.87878
4.93976
4.92094
4.94853
4.92426
4.97808
4.94281
4.95081
4.97243
4.9114
4.98311
5.02565
4.99648
5.01994
4.97593
5.02266
5.02866
5.04458
5.04451
5.06433
5.06932
5.12211
5.11356
5.06615
5.12458
5.12336
5.1405
5.17193
5.16632
5.1618
5.19763
5.20683
5.18772
5.24482
5.25981
5.19535
5.19749
5.21764
5.2138
5.20919
5.18035
5.14174
5.09795
4.94738
