5.52116
5.56058
5.56191
5.55765
5.56011
5.53566
5.60344
5.61076
5.56513
5.61312
5.52743
5.53354
5.49057
5.52797
5.56393
5.55418
5.53782
5.5368
5.59748
5.49566
5.54433
5.49017
5.5089
5.47977
5.4589
5.49676
5.54439
5.51156
5.42423
5.45755
5.41095
5.38277
5.43058
5.37905
5.43834
5.41287
5.44971
5.43817
5.41232
5.41149
5.40296
5.40115
5.42879
5.40855
5.45651
5.38128
5.42763
5.40968
5.32032
5.34505
5.39472
5.3763
5.35517
5.38113
5.36229
5.40322
5.37945
5.37743
5.40764
5.35414
5.40032
5.31316
5.37817
5.38003
5.37593
5.3639
5.33776
5.41664
5.31399
5.32937
5.31601
5.38935
5.4462
5.43081
5.34539
5.37851
5.40946
5.39891
5.31814
5.37003
5.34894
5.36381
5.37129
5.44516
5.38785
5.33876
5.40742
5.3379
5.32363
5.46501
5.42956
5.44011
5.26031
5.35523
5.41262
5.40069
5.3996
5.35713
5.28398
5.44562
5.39949
5.40125
5.39352
5.39861
5.30802
5.40494
5.40641
5.41512
5.32694
5.38735
5.39653
5.44183
5.3331
5.36834
5.40433
5.3649
5.36119
5.45516
5.4398
5.36334
5.39693
5.32496
5.34591
5.38171
5.39511
5.39277
5.30025
5.37373
5.38825
5.35367
5.34786
5.33765
5.28773
5.36744
5.34561
5.32366
5.32543
5.37427
5.34937
5.36472
5.26034
5.38945
5.32647
5.3136
5.30863
5.33413
5.30922
5.3365
5.33319
5.34194
5.34443
5.38817
5.4297
5.3343
5.37636
5.31662
5.28074
5.29279
5.31279
5.32512
5.40011
5.23637
5.22352
5.2953
5.32361
5.30612
5.37043
5.3341
5.39056
5.30294
5.32656
5.25484
5.35808
5.24177
5.2892
5.30085
5.2972
5.3192
5.3372
5.34203
5.41517
5.34773
5.25496
5.38755
5.33066
5.27636
5.28892
5.35122
5.38986
5.33815
5.36177
5.30927
5.37089
5.33164
5.28672
5.31246
5.40005
5.34771
5.30526
5.33076
5.37657
5.40871
5.32659
5.40392
5.41695
5.35757
5.36365
5.36243
5.38417
5.37533
5.34476
5.38259
5.43596
5.41785
5.38647
5.36451
5.48599
5.43627
5.39299
5.45476
5.43244
5.4089
5.48023
5.41218
5.48242
5.457
5.44862
5.44128
5.45657
5.45383
5.50714
5.42686
5.41906
5.4834
5.48021
5.54496
5.52153
5.50538
5.46109
5.41404
5.39601
5.48514
5.46604
5.50658
5.48288
5.51452
5.52776
5.55063
5.57279
5.56966
5.56564
5.45793
5.52921
5.54932
5.47634
5.49721
5.44736
5.55043
5.48135
5.42081
5.49597
5.61802
5.41956
5.57066
5.5148
5.31806
5.47541
5.4347
5.49759
5.46669
5.54498
5.5054
5.57597
5.44763
5.47515
5.48254
5.51865
5.43899
5.44686
5.41283
5.50748
5.41091
5.48622
5.37599
5.41508
5.37714
5.4108
5.45823
5.40893
5.26281
5.48697
5.41302
5.25084
5.27346
5.33341
5.30463
5.2913
5.3067
5.33062
5.27677
5.35861
5.35135
5.25765
5.26126
5.22169
5.22404
5.26241
5.26335
5.23385
5.32026
5.24074
5.21679
5.16326
5.21034
5.18547
5.11553
5.25223
5.08243
5.09115
5.06851
5.1654
5.12024
5.18949
5.11803
5.06106
5.1443
5.10467
5.07116
5.10001
4.99758
5.05564
4.99977
5.05059
5.0239
5.04159
5.00432
5.03057
5.02353
5.039
5.006
4.97701
4.96784
5.09761
5.07281
5.03263
5.07159
5.02639
5.01565
5.02606
5.0345
5.07717
5.08598
5.08108
5.08496
5.10038
5.10494
5.07566
5.11677
5.07408
5.0844
5.17795
5.16418
5.15985
5.18138
5.16372
5.19746
5.27246
5.20009
5.24748
5.27801
5.28987
5.3088
5.33572
5.35094
5.37519
5.3943
5.40254
5.4259
5.51673
5.51079
5.51996
5.53057
5.52908
5.57289
5.56866
5.62024
5.63157
5.56511
5.58467
5.61952
5.6101
5.57356
5.5541
5.55827
5.52176
5.46058
5.4172
5.28595
5.16606
4.85755
