5.28332
5.37249
5.40706
5.42346
5.41263
5.40781
5.38968
5.37468
5.38482
5.36933
5.36285
5.35867
5.33553
5.34318
5.29428
5.30368
5.32189
5.30663
5.28669
5.25821
5.26443
5.28331
5.24872
5.25641
5.1642
5.18706
5.151
5.19256
5.16484
5.12922
5.16284
5.1641
5.14732
5.16335
5.12288
5.14315
5.11868
5.1082
5.12706
5.09641
5.06876
5.09018
5.07571
5.05931
5.04319
5.02211
5.03892
5.04546
5.02474
5.01182
5.04383
5.04972
5.02028
5.02639
4.98912
5.04766
5.03837
5.0648
5.00998
5.04462
5.00273
5.00187
5.12465
4.97746
5.05493
5.04894
5.00811
5.10869
5.08585
5.02201
5.00638
4.99626
5.00594
5.05227
5.06667
5.07327
4.97923
5.01788
5.08328
5.04657
5.03373
5.02116
5.04041
5.0347
5.05593
5.06806
4.98391
5.04513
5.0014
5.02545
5.067
5.07227
5.04819
5.05923
5.05938
5.0578
5.13408
5.14161
5.10181
5.0288
5.03351
5.0824
5.09887
5.0837
5.08169
5.06223
5.12859
5.0936
5.0596
5.09721
5.12068
5.09848
5.09066
5.14206
5.10263
5.11017
5.07651
5.1306
5.14583
5.1306
5.07514
5.15547
5.11182
5.1106
5.07208
5.14502
5.1661
5.17608
5.11853
5.10515
5.0924
5.11775
5.11171
5.11528
5.12704
5.0701
5.10376
5.08649
5.13538
5.14889
5.07448
5.04759
5.07023
5.10563
5.17333
5.07012
5.05651
5.08124
5.13064
5.01342
5.09657
5.12728
5.13556
5.05155
5.0484
5.02912
5.01704
5.09561
5.13797
5.02996
5.12654
5.00323
5.02248
5.03587
5.06428
5.04408
5.08053
5.0843
5.05145
5.0665
5.0382
5.07649
5.01289
5.02656
5.09069
4.9611
5.03114
4.99853
5.00138
5.07462
5.08
5.09327
5.0654
4.99195
5.04244
5.05142
4.98002
5.0162
4.97697
4.98765
4.98463
5.01982
4.97553
4.98487
4.9724
5.02122
4.99443
5.00093
5.00079
4.9765
4.98641
5.0076
4.99909
5.02027
5.01486
5.0437
4.99032
4.97553
5.01386
4.96373
4.95004
4.93369
5.02283
4.98002
4.98771
5.02535
4.96652
5.01126
4.94113
4.98018
4.94081
4.99698
4.99112
5.00475
4.98617
4.99445
4.93833
5.00019
4.98181
4.98411
4.95456
5.00294
4.96933
4.96781
4.91554
4.95884
4.99562
4.95794
5.03011
4.95294
4.97034
4.99262
4.99844
5.06121
5.00312
5.01587
4.95884
5.01174
5.05477
4.98095
5.06529
4.94463
4.99394
5.1086
4.99238
5.01507
5.03085
5.00403
5.01328
5.04466
4.93152
4.98791
4.99553
5.02498
5.06789
5.05163
5.04341
4.99773
5.07576
4.98794
5.01455
5.08576
5.07573
4.99775
4.94867
5.07885
4.98088
5.03913
4.99951
5.04409
5.01853
5.01679
5.00702
5.01638
5.03351
5.03288
4.96538
5.02221
4.99647
5.06401
5.00425
5.04428
5.03993
4.97419
4.97869
4.9934
4.9765
4.94533
5.04016
5.07033
5.0246
5.02921
4.95945
4.97186
4.98254
4.97924
5.02951
4.95418
4.90914
4.93011
4.87731
4.97112
4.89888
4.97113
4.99032
4.91628
4.92374
4.9214
4.94647
4.97692
4.97527
4.96349
4.90491
4.86686
4.91224
4.96821
4.98661
4.84198
4.88128
4.86231
4.83641
4.92463
4.91148
4.8684
4.89216
4.85179
4.8546
4.88318
4.85743
4.87714
4.8301
4.86568
4.87269
4.88069
4.83645
4.85109
4.84431
4.77197
4.81935
4.82391
4.87792
4.85141
4.87323
4.81125
4.85387
4.81854
4.85133
4.84499
4.83881
4.88454
4.88276
4.86778
4.84364
4.89485
4.88223
4.89809
4.93281
4.92009
4.89126
4.89052
4.96101
4.92137
4.9335
4.93806
4.93905
4.95716
4.93316
4.96224
4.96372
5.00319
4.97869
5.01622
4.99826
5.03502
5.04211
5.04723
5.03306
5.04209
5.03561
5.05645
5.0643
5.05063
5.06097
5.06056
5.08324
5.07681
5.071
5.08016
5.05746
4.99469
