5.45943
5.57307
5.64481
5.69921
5.73568
5.7321
5.74462
5.72763
5.78187
5.80575
5.79099
5.79258
5.77358
5.71397
5.73705
5.72359
5.77718
5.72344
5.67916
5.72087
5.67602
5.64346
5.63001
5.64587
5.61408
5.62438
5.57666
5.56448
5.51291
5.55706
5.57198
5.57184
5.53372
5.56814
5.47703
5.51992
5.48021
5.50056
5.56045
5.48708
5.48203
5.47879
5.41041
5.43837
5.40427
5.49184
5.37587
5.43815
5.41037
5.41934
5.38628
5.3791
5.42458
5.44801
5.41457
5.42202
5.35898
5.42759
5.37379
5.40007
5.30631
5.30491
5.44091
5.34358
5.37593
5.32726
5.45425
5.34575
5.31696
5.38367
5.4422
5.35284
5.36427
5.28566
5.4067
5.30723
5.37399
5.31536
5.32762
5.43166
5.37665
5.32365
5.37843
5.44516
5.36264
5.36985
5.39993
5.40722
5.42561
5.43998
5.39838
5.46531
5.4869
5.47406
5.36045
5.41638
5.41539
5.41393
5.44801
5.45854
5.41528
5.41321
5.41332
5.4434
5.47161
5.50023
5.35994
5.44825
5.45908
5.43922
5.38094
5.41698
5.40417
5.37584
5.40832
5.50168
5.46478
5.37071
5.5022
5.38569
5.41283
5.379
5.46915
5.45051
5.39511
5.40051
5.38653
5.33761
5.39589
5.3873
5.35872
5.41224
5.46463
5.36744
5.43689
5.45241
5.29234
5.41565
5.35638
5.35062
5.49597
5.3641
5.40694
5.41194
5.32143
5.38626
5.36248
5.37035
5.32661
5.34194
5.39686
5.3917
5.36542
5.44033
5.33028
5.31662
5.36106
5.27852
5.30981
5.29262
5.3049
5.36012
5.30729
5.29811
5.3821
5.34062
5.39916
5.28355
5.38737
5.34556
5.43008
5.38451
5.43143
5.31983
5.30743
5.35729
5.31488
5.44433
5.3372
5.36337
5.32515
5.39855
5.26151
5.31485
5.34014
5.31387
5.33811
5.30222
5.3231
5.32728
5.36851
5.30151
5.32382
5.31059
5.29025
5.35581
5.32582
5.33949
5.29265
5.2654
5.34891
5.27623
5.37826
5.30083
5.33014
5.32482
5.38886
5.31406
5.38639
5.33768
5.32728
5.35439
5.38221
5.34044
5.34424
5.42194
5.34634
5.36685
5.41555
5.38361
5.33422
5.39157
5.41348
5.39432
5.40117
5.34847
5.41291
5.34108
5.39697
5.45731
5.40762
5.43716
5.41233
5.37985
5.42309
5.40184
5.46659
5.42227
5.44981
5.38987
5.43126
5.42798
5.33468
5.38468
5.40278
5.39021
5.41755
5.36542
5.3917
5.37533
5.35201
5.44182
5.46864
5.41718
5.39726
5.55191
5.48504
5.44167
5.43562
5.4169
5.42081
5.37792
5.3459
5.3392
5.35871
5.36714
5.353
5.3494
5.44492
5.37729
5.38347
5.41148
5.34822
5.4349
5.34124
5.31218
5.40908
5.30101
5.35317
5.30621
5.30757
5.34611
5.3379
5.24837
5.26626
5.2957
5.31496
5.3331
5.24562
5.17243
5.30875
5.25487
5.22107
5.25135
5.21491
5.23752
5.29458
5.13299
5.17445
5.19968
5.15257
5.19544
5.1243
5.15433
5.16969
5.12512
5.11872
5.12999
5.09249
5.13593
5.10106
5.11209
5.00455
5.10644
5.02494
5.0134
5.10245
4.99364
5.05306
5.01418
5.03083
4.9881
5.01038
5.00267
4.95781
4.95971
4.94495
4.92778
4.97208
4.92377
4.93124
4.9155
4.93378
4.91386
4.86713
4.91017
4.87029
4.88318
4.86129
4.85772
4.8524
4.84573
4.87913
4.92045
4.82241
4.88986
4.8193
4.91934
4.90991
4.85043
4.84813
4.90986
4.91875
4.88731
4.91415
4.89246
4.87663
4.90572
4.9088
4.90974
4.90835
4.93319
4.9668
4.98484
4.97896
4.98391
4.99157
5.02122
5.02491
5.05092
5.05352
5.07031
5.12812
5.09069
5.10993
5.1241
5.20008
5.16831
5.14461
5.24111
5.26785
5.24519
5.30243
5.26882
5.32661
5.30397
5.31022
5.39205
5.38377
5.35136
5.34897
5.36302
5.28618
5.3097
5.26034
5.20845
5.14445
5.02735
4.8935
4.6252
