3.58723
3.54183
3.49409
3.4669
3.43886
3.41351
3.40465
3.38718
3.38024
3.36908
3.36358
3.36936
3.35692
3.35673
3.36222
3.36613
3.36598
3.36209
3.35545
3.36
3.36068
3.36857
3.38065
3.37775
3.38303
3.38619
3.39299
3.38177
3.39846
3.39394
3.40235
3.40395
3.41712
3.41934
3.42325
3.42817
3.4212
3.43315
3.43334
3.44512
3.44386
3.44441
3.45317
3.45946
3.45741
3.46044
3.47568
3.48837
3.47739
3.49379
3.49882
3.50077
3.5088
3.50861
3.51364
3.52985
3.53058
3.53235
3.55127
3.55802
3.55609
3.56776
3.56749
3.56853
3.58705
3.5875
3.58843
3.58711
3.59615
3.59917
3.60288
3.63404
3.61486
3.63964
3.63585
3.64351
3.63494
3.65694
3.66697
3.66872
3.67996
3.66134
3.68752
3.68169
3.69248
3.69934
3.70132
3.70119
3.70064
3.72834
3.72138
3.71938
3.72867
3.72964
3.74456
3.73349
3.73929
3.76123
3.74991
3.7561
3.75495
3.76573
3.78265
3.76148
3.78774
3.77637
3.79146
3.7933
3.77311
3.77551
3.78561
3.78573
3.78906
3.79507
3.77806
3.77868
3.77789
3.79335
3.79157
3.78135
3.78213
3.7966
3.77458
3.80073
3.78302
3.78057
3.79361
3.80666
3.7811
3.79658
3.77245
3.77057
3.78719
3.78127
3.77896
3.79025
3.76698
3.76207
3.76207
3.75908
3.77738
3.76775
3.75907
3.75579
3.75485
3.73913
3.7711
3.74583
3.73053
3.74289
3.73499
3.73421
3.73643
3.72367
3.71537
3.71863
3.71805
3.70385
3.69573
3.70429
3.69881
3.691
3.69752
3.70324
3.68458
3.68863
3.68119
3.67833
3.67336
3.66907
3.67412
3.65861
3.66555
3.66132
3.65588
3.65301
3.64204
3.63504
3.63848
3.62981
3.64352
3.62006
3.64679
3.62604
3.63132
3.61904
3.61954
3.61362
3.6191
3.61041
3.62443
3.61439
3.60475
3.59479
3.58655
3.61363
3.58195
3.57932
3.56591
3.53577
3.55173
3.55756
3.57274
3.57693
3.5823
3.57689
3.58354
3.57402
3.58259
3.58652
3.58553
3.58553
3.5835
3.59676
3.5932
3.58088
3.58245
3.58905
3.58785
3.60341
3.58624
3.61225
3.59322
3.60469
3.61186
3.59467
3.60363
3.6074
3.58032
3.59676
3.58389
3.57557
3.57822
3.60248
3.59166
3.59928
3.56671
3.61666
3.59405
3.58751
3.603
3.58272
3.59856
3.62207
3.57596
3.60894
3.59051
3.62764
3.59027
3.60563
3.6019
3.57052
3.59755
3.58248
3.61353
3.61086
3.59525
3.58205
3.61411
3.58567
3.60174
3.59269
3.61111
3.58126
3.59862
3.59015
3.57163
3.56334
3.59377
3.5739
3.60965
3.57269
3.55323
3.58504
3.5967
3.59024
3.5938
3.54003
3.56367
3.55826
3.56931
3.5637
3.54496
3.56126
3.5502
3.56107
3.55476
3.54898
3.55493
3.55695
3.55099
3.55355
3.54231
3.53837
3.53414
3.54327
3.51924
3.53685
3.54187
3.51998
3.53349
3.52044
3.51485
3.51606
3.51835
3.52687
3.51095
3.4823
3.50976
3.49657
3.50755
3.49802
3.46982
3.47438
3.50317
3.47417
3.48265
3.4798
3.49593
3.50311
3.49764
3.49521
3.47217
3.46441
3.49567
3.47328
3.46934
3.47875
3.46505
3.46069
3.46024
3.45568
3.44258
3.44256
3.4512
3.46386
3.46582
3.45552
3.43942
3.45177
3.45483
3.46563
3.44135
3.43275
3.43162
3.43432
3.45258
3.45542
3.45061
3.45082
3.43688
3.44384
3.45623
3.45166
3.45749
3.45725
3.45459
3.44122
3.44949
3.44662
3.44723
3.45097
3.45629
3.46017
3.46129
3.45631
3.45125
3.46992
3.46386
3.47177
3.45815
3.4806
3.47794
3.48091
3.47128
3.48109
3.48547
3.47872
3.47636
3.47173
3.46777
3.4805
3.44772
3.48291
3.46683
3.4809
3.47616
3.45005
3.47403
3.4716
3.46374
3.43395
3.45761
3.44503
3.43308
3.41535
3.38897
3.34152
3.28173
3.15699
