5.2173
5.41047
5.46648
5.54342
5.56502
5.57886
5.5699
5.55556
5.5978
5.6061
5.59217
5.58005
5.54733
5.56182
5.55709
5.49696
5.5792
5.45696
5.48831
5.5085
5.39855
5.44678
5.40218
5.4442
5.42659
5.39521
5.41226
5.35231
5.31203
5.33141
5.30097
5.27316
5.2434
5.2408
5.22131
5.20715
5.2677
5.23541
5.20208
5.1763
5.19845
5.20802
5.18338
5.14938
5.20128
5.10848
5.08019
5.09726
5.10275
5.10409
5.09279
5.04173
5.07719
5.0879
5.14389
5.05447
5.09631
5.04219
5.09137
5.03252
5.03106
5.0338
5.0116
5.10841
5.07721
5.05452
5.12655
5.12311
5.04688
5.04046
5.1087
5.09791
5.13763
5.0901
5.14661
5.07947
5.05654
5.05484
5.10256
5.11631
5.10322
5.04898
5.12531
5.13
5.07082
5.04508
5.00456
5.11645
5.13841
5.03362
5.07794
5.18112
5.08768
5.09052
5.20453
5.10756
5.18606
5.0641
5.16864
5.11974
5.23697
5.13037
5.14567
5.1096
5.19105
5.15426
5.12108
5.18177
5.17696
5.12353
5.18334
5.20173
5.16806
5.16803
5.19831
5.20954
5.21604
5.11337
5.09883
5.1741
5.20162
5.19836
5.12157
5.16898
5.15889
5.1762
5.12241
5.14999
5.182
5.11236
5.20788
5.20063
5.14399
5.14465
5.16218
5.11621
5.15763
5.14271
5.15262
5.21709
5.07667
5.11113
5.16435
5.19125
5.15351
5.0554
5.14125
5.14197
5.1031
5.1314
5.14709
5.14806
5.11971
5.04955
5.13511
5.07038
5.07944
5.09561
5.11184
5.10457
5.10944
5.11896
5.07695
5.08101
5.08155
5.11047
5.06918
5.09204
5.06607
5.11237
5.02463
5.03747
5.12764
5.04998
5.07442
5.02832
5.11637
5.07825
5.04413
5.05011
5.03029
5.01965
4.94471
5.04784
5.01148
4.98248
4.98642
4.99546
5.00683
5.00363
4.97409
5.00913
4.99666
4.99914
5.01303
4.99824
4.94951
4.98727
4.96146
4.96676
4.96419
4.95829
4.98727
4.94951
4.97219
4.93632
4.90201
4.91632
4.95839
4.97177
4.94099
4.94393
4.92022
4.96992
4.97216
4.93931
4.92235
4.94858
4.94501
4.94453
4.95427
4.94254
4.96097
4.92001
4.90729
4.93097
4.92852
4.89802
4.88276
4.8589
4.88838
4.90083
4.94452
4.94916
4.92869
4.86937
4.93154
4.91004
4.91395
4.92915
4.93004
4.88176
4.94794
4.9794
4.89244
4.91666
4.90946
4.91569
4.89863
4.911
4.88974
4.90002
4.90504
4.9298
4.8773
4.94084
4.90476
4.95314
4.93274
4.89977
4.95248
4.89044
4.8969
4.95728
4.95919
4.93868
4.96065
4.92116
4.89481
4.88259
4.89946
4.88814
4.9065
4.85883
4.91857
4.91534
4.89099
4.94086
4.94271
4.93757
4.89049
4.94842
4.95095
4.93986
4.94891
4.92989
4.9045
4.90017
4.97302
4.9172
4.91183
4.87123
4.88473
4.90466
4.86074
4.8677
4.8924
4.89962
4.88778
4.84608
4.8954
4.89459
4.88501
4.93519
4.85577
4.87158
4.93058
4.8907
4.87333
4.87586
4.87573
4.81903
4.80924
4.87779
4.84965
4.86545
4.79727
4.84523
4.8055
4.78312
4.83297
4.80972
4.83308
4.80843
4.7883
4.80734
4.77661
4.74795
4.75381
4.75573
4.78312
4.77021
4.76266
4.71715
4.74904
4.73061
4.76943
4.71317
4.72478
4.7238
4.75164
4.73025
4.75456
4.7399
4.70337
4.71545
4.7461
4.72402
4.7065
4.7111
4.71021
4.6592
4.6868
4.74655
4.72472
4.69687
4.70251
4.70396
4.73735
4.705
4.70717
4.72263
4.70128
4.7132
4.75177
4.72282
4.75718
4.73755
4.74889
4.75172
4.74439
4.7164
4.76751
4.7599
4.76012
4.78247
4.78224
4.79059
4.80161
4.78108
4.83098
4.77204
4.82572
4.80578
4.80827
4.83764
4.82983
4.82741
4.83952
4.83883
4.83076
4.82978
4.82394
4.85026
4.82931
4.80914
4.83211
4.81877
4.79245
4.74839
