5.1418
5.47656
5.6805
5.80483
5.83286
5.98988
5.96364
6.04499
5.99601
6.01259
6.0563
5.95692
5.99515
5.98401
6.0666
5.93127
5.93365
5.92141
5.79892
5.87972
5.74577
5.79036
5.75367
5.73192
5.74204
5.63701
5.59348
5.56448
5.63656
5.53724
5.5165
5.47438
5.54429
5.45085
5.49478
5.43609
5.38411
5.37726
5.32871
5.39461
5.33541
5.32364
5.29559
5.28066
5.33015
5.22532
5.21471
5.17422
5.24432
5.21551
5.18863
5.13619
5.17534
5.08441
5.20245
5.14689
5.11696
5.11859
5.16438
5.10527
5.13325
5.11115
5.09285
5.13473
5.15601
5.11133
5.09766
5.11896
5.09193
5.17213
5.16388
5.15268
5.20229
5.14613
5.16302
5.16181
5.15969
5.07943
5.20705
5.11631
5.19749
5.14128
5.18692
5.20773
5.20296
5.20127
5.17619
5.23977
5.21123
5.33886
5.21955
5.27908
5.27569
5.35523
5.33599
5.40069
5.37668
5.33935
5.31671
5.37351
5.42334
5.33767
5.30001
5.36064
5.38418
5.42944
5.338
5.34314
5.34462
5.37599
5.3733
5.5185
5.40816
5.44795
5.42044
5.43976
5.35392
5.47271
5.48826
5.42088
5.49478
5.43431
5.49627
5.5091
5.50076
5.54049
5.51098
5.48394
5.48718
5.46968
5.54639
5.43245
5.48698
5.47104
5.50203
5.43573
5.43749
5.52206
5.47287
5.4656
5.53746
5.51698
5.52703
5.44332
5.57132
5.553
5.46077
5.45242
5.51806
5.56081
5.51814
5.40244
5.49756
5.57441
5.50169
5.45887
5.46968
5.49377
5.4772
5.51712
5.53053
5.46873
5.47379
5.48952
5.57109
5.42994
5.43282
5.43623
5.49533
5.45529
5.46431
5.52675
5.34669
5.53879
5.4673
5.51463
5.47591
5.48023
5.51804
5.42335
5.52846
5.43901
5.41885
5.44346
5.39777
5.4182
5.41254
5.4072
5.49929
5.46212
5.38223
5.37319
5.38381
5.391
5.40069
5.37679
5.37549
5.41416
5.36954
5.33435
5.40021
5.35859
5.3594
5.37364
5.36146
5.40927
5.35548
5.31213
5.33934
5.27658
5.3537
5.32747
5.31519
5.38415
5.39686
5.36451
5.33403
5.30946
5.38475
5.33536
5.33422
5.27794
5.35896
5.30724
5.32705
5.34003
5.29094
5.36677
5.34283
5.42346
5.34556
5.33557
5.31392
5.2703
5.27883
5.32361
5.35427
5.34319
5.29073
5.33189
5.31013
5.34034
5.36652
5.36437
5.30441
5.33028
5.2817
5.19846
5.29087
5.30246
5.33533
5.38502
5.28607
5.30604
5.3442
5.30547
5.34688
5.32647
5.35705
5.34026
5.34026
5.30251
5.31882
5.31197
5.32708
5.27586
5.32173
5.35667
5.31362
5.30964
5.3873
5.35504
5.3554
5.37125
5.41231
5.4188
5.27694
5.43065
5.44265
5.41687
5.35608
5.29098
5.38975
5.39118
5.37989
5.31589
5.39112
5.40021
5.37021
5.36576
5.45614
5.34462
5.39922
5.37122
5.44209
5.46714
5.40651
5.41332
5.47248
5.39949
5.36601
5.36215
5.3644
5.39186
5.29791
5.32245
5.45677
5.34505
5.39271
5.40988
5.35633
5.40606
5.33106
5.39993
5.414
5.39898
5.51741
5.40036
5.38856
5.30651
5.35306
5.42049
5.29394
5.34052
5.38196
5.34216
5.39191
5.39499
5.35607
5.37245
5.42167
5.42077
5.37056
5.38819
5.37664
5.43174
5.36153
5.33878
5.37432
5.27716
5.33959
5.37679
5.41785
5.43887
5.41569
5.39663
5.42281
5.31304
5.40491
5.40042
5.3348
5.36363
5.41246
5.36297
5.42976
5.40691
5.3929
5.44228
5.42679
5.5413
5.37588
5.4845
5.48434
5.50146
5.46522
5.46222
5.43263
5.46689
5.454
5.43563
5.49266
5.53377
5.54553
5.47865
5.61447
5.51904
5.54155
5.62547
5.57172
5.60956
5.58456
5.58136
5.52755
5.65173
5.64025
5.64814
5.64034
5.62191
5.59877
5.64818
5.61413
5.66315
5.61156
5.61882
5.65594
5.58229
5.61187
5.57203
5.55001
5.49882
