3.35627
3.50456
3.56682
3.60273
3.63538
3.65547
3.6768
3.68461
3.70015
3.70511
3.70758
3.7106
3.71473
3.71793
3.71243
3.71082
3.71007
3.71644
3.7126
3.71112
3.70559
3.69297
3.69784
3.69464
3.68789
3.69144
3.68216
3.67792
3.6817
3.66221
3.67432
3.66843
3.66962
3.67575
3.65305
3.65634
3.65858
3.65277
3.64867
3.66581
3.65826
3.65519
3.64928
3.66226
3.66094
3.64134
3.66776
3.65702
3.66327
3.67151
3.66362
3.66439
3.67873
3.67089
3.66094
3.69373
3.6787
3.6809
3.68981
3.69249
3.69465
3.71156
3.70913
3.69295
3.72077
3.71345
3.73089
3.75445
3.73167
3.73031
3.74185
3.76791
3.76123
3.7711
3.77798
3.78245
3.77078
3.77702
3.76975
3.80492
3.80371
3.79964
3.80217
3.82221
3.82223
3.83948
3.82729
3.83693
3.85586
3.85826
3.88041
3.85761
3.8579
3.87343
3.86202
3.8842
3.88896
3.89139
3.88717
3.89068
3.89265
3.91277
3.89848
3.9103
3.91846
3.94775
3.92824
3.90944
3.92881
3.93504
3.92897
3.93915
3.92635
3.94658
3.93798
3.95812
3.92553
3.95696
3.94239
3.9411
3.94807
3.93998
3.95982
3.96463
3.96489
3.94015
3.94277
3.97815
3.95339
3.93997
3.95436
3.93757
3.95902
3.95107
3.94304
3.95163
3.95076
3.95363
3.92426
3.91669
3.92609
3.93772
3.92024
3.9225
3.92935
3.93352
3.92703
3.9198
3.92935
3.90026
3.91316
3.90824
3.89342
3.90684
3.89987
3.90349
3.89737
3.86715
3.89017
3.89352
3.86993
3.86132
3.86632
3.8682
3.85756
3.88718
3.86298
3.8491
3.84577
3.84602
3.86117
3.83648
3.83963
3.8358
3.83572
3.84291
3.82362
3.8169
3.83961
3.84892
3.83973
3.82574
3.83361
3.82296
3.81709
3.81476
3.81595
3.81792
3.8113
3.80761
3.80132
3.79234
3.80581
3.79094
3.7766
3.80301
3.75564
3.80397
3.75364
3.77868
3.76997
3.76672
3.80058
3.80228
3.78876
3.78545
3.76959
3.80402
3.79471
3.80541
3.79106
3.79633
3.80527
3.78959
3.78759
3.79416
3.801
3.80684
3.7989
3.82572
3.77087
3.80083
3.79587
3.78936
3.80329
3.79475
3.81048
3.79791
3.8014
3.82546
3.81781
3.79956
3.78157
3.78218
3.81467
3.81602
3.82695
3.79618
3.80745
3.78921
3.82305
3.80264
3.82268
3.82832
3.81484
3.82534
3.83051
3.84564
3.81487
3.82238
3.82974
3.77985
3.82652
3.81073
3.8371
3.83589
3.82702
3.82348
3.8338
3.81684
3.78393
3.8441
3.82394
3.77576
3.80688
3.83264
3.81104
3.80642
3.79834
3.83572
3.8078
3.85919
3.80333
3.80264
3.82761
3.82777
3.83999
3.8132
3.81822
3.80933
3.79698
3.79086
3.8095
3.80005
3.82104
3.80929
3.80906
3.82545
3.7855
3.80122
3.83618
3.79426
3.78785
3.7868
3.80503
3.80125
3.77932
3.8099
3.79149
3.80154
3.81455
3.81023
3.80437
3.80341
3.7814
3.81693
3.79168
3.80731
3.79414
3.77027
3.79706
3.78313
3.82582
3.7927
3.79231
3.78527
3.7934
3.81984
3.78208
3.78855
3.76384
3.76995
3.7848
3.79786
3.78382
3.78548
3.78942
3.82832
3.78635
3.79138
3.76855
3.78373
3.77936
3.77691
3.76721
3.80457
3.7949
3.76225
3.79194
3.77817
3.79897
3.80616
3.78553
3.8055
3.79606
3.81686
3.79218
3.79633
3.81412
3.7725
3.81718
3.85469
3.83589
3.83335
3.81568
3.82654
3.85572
3.86667
3.86894
3.8374
3.88718
3.89145
3.88131
3.86086
3.89546
3.87359
3.90603
3.89568
3.90818
3.9164
3.93798
3.93463
3.92723
3.9264
3.94224
3.95558
3.96678
3.95532
3.98847
3.96786
3.96888
3.97245
4.00314
3.97448
3.96874
3.96952
3.97893
3.98608
3.99172
3.97174
3.99196
3.98682
3.95668
3.96694
3.9824
3.96489
3.94325
3.92768
3.87877
3.80063
