3.32344
3.57496
3.67507
3.75003
3.80177
3.83612
3.86458
3.87861
3.89678
3.91438
3.91339
3.92204
3.9155
3.91885
3.91498
3.91747
3.91379
3.89079
3.89909
3.88784
3.8861
3.87621
3.85867
3.86602
3.85362
3.84159
3.84437
3.81847
3.82218
3.80636
3.81727
3.79495
3.80073
3.79027
3.78234
3.77127
3.77459
3.77285
3.77112
3.7786
3.75848
3.7715
3.75289
3.76283
3.75675
3.74606
3.74887
3.73827
3.75099
3.76557
3.7462
3.74914
3.75373
3.76905
3.77253
3.76623
3.76672
3.76503
3.76972
3.76494
3.78765
3.76333
3.78125
3.80057
3.79775
3.80879
3.80864
3.80036
3.79518
3.81519
3.83162
3.84438
3.83658
3.84531
3.84292
3.8511
3.86202
3.86396
3.87151
3.89214
3.91222
3.89938
3.90232
3.911
3.91353
3.9216
3.91916
3.93103
3.91681
3.94059
3.94517
3.96453
3.97458
3.94385
3.9367
3.97548
3.96668
3.99628
4.00349
3.99569
4.00294
4.00952
4.00493
4.00177
4.02286
4.01442
4.0156
4.0107
4.02106
4.04255
4.0268
4.04547
4.01357
4.03113
4.05379
4.03055
4.02964
4.04673
4.03426
4.03648
4.03507
4.01794
4.04858
4.03568
4.03618
4.03503
4.0408
4.05878
4.04984
4.04559
4.04385
4.04237
4.02329
4.02555
4.04612
4.03502
4.03233
4.03559
4.03598
4.00861
4.02126
4.04145
4.00882
3.99818
3.99903
4.00696
3.9895
3.97875
3.98234
3.99592
3.97348
3.97587
3.95654
3.96825
3.96979
3.95886
3.94807
3.95041
3.93931
3.94052
3.92419
3.9188
3.92567
3.91385
3.9109
3.91195
3.87951
3.91999
3.87294
3.8836
3.86689
3.85902
3.85563
3.86445
3.8575
3.85645
3.85101
3.85343
3.8391
3.82958
3.85087
3.83641
3.82043
3.78278
3.83393
3.79797
3.78864
3.7987
3.79538
3.78755
3.79159
3.77725
3.76412
3.76683
3.7646
3.76007
3.74256
3.76151
3.72419
3.72884
3.72517
3.74107
3.75259
3.74381
3.73227
3.73057
3.75289
3.72168
3.74157
3.73208
3.72744
3.7185
3.73564
3.73062
3.72542
3.72623
3.73059
3.73904
3.72897
3.73854
3.73579
3.74153
3.7179
3.71575
3.70796
3.72132
3.7211
3.71551
3.7112
3.7228
3.72444
3.72412
3.69365
3.69078
3.69364
3.73117
3.71825
3.70943
3.6919
3.70979
3.71544
3.69634
3.71926
3.70891
3.69542
3.71455
3.68608
3.69733
3.69491
3.71135
3.6923
3.70511
3.70235
3.72331
3.7063
3.70551
3.69851
3.69627
3.70194
3.69965
3.71763
3.69342
3.69222
3.69878
3.7141
3.68231
3.71295
3.67857
3.69302
3.68369
3.69437
3.69937
3.66726
3.6822
3.69691
3.68841
3.69766
3.68326
3.6721
3.67374
3.65835
3.66964
3.67345
3.68148
3.69122
3.67913
3.67241
3.69142
3.66328
3.67815
3.68966
3.65781
3.67867
3.67339
3.64741
3.64801
3.66516
3.65982
3.65172
3.64578
3.6928
3.64633
3.6553
3.6535
3.64926
3.68309
3.67363
3.60674
3.64925
3.65761
3.63421
3.63091
3.63807
3.62339
3.65092
3.65567
3.62727
3.6439
3.6384
3.63767
3.61534
3.63564
3.63651
3.61938
3.63334
3.62834
3.63517
3.62248
3.63686
3.63737
3.61453
3.63623
3.59158
3.60719
3.63277
3.61946
3.6228
3.60976
3.61461
3.62955
3.61913
3.60188
3.635
3.61262
3.61451
3.64456
3.61092
3.63269
3.62796
3.61472
3.61622
3.61368
3.62386
3.62971
3.63256
3.61483
3.66194
3.6321
3.60857
3.64921
3.63109
3.65647
3.64985
3.65967
3.65924
3.65634
3.66592
3.69114
3.67844
3.68047
3.66529
3.67299
3.68409
3.70127
3.69788
3.70146
3.71115
3.68412
3.69792
3.7043
3.72096
3.70905
3.71741
3.7049
3.71517
3.71551
3.71713
3.69969
3.70384
3.69768
3.69653
3.68144
3.67445
3.67118
3.65282
3.64939
3.64081
3.61217
3.57031
3.5274
