3.19272
3.62892
3.82698
3.96146
4.05169
4.1257
4.15729
4.1975
4.20498
4.23307
4.22756
4.24057
4.22775
4.22802
4.20822
4.20179
4.19023
4.16644
4.15281
4.12758
4.11476
4.08935
4.07943
4.05965
4.03368
4.02749
4.01097
3.98826
3.97497
3.95894
3.94147
3.92732
3.91959
3.91556
3.89627
3.86868
3.87265
3.8601
3.84867
3.8342
3.82103
3.81811
3.82089
3.82989
3.8212
3.79757
3.81677
3.80352
3.79958
3.79702
3.7946
3.79009
3.79711
3.79689
3.81604
3.80611
3.80872
3.82372
3.82241
3.81791
3.85282
3.83743
3.85809
3.87166
3.85581
3.87392
3.8909
3.88004
3.89098
3.93144
3.92024
3.94397
3.94314
3.95994
3.97054
3.98386
3.99098
4.01239
4.03103
4.03399
4.05799
4.04966
4.06566
4.08196
4.07682
4.10514
4.09991
4.12294
4.12032
4.16409
4.19588
4.18449
4.20618
4.20556
4.21021
4.21247
4.23993
4.22717
4.24096
4.2699
4.27146
4.2735
4.29204
4.32243
4.32422
4.3414
4.32783
4.32328
4.36473
4.38075
4.38801
4.37874
4.3825
4.39458
4.38501
4.43408
4.41553
4.41743
4.45754
4.44571
4.41482
4.46725
4.43807
4.44695
4.43933
4.44224
4.47731
4.49281
4.4682
4.46758
4.4539
4.49724
4.49765
4.46072
4.46652
4.4766
4.49035
4.49076
4.49152
4.46562
4.48792
4.49766
4.45836
4.46441
4.43277
4.47939
4.48397
4.43935
4.44062
4.46833
4.46893
4.47657
4.47664
4.45742
4.43049
4.45679
4.44676
4.43657
4.40397
4.43367
4.39213
4.39066
4.39693
4.40241
4.42128
4.38274
4.36632
4.38831
4.3488
4.35621
4.38053
4.34351
4.36665
4.34003
4.35796
4.33931
4.32745
4.32463
4.33843
4.33787
4.32514
4.34851
4.2858
4.27636
4.30036
4.28498
4.27245
4.27854
4.29028
4.24183
4.24413
4.25612
4.22337
4.22071
4.23213
4.20497
4.21416
4.21381
4.2077
4.18633
4.1925
4.20778
4.2153
4.22901
4.19866
4.16656
4.19144
4.18632
4.19631
4.17043
4.18608
4.20207
4.18393
4.18238
4.16491
4.20307
4.15951
4.1887
4.17972
4.20963
4.17858
4.2031
4.18961
4.16499
4.1447
4.21178
4.17613
4.19997
4.15156
4.17025
4.16947
4.13769
4.15048
4.20098
4.15826
4.16557
4.1811
4.17585
4.14944
4.17128
4.18149
4.16875
4.16142
4.19538
4.14806
4.1334
4.19229
4.15964
4.19225
4.21529
4.16463
4.14066
4.15194
4.1918
4.1605
4.18166
4.17395
4.16752
4.18633
4.17883
4.19535
4.1586
4.18737
4.14468
4.18221
4.21308
4.15765
4.21002
4.15319
4.18721
4.17342
4.15698
4.13428
4.21275
4.20107
4.19471
4.18843
4.20773
4.22687
4.16533
4.21387
4.19494
4.21634
4.21881
4.19981
4.21938
4.20367
4.20168
4.20354
4.18289
4.24006
4.24067
4.22477
4.1875
4.23305
4.1977
4.21196
4.24624
4.22606
4.20601
4.23493
4.21993
4.25634
4.22032
4.25506
4.23754
4.22067
4.23621
4.25463
4.27428
4.22633
4.23423
4.25203
4.24105
4.28382
4.2407
4.25101
4.24912
4.19964
4.25679
4.23422
4.26832
4.24992
4.23873
4.26852
4.2984
4.2261
4.25648
4.24072
4.25723
4.3212
4.23347
4.28452
4.28786
4.30167
4.29761
4.32159
4.27478
4.26627
4.28968
4.27825
4.3111
4.28417
4.32904
4.33321
4.26961
4.31711
4.29855
4.32639
4.34159
4.35382
4.30684
4.32978
4.34658
4.3469
4.30108
4.34235
4.39447
4.3653
4.37624
4.38625
4.40167
4.39817
4.40203
4.38397
4.39419
4.40152
4.40772
4.42617
4.44757
4.4339
4.43588
4.46546
4.44723
4.45669
4.45961
4.49385
4.4635
4.45328
4.47051
4.4814
4.47936
4.48069
4.45445
4.50083
4.52396
4.5049
4.48943
4.47604
4.5223
4.517
4.53013
4.52009
4.51075
4.4795
4.47565
4.46474
4.45885
4.46128
4.44233
