3.36147
3.44353
3.47654
3.49883
3.51542
3.53314
3.54251
3.5466
3.5613
3.56775
3.57134
3.57702
3.58226
3.58291
3.58879
3.59651
3.58837
3.5957
3.59984
3.59351
3.5922
3.58931
3.58047
3.59088
3.59626
3.59081
3.58857
3.59256
3.59135
3.59383
3.58821
3.59298
3.59043
3.59723
3.58761
3.61206
3.59932
3.60005
3.60031
3.61479
3.61096
3.61126
3.60848
3.61671
3.62011
3.60805
3.61184
3.61777
3.62318
3.64234
3.64775
3.64029
3.64623
3.66273
3.66256
3.66928
3.68794
3.67025
3.68736
3.7049
3.70665
3.71335
3.7219
3.72248
3.74319
3.74036
3.73427
3.74624
3.77022
3.76857
3.76826
3.79292
3.78849
3.79622
3.79539
3.81977
3.81396
3.83359
3.8523
3.82847
3.85928
3.85514
3.86666
3.88085
3.87754
3.88885
3.89388
3.89356
3.8996
3.91236
3.92278
3.92474
3.92979
3.9458
3.9283
3.93599
3.93715
3.95193
3.9741
3.97524
3.96947
3.96705
3.98095
3.9921
3.98265
3.98005
3.96409
3.99588
3.98729
3.99245
3.97233
4.00767
4.00452
3.9883
3.98821
3.98673
3.97885
4.01104
4.01475
3.9787
4.00008
3.98335
4.01377
3.99653
4.00322
3.99772
4.00214
3.98253
4.00874
3.97856
3.99901
3.99955
4.01983
3.98154
4.00346
3.9963
3.98977
3.99366
3.99353
3.9871
4.00204
3.99307
3.98602
3.99387
3.9907
3.95542
3.97662
3.94845
3.97752
3.97586
3.96046
3.99005
3.95787
3.9661
3.95185
3.98063
3.94845
3.95946
3.9508
3.94701
3.94267
3.92343
3.93693
3.94803
3.93835
3.93037
3.91608
3.93245
3.91674
3.94555
3.91567
3.9199
3.91493
3.92455
3.91045
3.91586
3.94898
3.9213
3.92289
3.91754
3.92522
3.91609
3.92121
3.90505
3.90086
3.89799
3.9271
3.90895
3.92054
3.91049
3.91408
3.90579
3.90523
3.90687
3.90793
3.92685
3.92639
3.91025
3.90062
3.9021
3.90886
3.92315
3.94943
3.93863
3.91035
3.90978
3.91803
3.91491
3.93103
3.92419
3.9375
3.9389
3.91398
3.93175
3.93467
3.95443
3.9309
3.9401
3.94971
3.95841
3.93512
3.9474
3.92653
3.91813
3.96358
3.94923
3.94903
3.94097
3.96457
3.99345
3.96582
3.95617
3.92449
3.95781
3.9608
3.96098
3.97283
3.96598
3.9867
3.93695
3.98138
3.96224
3.96508
3.98647
3.96497
3.99465
3.94833
4.00996
3.98098
3.97416
3.96661
3.95763
3.97045
3.94829
3.98683
3.97398
3.95866
3.99627
3.99064
3.97557
3.96274
3.97268
4.01416
3.98277
3.97375
3.97026
3.98652
3.97517
4.01482
4.00019
3.99054
3.99219
3.97934
3.95939
3.96708
3.97168
3.97656
3.94957
4.03521
4.00426
4.00395
4.00197
3.9879
3.99146
3.97237
4.00671
3.98898
3.9889
4.01457
4.00886
3.9997
4.00974
3.9839
4.0125
3.98423
3.98569
4.01239
4.01783
4.00896
3.9913
4.00284
4.02155
3.96526
3.98738
3.97867
4.00006
4.01292
3.99319
4.00696
4.03167
3.98753
3.98854
3.97106
3.95392
3.98047
3.99233
4.00499
3.96412
4.02405
4.0021
3.99146
3.98198
3.97844
4.02202
4.01829
3.9899
4.02452
3.99106
3.99847
4.0196
3.97575
4.01723
4.04556
4.0335
4.03386
4.03795
4.02321
4.0106
4.02288
4.03667
4.0505
4.01837
4.0325
4.05229
4.06548
4.06087
4.05695
4.06597
4.07009
4.06017
4.0718
4.0502
4.0712
4.09438
4.08663
4.14976
4.14684
4.11101
4.16394
4.11143
4.1292
4.14549
4.13328
4.18441
4.18828
4.1937
4.13975
4.2033
4.18168
4.21682
4.24611
4.25491
4.24688
4.2647
4.26734
4.26667
4.28474
4.26486
4.2851
4.29206
4.31005
4.28365
4.32906
4.3233
4.35808
4.33593
4.29131
4.34781
4.29907
4.32601
4.32953
4.33427
4.31445
4.32826
4.32565
4.30044
4.28668
4.24438
4.21173
4.10121
