4.7724
4.66343
4.5664
4.49168
4.42926
4.39145
4.33657
4.3043
4.29179
4.27591
4.24932
4.23383
4.2203
4.2031
4.18842
4.20222
4.18145
4.18744
4.17786
4.16949
4.1718
4.15904
4.17469
4.17865
4.1458
4.1698
4.15778
4.16388
4.17642
4.13277
4.1686
4.13653
4.14783
4.17092
4.17451
4.15887
4.17793
4.17526
4.15541
4.1692
4.15786
4.18663
4.15995
4.19156
4.21058
4.20402
4.18219
4.18494
4.18007
4.21649
4.18867
4.20746
4.21827
4.23709
4.21277
4.22801
4.20873
4.21744
4.22793
4.22897
4.22133
4.24663
4.21831
4.2585
4.23812
4.22341
4.25693
4.25223
4.25248
4.25876
4.26707
4.27856
4.24269
4.26509
4.29251
4.29166
4.29266
4.26588
4.31581
4.29708
4.27178
4.2891
4.27194
4.30615
4.29172
4.30061
4.29871
4.30268
4.32612
4.33251
4.31016
4.31669
4.32827
4.32489
4.33055
4.32817
4.33276
4.28656
4.36298
4.32648
4.30318
4.38108
4.3299
4.33955
4.32965
4.32038
4.33672
4.36085
4.352
4.36514
4.31545
4.34524
4.3525
4.30732
4.35131
4.35339
4.36582
4.34574
4.38374
4.31401
4.332
4.34894
4.30497
4.31436
4.35912
4.3085
4.3683
4.30654
4.34522
4.27534
4.31376
4.30657
4.30362
4.28724
4.30127
4.28342
4.28225
4.30723
4.30483
4.31754
4.2844
4.30426
4.34219
4.26954
4.28801
4.28261
4.27812
4.28991
4.2607
4.2893
4.27072
4.2574
4.26618
4.26845
4.28314
4.27281
4.30502
4.24196
4.26589
4.23208
4.24535
4.25789
4.24579
4.23568
4.26161
4.2465
4.21546
4.23982
4.23324
4.20344
4.216
4.21999
4.23137
4.24638
4.2252
4.21146
4.23826
4.21772
4.20413
4.21496
4.19946
4.18814
4.23279
4.2258
4.20514
4.21499
4.21446
4.22157
4.19556
4.22302
4.20914
4.21009
4.21313
4.19256
4.20132
4.19606
4.20908
4.20927
4.18008
4.18256
4.19363
4.19077
4.21
4.17987
4.21951
4.19156
4.19341
4.19327
4.1841
4.18019
4.20852
4.18655
4.19166
4.20269
4.19537
4.18071
4.19155
4.21529
4.19873
4.20325
4.18599
4.20451
4.21058
4.2134
4.19223
4.19093
4.21724
4.21613
4.16599
4.21943
4.182
4.20276
4.20008
4.21413
4.19384
4.20358
4.20775
4.21793
4.1965
4.20374
4.1882
4.19388
4.19626
4.17343
4.20159
4.19263
4.20702
4.19503
4.16881
4.21901
4.20019
4.17058
4.20282
4.18057
4.18278
4.19899
4.20493
4.18549
4.19531
4.1773
4.18943
4.19458
4.15901
4.20201
4.19517
4.19481
4.1462
4.19555
4.17888
4.20122
4.172
4.1626
4.14703
4.17633
4.17402
4.12262
4.16337
4.16508
4.15617
4.1117
4.19864
4.16217
4.11546
4.12935
4.12343
4.13635
4.12089
4.13247
4.11948
4.10513
4.12799
4.08477
4.09159
4.10752
4.08889
4.09566
4.07777
4.0422
4.04328
4.05457
4.04856
4.04274
4.02857
4.01994
4.02416
4.02768
4.00112
3.98469
3.98074
3.97912
4.00827
3.97126
3.9601
3.95673
3.93587
3.95959
3.91349
3.93606
3.88317
3.88455
3.90751
3.91906
3.87535
3.86177
3.85804
3.85298
3.8691
3.83398
3.83944
3.80687
3.78791
3.78116
3.79261
3.76856
3.75464
3.75889
3.75327
3.73069
3.72505
3.70433
3.69686
3.69535
3.67357
3.65852
3.6514
3.64901
3.62406
3.638
3.61717
3.60302
3.58059
3.58335
3.59036
3.55514
3.55737
3.55201
3.52518
3.53095
3.5021
3.5202
3.4949
3.49477
3.48202
3.48397
3.46262
3.4541
3.45145
3.44714
3.42432
3.42309
3.40953
3.40139
3.38835
3.38033
3.3843
3.37544
3.36213
3.35876
3.33711
3.34121
3.33322
3.32209
3.32723
3.32534
3.32706
3.32072
3.31138
3.30842
3.31715
3.31662
3.3202
3.3406
3.34564
3.36468
3.38277
3.41773
3.46057
3.50495
3.58733
3.63956
