5.1158
5.05232
4.99839
4.95519
4.91805
4.8844
4.84391
4.83729
4.82114
4.8278
4.78504
4.77875
4.78145
4.77441
4.76297
4.77858
4.76027
4.7738
4.7469
4.7309
4.77066
4.76184
4.74749
4.76884
4.72368
4.73622
4.7659
4.73579
4.75755
4.72306
4.72016
4.72566
4.75911
4.76367
4.70695
4.71421
4.75232
4.72079
4.72643
4.68739
4.7959
4.81502
4.76417
4.73551
4.71962
4.75088
4.71155
4.78178
4.81056
4.76781
4.77022
4.7524
4.76589
4.79745
4.74313
4.76198
4.74907
4.76836
4.76131
4.80744
4.71174
4.77948
4.78803
4.77504
4.76757
4.77643
4.79275
4.85584
4.8131
4.82198
4.80916
4.77647
4.79819
4.83645
4.76458
4.81295
4.82048
4.79564
4.86537
4.83996
4.84623
4.82052
4.82799
4.83745
4.83866
4.83367
4.86257
4.81919
4.87121
4.81303
4.89664
4.84708
4.83634
4.84433
4.88422
4.78878
4.85235
4.83362
4.83203
4.84852
4.85069
4.8477
4.86992
4.87111
4.85648
4.86234
4.85184
4.92383
4.93776
4.81567
4.8667
4.8382
4.83136
4.8493
4.8754
4.84034
4.80558
4.84329
4.8454
4.80204
4.79398
4.87779
4.81565
4.82627
4.84712
4.7711
4.81155
4.80705
4.86416
4.83404
4.88587
4.79296
4.78972
4.76509
4.85147
4.85184
4.815
4.7971
4.80817
4.81928
4.76374
4.83223
4.76392
4.81743
4.82666
4.80772
4.8283
4.78866
4.77945
4.79142
4.78144
4.75187
4.76793
4.8148
4.76105
4.7582
4.72614
4.74387
4.75718
4.75002
4.72592
4.76547
4.76819
4.77734
4.74905
4.72461
4.77082
4.73988
4.73574
4.71905
4.7316
4.70583
4.77119
4.72868
4.73795
4.73266
4.70043
4.72696
4.77519
4.72101
4.71472
4.70404
4.74217
4.7308
4.68245
4.73163
4.73107
4.67417
4.71854
4.72922
4.72782
4.75315
4.69735
4.71309
4.68054
4.71533
4.7091
4.71733
4.71845
4.72601
4.7116
4.70186
4.75018
4.68383
4.7433
4.71098
4.73118
4.71327
4.72846
4.72553
4.73712
4.74337
4.69911
4.70891
4.70661
4.73591
4.70161
4.73043
4.72426
4.73398
4.71644
4.71229
4.74808
4.70499
4.78178
4.70743
4.77939
4.73699
4.6856
4.69975
4.7069
4.70983
4.70442
4.75518
4.75355
4.75128
4.74767
4.76007
4.69899
4.74497
4.73751
4.73988
4.75892
4.7284
4.72095
4.75743
4.77323
4.69599
4.73643
4.69386
4.71514
4.75652
4.77449
4.7201
4.72371
4.7654
4.74011
4.73552
4.76667
4.71297
4.71654
4.74341
4.74718
4.75621
4.70695
4.66303
4.67117
4.72972
4.7307
4.7433
4.68993
4.74405
4.74724
4.68176
4.70255
4.6718
4.71235
4.67767
4.72343
4.64895
4.6854
4.67427
4.71023
4.66267
4.67266
4.68741
4.661
4.70165
4.65352
4.66035
4.68558
4.63059
4.65124
4.64922
4.66883
4.65632
4.58858
4.66404
4.61487
4.61887
4.56018
4.61052
4.59004
4.56615
4.58561
4.57917
4.53791
4.56492
4.568
4.51451
4.55433
4.5416
4.52044
4.52393
4.53926
4.4512
4.45941
4.49458
4.50354
4.47777
4.49644
4.46372
4.44227
4.42162
4.41793
4.42152
4.41405
4.41522
4.38016
4.38365
4.38368
4.38388
4.35221
4.38713
4.37777
4.38173
4.35841
4.35991
4.3535
4.29386
4.2946
4.30044
4.29815
4.29509
4.28679
4.2898
4.28072
4.27096
4.2476
4.27188
4.27251
4.24714
4.2487
4.25769
4.23343
4.20188
4.23474
4.23315
4.20632
4.20293
4.20895
4.201
4.19822
4.1908
4.15396
4.19166
4.18032
4.1593
4.18228
4.13334
4.16597
4.15649
4.16072
4.13348
4.13891
4.1214
4.12327
4.1106
4.1024
4.10521
4.10956
4.09232
4.08427
4.06412
4.06451
4.03727
4.02592
4.02281
3.99738
3.99615
3.97731
3.95244
3.92546
3.8986
3.85838
3.81707
3.77068
3.70736
3.61949
3.38471
