4.84155
4.79176
4.76919
4.72856
4.70207
4.65994
4.66167
4.62732
4.63789
4.64179
4.6447
4.624
4.61762
4.61161
4.6095
4.61707
4.60863
4.59063
4.59563
4.60376
4.6101
4.58619
4.57971
4.60626
4.59229
4.60609
4.60956
4.58968
4.58831
4.56974
4.58203
4.59587
4.63209
4.60669
4.58775
4.61874
4.54195
4.59724
4.58898
4.57846
4.60596
4.59871
4.60455
4.61399
4.59532
4.59224
4.59195
4.54976
4.58023
4.62388
4.62791
4.63047
4.59377
4.60653
4.63941
4.61235
4.59854
4.61823
4.5963
4.62035
4.6266
4.63379
4.61999
4.60384
4.63274
4.62657
4.6179
4.63921
4.62799
4.64326
4.64584
4.65687
4.70381
4.65844
4.63438
4.65363
4.63708
4.64538
4.67705
4.65949
4.69725
4.72373
4.66655
4.61926
4.66036
4.69383
4.65543
4.64633
4.68433
4.6906
4.66859
4.6487
4.63455
4.66086
4.68315
4.69006
4.6656
4.64058
4.66168
4.66777
4.64661
4.66053
4.66518
4.69078
4.65632
4.70207
4.68624
4.70337
4.68338
4.72794
4.67417
4.63159
4.65837
4.6644
4.64074
4.69135
4.68208
4.7127
4.67427
4.67047
4.63147
4.69305
4.7273
4.63066
4.64068
4.63147
4.65416
4.6619
4.67644
4.64987
4.6535
4.63459
4.65927
4.62247
4.64765
4.68456
4.68401
4.69534
4.63607
4.66841
4.6468
4.66369
4.65239
4.62341
4.60076
4.66287
4.66613
4.65392
4.65779
4.63434
4.59357
4.63239
4.626
4.61172
4.67237
4.65586
4.6273
4.63173
4.61714
4.6459
4.64273
4.65848
4.61202
4.64661
4.61359
4.63722
4.61799
4.64568
4.64643
4.60921
4.63988
4.63652
4.66234
4.63953
4.59819
4.62847
4.65415
4.63622
4.7132
4.63725
4.62913
4.69206
4.61756
4.63214
4.6654
4.63877
4.66618
4.6245
4.65256
4.64187
4.66398
4.66526
4.65708
4.65008
4.65339
4.66132
4.65136
4.70046
4.68274
4.65493
4.67585
4.66855
4.69166
4.70971
4.6868
4.70833
4.73544
4.74202
4.72408
4.72706
4.75405
4.75327
4.77742
4.7203
4.75598
4.76956
4.74145
4.78277
4.77174
4.74909
4.73027
4.77218
4.73743
4.76161
4.78072
4.73493
4.76868
4.78087
4.7911
4.74925
4.75055
4.81014
4.82528
4.7811
4.77708
4.81231
4.79155
4.82838
4.87039
4.81372
4.83654
4.82532
4.83917
4.85884
4.83504
4.84691
4.80811
4.81276
4.79041
4.83414
4.86843
4.84098
4.85484
4.83828
4.82296
4.84664
4.8625
4.83653
4.85132
4.88214
4.88849
4.83532
4.88406
4.81932
4.81467
4.85607
4.81758
4.88217
4.83341
4.83999
4.93241
4.91313
4.87359
4.87983
4.92552
4.88677
4.84141
4.88229
4.86341
4.90764
4.8492
4.83161
4.81918
4.84551
4.86052
4.85935
4.86025
4.80912
4.8568
4.84921
4.87052
4.83372
4.84344
4.83166
4.92473
4.82105
4.75993
4.80882
4.87142
4.82209
4.76058
4.80448
4.81888
4.81636
4.83457
4.82358
4.79217
4.75338
4.72715
4.7453
4.76935
4.73907
4.69079
4.74319
4.72403
4.71562
4.70446
4.71719
4.71905
4.64864
4.71036
4.69867
4.69028
4.64708
4.68373
4.66026
4.67046
4.66477
4.59647
4.63912
4.62719
4.59897
4.65413
4.61078
4.6293
4.63096
4.6236
4.59778
4.60131
4.63179
4.56577
4.5711
4.58028
4.53519
4.57464
4.62243
4.58366
4.53357
4.54637
4.55429
4.57331
4.57323
4.53752
4.58368
4.53505
4.55383
4.54309
4.53223
4.52459
4.55022
4.53905
4.53419
4.54915
4.51222
4.50968
4.50479
4.49135
4.5087
4.52086
4.51894
4.49144
4.51427
4.48064
4.50624
4.48653
4.49524
4.47044
4.48953
4.46117
4.4749
4.4892
4.43924
4.43863
4.44346
4.42713
4.38772
4.37916
4.35894
4.3322
4.31479
4.27317
4.23278
4.1881
4.15363
4.09349
4.03033
3.93544
3.83069
3.68705
3.33863
