 4789.907387
 4780.760910
 4638.392489
 4566.302496
 4472.927143
 4662.291572
 525.559831
 411.729577
 398.412915
 347.137839
 412.866036
 396.961200
 382.418266
 336.540001
 388.112339
 377.874342
 333.511235
 380.513074
 338.852474
 368.637933
 342.212084
 1306.885466
 1072.812742
 1040.969962
 918.540311
 1088.334471
 1336.477265
 1016.122008
 982.078674
 881.726908
 1001.918373
 1047.529157
 1013.049961
 945.156848
 856.362868
 973.173275
 1001.506544
 960.926094
 953.117589
 867.247148
 933.008626
 846.638177
 814.994102
 813.100731
 834.093757
 842.842428
 1057.883408
 997.949713
 967.360024
 935.231693
 870.610724
 2190.994829
 1873.337926
 1807.532962
 1619.725696
 1911.954438
 2238.122433
 1708.251150
 1664.167288
 1538.469042
 1691.056000
 1756.256247
 1675.404053
 1563.862509
 1472.350599
 1634.331138
 1657.393435
 1556.253568
 1564.787810
 1452.690541
 1529.758209
 1345.908954
 1279.298182
 1287.375383
 1323.048167
 1322.583453
 1816.410820
 1680.028476
 1634.351325
 1579.594538
 1476.649134
 1543.084452
 1740.827792
 1903.503132
 1861.986323
 2130.498363
 1980.182535
 653.499686
 741.849352
 745.178368
 836.404889
 764.280458
 764.567597
 763.325365
 848.765132
 790.232284
 776.337715
 857.690872
 805.448014
 850.732838
 801.384269
 866.609391
 294.913968
 307.956697
 310.044087
 339.985108
 312.738564
 312.183608
 314.231429
 344.489204
 317.899312
 322.476740
 351.497784
 326.852764
 348.480582
 327.731250
 352.712062
