3.55089
3.65843
3.69444
3.78879
3.75375
3.76963
3.75418
3.84276
3.8854
3.79574
3.82699
3.74881
3.81738
3.86616
3.90908
3.91543
4.1157
4.00468
3.97239
3.93475
3.90075
3.87183
4.09888
4.0035
3.97396
3.89034
3.70982
4.04524
3.88677
3.87233
3.88422
3.81711
4.11507
3.76941
3.85768
3.86883
3.8712
4.03873
3.8899
3.78427
3.66364
3.9231
3.97573
3.7836
3.94569
3.85661
4.06103
3.88772
3.88096
3.58316
4.06433
4.11572
4.10661
3.83636
4.19326
3.78335
4.00669
3.95369
3.97521
3.87203
3.95879
3.68454
3.94711
3.95576
3.88729
3.84854
3.94707
3.94079
4.26268
3.99869
3.96155
4.32433
4.20219
4.06092
3.91242
3.65533
3.77563
3.96998
3.87826
4.04238
3.75787
3.97471
4.00974
3.85245
3.81943
3.74604
3.97674
3.88608
3.9727
3.67829
4.05641
3.90964
3.65592
3.90966
3.73154
3.86776
3.81226
3.80817
3.79525
4.00742
4.16519
3.84151
4.02808
3.56389
3.75935
3.72279
4.22419
3.69674
3.80017
3.58676
3.785
4.03397
3.87188
3.7291
3.61274
4.03595
3.69128
3.81494
3.7712
4.33991
3.85528
3.87649
3.80512
3.73442
3.8883
3.80433
3.69295
3.91165
3.75961
3.75982
3.85585
3.90182
3.8944
4.29481
3.79447
3.98931
3.92858
3.83241
3.8677
4.04419
3.706
3.88162
4.0487
4.44041
3.75419
3.95842
3.55949
3.84724
3.76492
3.58511
4.3387
3.89136
3.90158
4.04926
3.99909
3.83829
3.80791
4.02934
3.91281
3.81403
3.9592
3.83773
4.22927
3.98005
3.90735
3.96005
3.92893
4.02548
3.83784
3.67047
4.00374
4.05189
3.81426
3.79573
3.78014
4.22836
4.04246
3.91317
3.83741
3.77112
3.97391
3.64386
3.95564
4.11572
4.22292
3.97524
3.96402
3.87097
4.09634
3.95847
3.75442
3.92822
4.09688
3.77045
4.29808
4.41149
3.80544
4.11852
4.00304
4.00571
4.11635
3.79561
3.95487
3.89671
4.16
4.01257
3.75762
4.32926
3.72627
3.79399
3.60658
3.75565
3.97575
3.71987
3.68511
3.58453
4.24785
3.69458
4.21421
4.01229
3.79555
3.87201
4.44721
3.85594
4.33607
4.26696
3.63987
4.2319
3.76039
4.02426
3.99754
4.01816
3.88764
4.17551
4.12766
3.67532
4.20883
3.86325
3.92123
4.03244
3.71554
4.46552
3.91705
3.65939
3.87556
4.7254
3.49027
4.30024
3.83987
3.87211
4.09224
3.88555
3.76055
3.71423
4.28755
3.6558
3.78381
3.46962
3.91919
4.13734
3.87325
4.88752
4.24082
4.22188
3.57772
4.01672
4.16953
4.17338
3.77494
3.69838
3.98856
3.95412
3.99792
4.19126
4.01345
3.8514
4.18559
3.94229
4.22766
4.21979
3.99794
3.81518
3.7963
3.82421
3.88407
3.61756
3.96501
4.25308
3.98532
3.90627
4.049
4.22009
3.56507
3.82934
3.80649
3.8271
4.04038
3.9746
4.19409
3.90225
3.74188
3.73641
3.83384
4.08717
3.63601
3.60038
3.71706
3.88421
3.9305
4.18088
3.83146
3.82655
3.75952
3.72934
3.83409
4.02461
3.78819
3.98408
3.95806
3.65698
4.13379
3.61429
3.84346
3.67333
3.8813
4.27596
3.99461
4.07746
3.79393
3.70883
3.65705
3.74391
4.08764
3.88407
3.80485
3.78193
3.72757
4.35535
3.84045
3.88097
4.15495
3.89429
3.76689
3.80713
3.91116
3.70971
3.53889
3.74088
3.92555
4.11023
4.24836
4.02743
4.02712
3.74881
4.05674
4.07915
4.02037
3.77846
4.26021
3.65729
3.88621
3.8662
4.13214
3.89388
3.73018
4.00303
4.2406
3.78574
3.77235
3.82703
4.04499
4.25195
4.11346
3.83659
4.02356
3.76109
4.08046
3.71849
3.50518
3.89533
3.96307
4.366
3.64398
3.82536
3.97451
3.75186
3.9114
3.76375
3.59468
4.02569
4.02126
4.06774
3.81513
3.9251
3.71945
4.07708
3.80213
3.95355
3.9867
3.87281
