4.95514
5.00384
4.77089
4.66035
4.38533
4.36219
4.13564
4.19122
4.3854
4.07144
4.41895
4.28087
4.17524
4.38161
4.27765
4.11254
4.38159
4.3844
3.95382
4.09061
4.10086
4.14457
4.05859
4.08653
4.05647
4.03459
4.10051
4.09886
4.21157
3.85297
3.99587
4.17109
4.09289
4.19677
4.36582
4.24865
4.1988
4.01772
4.21948
4.00098
4.2629
3.97256
3.96074
4.11635
4.5186
3.90638
3.86644
4.48172
4.0671
4.04446
4.02133
3.91642
4.18917
4.13197
4.01677
4.15889
4.528
4.11836
4.38537
4.02943
4.1102
4.28044
3.95038
4.27467
4.0028
4.46491
4.27353
3.83225
3.8372
4.20645
3.96042
4.10543
3.90822
4.73373
4.18811
4.18032
4.54126
4.51727
4.0186
4.33569
4.16529
4.2401
4.29738
4.18794
4.2311
4.14138
4.0983
4.13843
4.21078
4.07989
3.95372
4.46
4.2241
3.91934
4.29695
4.16152
4.03578
4.26284
3.93052
3.87823
4.26576
4.29436
3.91686
4.23653
4.50341
4.01379
4.65513
4.46186
4.19648
4.4028
4.69822
4.88808
4.31743
4.08353
4.23386
4.13163
4.08993
4.14116
4.28905
4.24056
4.47709
5.27155
3.92607
4.36351
4.11705
4.53808
3.98011
3.79839
3.9408
4.14937
4.16424
4.52458
4.4616
4.18118
4.22849
4.32166
5.34391
3.98447
3.84258
3.92844
4.51464
3.97175
3.80447
4.28729
4.14583
3.93747
4.21866
4.14268
4.07115
4.06714
4.18578
4.23806
3.8959
4.30025
4.27356
4.04501
4.25957
4.20226
4.11507
4.68247
4.30277
4.11832
4.48052
3.89518
4.00851
4.45358
4.13608
4.32208
4.71239
4.04127
4.08797
4.26941
4.69366
4.00357
4.2145
4.1876
4.27027
4.60695
4.20648
4.09248
4.07805
4.0546
4.02043
4.15458
3.96165
4.4068
4.08358
4.67331
4.28068
4.03171
4.17491
3.96705
3.93272
4.14504
4.13147
4.17668
4.0809
3.95841
3.83992
4.20003
4.24366
4.16283
4.17402
4.27531
4.10422
4.40099
3.90357
4.2214
4.10394
4.02298
4.20309
4.44253
4.23302
3.94373
4.43805
4.44764
4.00718
4.14462
4.1864
4.1785
4.31999
4.12956
3.97385
3.93545
4.13052
4.05397
4.14583
4.36208
3.88506
4.22741
4.06405
4.345
4.16763
4.06439
4.16341
4.07159
4.25917
3.83222
4.29689
4.44541
4.01115
3.94053
4.20845
4.37017
4.42527
4.1296
4.81777
4.15715
4.34641
4.36088
4.46992
3.64601
4.75732
4.13679
4.3862
3.92336
4.1784
4.25459
3.90045
4.68236
4.13444
4.22687
4.16583
3.84743
4.70369
4.39264
3.97082
4.22085
3.85312
4.12631
4.1909
4.01181
4.06641
4.19305
4.30648
4.17936
4.13023
4.04764
4.20594
3.97307
4.10896
3.98146
4.17535
4.17806
4.24096
4.1111
4.19184
3.9459
4.05913
4.15158
4.22172
5.41497
4.1924
4.2307
4.12563
4.26697
4.36851
4.29783
3.95609
4.01181
3.88441
3.90571
3.97224
4.23555
4.07479
4.0626
4.20429
4.16425
3.84156
4.26222
3.90671
4.67737
3.82282
3.79956
3.97402
4.0839
3.83038
3.7562
4.22217
4.25065
3.68634
4.19297
4.34664
4.0473
4.16186
4.31941
4.20914
3.96519
4.39101
3.9615
4.07725
4.20175
4.34899
3.96948
4.4248
4.20979
4.12328
4.00961
3.87871
3.906
4.55275
4.09834
4.1597
4.32098
4.19006
3.94314
3.91552
4.36536
3.96173
4.03014
4.11297
4.12703
4.23203
4.00375
3.71596
4.31682
4.27879
4.22179
4.13931
3.95464
4.07216
4.1144
4.69698
4.24649
3.94344
4.41507
4.44937
4.29067
4.18746
3.90319
4.0983
4.27625
4.78463
4.00561
4.29595
4.10059
4.11873
4.22847
3.77542
4.19682
3.94365
4.34779
4.37856
4.07508
4.13613
4.19655
3.88508
4.12623
4.35238
4.15073
4.2581
4.15082
4.12749
4.3368
4.26874
4.20317
4.29413
4.35265
4.41667
4.592
