5.52164
5.15183
5.33758
5.20521
5.1457
5.25906
5.02589
4.81377
4.6773
4.92219
4.69329
4.72798
4.46639
4.3467
4.70275
4.52857
4.457
4.28302
4.14256
4.2538
4.40874
4.26718
4.49904
4.31419
4.29373
4.49825
4.33933
4.45361
4.2606
4.25266
4.29354
4.80191
4.17395
4.4561
4.25823
4.1654
4.49615
4.65194
4.53944
4.06273
4.21234
4.38181
4.09087
4.48964
4.21924
4.44011
4.86577
4.14786
4.16541
4.41298
4.0285
4.39042
4.68414
4.37338
5.04213
4.47716
4.06023
4.06206
4.71087
4.57762
4.05499
4.3415
4.29747
4.40424
4.05074
3.96598
4.29512
4.1479
4.31607
4.15098
4.466
4.17867
3.99488
4.2308
4.43832
3.96498
4.41668
4.29118
4.19588
4.20443
4.4649
4.26506
4.10356
4.28326
4.45816
3.99185
4.85364
4.55103
4.3409
4.53058
4.31866
4.6444
4.19957
4.14921
4.47561
inf
4.68675
4.29612
4.54929
5.36764
4.31075
4.86993
4.09756
4.39379
4.38871
4.23472
5.2506
4.58473
4.93594
4.84544
4.86624
4.5443
4.05165
4.44293
4.363
inf
4.45885
4.51504
4.77899
4.23469
4.29373
4.39454
4.14748
4.19452
4.22213
3.87374
4.22186
4.3514
4.42974
4.31603
4.21178
4.33009
4.65178
4.48669
4.81152
4.31127
5.42581
4.55891
4.35306
4.28774
4.5839
4.33768
4.41487
4.01166
inf
4.73291
4.31988
4.45147
4.68967
4.61195
4.58009
4.27339
4.37184
4.4929
4.41433
4.20464
4.25679
4.10601
4.30126
4.70587
4.68669
4.41606
4.62162
4.67767
4.90385
5.35596
4.14439
4.38536
4.80219
4.54707
4.94002
4.19751
4.25432
4.76636
4.53327
4.41412
4.5407
4.60825
4.57161
4.60715
4.27342
4.37159
4.60502
4.39587
4.42867
4.90723
4.33369
4.10581
4.71489
4.22589
4.50543
4.58528
4.59101
4.52679
4.31523
5.16207
4.41942
4.34646
4.98096
4.53042
4.7402
4.66557
4.53377
4.67043
4.75658
4.61925
4.48953
4.54733
4.82011
4.72104
4.85181
4.24867
4.1362
4.80387
4.71102
4.82369
4.83581
4.60603
4.97084
inf
4.33899
5.37236
4.73243
5.46002
4.80882
4.81269
4.23047
4.28882
4.60149
5.0418
4.58139
4.54852
4.5936
4.72772
4.41174
4.68972
4.05963
4.50981
4.30377
4.4589
4.88649
4.72838
4.48189
4.68973
inf
4.71409
4.60105
5.29066
4.32773
4.27402
5.36277
4.63942
4.6272
4.37945
4.07208
4.35938
4.30622
4.09356
4.07493
4.29429
4.22228
4.45588
4.90011
4.41253
4.81614
4.20808
4.90607
4.41564
4.94991
4.49737
4.50016
4.59975
4.59181
4.41373
4.46248
4.41241
5.41682
5.34065
4.29413
4.90181
4.34001
4.4869
4.87791
4.37552
3.91807
4.46829
4.66919
4.23834
4.68965
4.39823
4.63864
4.93261
4.46727
4.35456
4.91902
4.67865
4.47029
5.31837
4.47418
4.47838
4.6492
5.29862
4.60966
4.07998
4.49015
4.25969
3.8611
4.44844
4.6566
4.3055
4.54145
4.28388
4.12412
4.70933
4.53024
5.40051
4.36067
4.9734
4.25814
4.27946
4.7067
4.46387
4.75932
4.70711
inf
4.05202
4.2952
4.27908
4.60975
4.50089
4.5807
4.26572
4.31975
4.73911
4.25394
4.90678
4.81786
4.1846
4.38957
4.37589
4.9802
4.63493
4.63239
4.56752
4.18707
4.65177
4.8817
4.87567
4.69472
4.59611
4.35487
4.24065
4.67534
4.87632
4.06521
4.62855
4.4648
4.67325
5.67816
4.403
4.67135
4.77167
4.84505
4.56387
4.54587
4.59446
4.83897
4.34809
4.61811
4.61749
4.77605
4.68868
4.49443
4.57862
4.6884
4.39157
4.69106
4.2562
4.9577
4.87345
4.71182
4.30676
4.77147
4.88922
4.67183
4.67672
4.76651
4.91802
4.69653
4.7332
4.71867
4.43684
4.59652
4.52147
4.54317
4.46188
4.54433
4.34118
4.43514
4.32192
