4.73904
4.75401
4.63958
4.4743
4.4913
4.40326
4.34699
4.39642
4.36976
4.15209
4.02259
4.32286
4.24828
4.26029
3.93815
4.52056
3.96986
3.94825
4.10809
4.13264
3.98557
4.15134
4.27612
4.1871
4.70126
4.28809
4.185
4.03494
4.25666
3.82138
4.03505
3.64766
4.19098
4.35879
4.39868
4.26164
4.2131
4.12966
3.99103
3.99302
4.2882
4.01598
4.02276
4.26492
4.2631
4.00187
4.07775
3.81195
4.1885
4.09563
3.86571
4.29601
4.27471
3.99452
4.28607
4.09027
4.22414
4.17466
3.86729
4.13566
4.19183
4.21539
3.89954
4.2398
3.97956
4.23637
4.26104
4.28808
4.19321
4.16242
4.0998
4.51425
3.92399
4.26817
4.02611
4.46729
4.09908
4.09964
4.02353
4.26018
4.10084
4.03947
4.05323
4.19505
4.40126
4.0422
4.06423
4.06547
4.12229
4.84999
4.46909
4.49881
4.25602
3.91692
4.08701
4.64195
4.60674
4.31242
4.13702
4.44751
5.33383
3.90221
4.33688
4.32289
4.12644
4.72383
4.43239
3.96111
4.5985
4.05769
3.87357
4.67722
4.16789
4.21874
3.99529
5.28102
4.47327
4.83964
3.95037
4.609
4.12358
4.11598
4.64948
4.36262
4.18478
4.18782
4.16116
4.41808
3.96578
4.00123
4.36006
4.37197
4.03142
4.46931
4.32047
3.9116
4.60719
3.90513
4.87436
3.88595
4.28154
4.18778
4.31315
4.17588
4.20271
4.03148
4.2188
3.98923
4.83105
4.3789
4.0179
4.20773
4.21141
4.06304
4.2822
4.89891
4.46011
3.93146
4.08803
3.90494
4.22277
4.06185
4.30363
3.991
3.94652
4.04841
4.54364
4.54325
4.11521
4.2542
3.96032
4.39822
4.22532
4.13016
4.12797
4.38816
4.43512
4.05506
4.36073
4.02795
4.03206
4.08972
4.14928
4.35549
4.12549
4.3081
4.0454
4.13204
4.19313
3.90469
4.23071
4.42758
4.17368
4.5037
4.16149
3.89581
4.21867
4.394
4.39396
4.15428
4.07648
4.03175
4.17557
4.29768
4.19283
3.83831
4.41788
4.20746
3.99063
4.26056
4.43257
4.47154
4.41464
4.25722
4.31039
4.33533
4.19584
4.35617
4.63989
3.99903
4.24594
5.35968
3.90097
4.09265
4.23173
4.34495
4.2936
4.11246
3.99041
3.95673
3.91582
4.58922
4.24356
4.08206
4.38901
4.32138
4.06679
5.43959
4.15136
4.53178
4.19271
3.95511
4.19105
4.3021
4.66
4.09365
3.97128
4.08283
3.93677
4.24982
3.94148
4.87341
4.55049
4.55111
4.75906
4.49617
4.21514
4.2285
3.92345
4.7101
4.263
4.14751
4.14451
5.07613
3.87858
4.14568
3.96699
4.1204
3.71616
4.10883
4.22118
4.64508
4.10254
4.73929
5.36021
3.98656
4.01915
4.25783
4.15778
3.95769
4.20188
3.76993
4.07491
4.15838
4.57964
5.3047
4.59684
4.14103
4.1543
4.13034
4.01894
4.20978
4.16509
4.16252
4.19841
4.32338
4.40361
4.07502
4.12838
4.06485
4.07859
3.98938
4.07414
4.92856
4.19281
4.47746
4.16009
4.43131
4.92821
4.36304
4.35431
4.29018
4.00265
4.32408
4.24418
4.96926
4.03061
4.67396
4.75225
4.46628
4.59335
4.8279
4.30707
4.64194
4.28544
4.49543
3.72558
4.21706
4.10598
4.09028
4.27083
4.31278
4.43132
4.56557
4.2458
4.14041
3.95785
4.4639
4.30842
4.20489
4.27153
4.37356
4.15928
4.50555
4.37851
4.1684
4.4212
4.50139
4.59996
4.56874
4.09758
4.30726
4.24915
4.43654
4.22562
4.3814
4.26149
3.98814
4.39452
4.2276
4.09297
4.43521
4.31824
4.39149
4.41607
4.86764
4.67796
4.29707
3.86664
4.34159
4.44074
4.30436
4.45724
4.29976
4.42788
4.66235
4.7436
4.53286
4.43747
4.59305
5.19747
4.35199
4.83927
4.82183
4.83781
4.60645
4.3513
4.34196
4.42115
4.52787
4.57891
4.48759
4.49121
4.56816
4.45967
4.47323
4.37542
4.33063
4.33235
4.40541
