4.92241
4.90151
4.75391
5.05898
4.90422
5.12008
5.64988
4.98474
5.33879
5.11566
4.90337
4.97273
4.8104
5.37832
4.99103
5.38479
5.57077
5.15013
5.12278
5.13535
4.72945
4.88888
5.02779
4.88141
5.0235
5.2435
4.72585
4.81419
5.59082
4.88281
5.15216
inf
5.11762
5.11491
5.23492
inf
5.43207
inf
4.76058
inf
inf
5.37561
5.37378
4.82458
5.21779
5.01056
inf
5.34746
5.29575
5.41744
5.49113
inf
5.29345
inf
5.3305
4.67829
4.73104
5.30334
inf
5.29791
inf
5.03564
5.34519
inf
4.95916
inf
4.44891
inf
inf
5.23323
inf
inf
inf
inf
5.03844
inf
4.68777
4.60377
4.9629
inf
inf
4.60723
inf
4.76131
inf
5.2408
4.70439
5.16746
5.04383
4.73739
inf
inf
inf
4.75845
5.18962
4.68535
5.11548
5.12096
5.06218
5.201
5.29567
5.06757
inf
4.5989
5.08801
4.74603
inf
inf
5.26741
5.11352
inf
4.75533
inf
inf
4.56589
5.14338
4.37777
inf
5.09921
4.97288
inf
inf
inf
4.66925
5.01018
4.35601
4.97517
inf
inf
4.66705
inf
4.73132
inf
4.49569
inf
inf
inf
5.01862
4.46521
5.22224
4.69043
inf
5.02923
inf
inf
4.58187
4.61776
5.16621
5.24925
inf
4.46681
4.74728
5.26928
4.73401
5.11555
inf
5.26497
4.94454
5.13267
5.18176
4.48517
4.29823
4.45428
5.14599
5.09036
4.82619
4.81883
4.51554
4.56703
5.36452
4.71769
4.65614
5.21912
4.64954
5.19934
4.29794
4.45469
4.64044
5.48189
5.05383
5.02694
4.60966
4.92237
5.397
inf
5.33893
5.53133
4.63913
4.83644
4.30193
5.37551
4.78242
5.16691
4.9936
4.84416
4.49832
5.17181
4.87328
4.98319
5.33127
4.91243
5.61037
inf
5.03384
4.79863
5.15462
5.12406
5.69336
4.93064
inf
4.87915
4.72103
4.98154
5.06048
4.32483
5.06766
4.74389
inf
4.59096
4.22204
4.82934
4.65267
5.04556
4.73856
4.64926
inf
4.99046
5.26088
5.40527
inf
4.50226
4.25351
4.93095
inf
5.26695
4.83763
4.87284
4.53005
4.26913
4.90661
4.75649
4.57947
4.29212
5.27833
5.3737
4.876
inf
4.80384
4.86825
4.61796
5.19849
4.72182
5.31123
5.21252
4.92837
4.34716
4.98437
4.79955
5.23578
inf
4.86081
4.63305
4.48931
4.61618
5.26124
inf
4.61836
4.86172
inf
4.80463
4.45475
4.70517
4.70503
4.41595
4.68701
inf
5.34558
5.24515
4.62108
5.3015
4.64472
4.95743
4.92939
5.39466
4.40061
5.18373
4.47114
inf
4.48793
inf
4.81197
4.50233
4.46711
4.82557
4.86832
4.17721
4.61651
4.88867
inf
4.68136
5.26866
4.39387
inf
5.18257
4.90771
5.34929
4.86422
5.3468
4.93472
4.90889
4.97042
5.27715
4.47659
4.88237
5.35484
5.46959
5.25601
4.93818
4.89019
4.42653
inf
4.52256
4.98315
inf
5.35279
4.81085
5.03609
4.75119
4.64954
4.80429
4.71353
4.77721
4.52303
4.75549
5.02074
inf
4.628
4.72417
5.48777
5.45858
4.71306
5.28823
5.52527
5.40548
4.66332
4.732
5.02451
4.8936
4.97575
5.28524
5.10772
5.0042
4.57377
5.10488
4.69494
4.90725
4.3814
4.92889
4.72312
4.5
5.72101
4.87494
4.99122
5.31371
5.53554
4.75299
4.63771
4.77953
5.06595
5.06431
5.13736
4.96211
inf
5.15671
4.89812
4.79555
5.02835
5.42154
5.08632
4.77493
5.12304
5.02291
4.52307
5.11733
5.26284
5.24866
5.18846
5.07505
5.38437
4.89786
4.87058
5.02772
4.94362
4.89515
5.09461
4.9338
4.6177
4.77254
4.57085
4.4771
