4.58805
4.3991
4.48523
4.45606
4.49217
4.49331
4.33267
4.379
4.61443
4.4745
4.23723
4.32185
4.47697
4.32187
4.49443
4.63044
4.54238
4.52631
4.33348
4.56232
4.34127
4.51702
4.28908
4.25891
4.48668
4.49126
4.60297
4.38644
4.38131
4.55142
4.59937
4.61061
4.50981
4.93344
4.30735
4.10195
4.36165
4.29367
4.29929
4.25894
4.14076
4.51285
4.49874
4.15461
4.19977
4.60028
4.4337
4.81899
4.46077
4.20607
4.50465
4.23255
4.53181
4.35921
4.33171
4.77018
4.48301
5.03604
4.25473
4.14078
4.40318
4.47193
4.28175
4.42407
4.25675
4.45185
4.59249
3.84553
4.53408
4.8181
4.49051
4.67456
4.7466
4.2221
3.96848
4.4979
4.53006
4.90123
4.46289
5.24841
4.4268
3.9176
4.19373
4.94958
4.16502
4.74272
4.0715
4.55236
4.51977
4.29917
4.65171
4.42948
4.1185
4.03877
4.39679
3.90538
4.51276
5.29769
4.56127
4.4532
4.32475
4.40499
inf
4.06843
4.48717
4.35992
4.51048
4.92264
4.63508
4.13093
4.5763
4.30698
4.47062
5.34816
4.19867
4.07789
4.3296
4.56988
4.42757
4.2845
3.98603
5.39352
4.36397
4.61878
4.13203
4.80919
4.78322
4.66851
4.86509
4.06121
inf
4.42389
4.40358
3.92716
4.01452
4.48967
4.85098
4.18138
4.20309
5.37961
4.22261
4.20704
4.47501
4.38492
4.9338
4.6432
4.81402
5.33439
4.72961
3.94827
4.47792
4.18355
4.52883
4.31687
4.73975
4.42097
4.22116
4.27493
4.30168
4.53473
4.33871
4.83282
5.27038
4.7129
4.64862
4.71129
4.9171
4.47499
4.73432
4.09167
4.36422
4.38791
4.53636
4.02139
4.72188
5.35662
4.3905
4.06516
4.19796
5.02633
4.40951
4.79807
4.54971
4.78764
5.03375
4.781
3.9367
4.51901
4.84967
4.06482
4.29418
4.54669
4.16909
4.27765
4.50828
4.19546
4.47155
5.00252
4.2575
4.52278
4.36662
4.16913
4.27239
4.32035
4.25147
4.24395
4.21697
4.37727
4.5701
4.48304
4.65289
4.84036
4.29277
4.48314
4.17131
4.0443
4.83221
4.65232
4.21637
4.49417
4.53891
4.40931
4.40972
4.52757
4.0826
4.75951
4.48587
4.62769
4.35493
4.54542
4.63865
4.05067
4.23534
4.09124
5.12647
inf
4.51934
4.46251
5.32356
4.22263
4.49197
4.54334
4.81757
4.1617
4.22704
4.2535
4.3052
4.04086
4.62939
4.2137
4.32393
4.40997
4.64431
4.10339
4.30494
4.12882
4.29022
4.1596
4.68318
4.68865
3.96908
4.49454
4.4804
4.31025
4.19273
4.80159
4.18611
4.91594
4.33284
4.82004
4.06965
4.62058
4.24618
4.39933
4.21002
4.11289
5.24972
inf
4.38802
4.6367
4.2162
5.26743
4.87336
4.60653
4.17394
4.16654
4.3242
4.40147
5.23906
4.91241
4.34128
4.66302
4.47129
4.35108
4.34484
4.39393
4.29768
4.28738
4.29781
4.54823
4.47376
4.25538
4.26404
4.38124
3.98093
4.35005
4.15663
4.33517
4.29455
3.9892
4.61939
4.34908
4.48089
4.3394
4.71416
4.21455
4.16984
4.138
4.18896
4.94844
4.15694
4.25248
4.68306
4.16045
4.76839
4.19889
4.13388
4.63703
4.48375
4.60465
4.51484
4.06289
4.32021
4.64909
5.02262
4.4828
4.30457
4.12509
4.62672
4.72229
4.42409
4.14403
4.4925
4.38535
4.47092
4.45743
3.95985
inf
4.54096
4.67938
4.40276
4.10568
4.3647
4.38746
4.64096
4.52269
4.50669
4.44242
4.36086
4.60948
4.26509
4.67648
4.95572
4.66907
4.89115
4.48946
4.85351
5.22573
4.81746
4.6463
4.32552
5.52123
4.51199
4.58019
4.75147
4.54555
4.92163
4.71383
5.17489
4.46242
4.60051
4.7114
5.1586
4.76541
4.76237
5.20558
4.78913
5.33902
4.69064
4.91665
5.08026
4.66309
4.82899
4.58049
4.88578
4.88027
4.65886
4.57313
4.55246
4.57825
