4.38552
4.50064
4.51262
4.6414
4.60511
4.76694
4.6426
5.31434
4.98711
4.78013
4.6181
5.09532
4.82983
4.91778
5.04771
5.12652
4.90023
4.93765
5.47378
4.71414
5.22542
5.10808
5.40145
5.92913
4.49594
4.62389
5.08708
5.4714
5.11638
5.04912
4.64651
4.60915
5.13893
4.43184
inf
4.87758
4.50258
5.03203
inf
5.58678
4.93252
5.13539
4.95384
5.53437
inf
4.96392
4.83696
5.15757
4.59153
5.33087
4.49767
4.81886
4.7446
4.76777
inf
4.55346
inf
4.79759
inf
4.74738
4.76193
4.8011
4.9809
5.01595
inf
4.72378
5.45108
4.42623
4.48351
4.66358
5.48174
4.95725
inf
4.77945
4.71841
4.56573
4.31549
5.00167
4.6247
4.53709
4.38552
4.93023
4.17744
4.65831
5.02504
4.679
4.8506
5.1524
4.69236
4.43061
4.51578
4.95131
inf
4.6879
4.70849
4.79536
4.65735
5.36638
4.84963
4.93425
4.66186
4.76308
5.2419
4.90145
5.17042
4.7816
5.24632
4.53386
5.27122
4.70923
5.25895
4.8494
4.68358
5.26205
4.78175
inf
4.71439
4.53015
5.27359
inf
inf
5.06003
inf
4.1776
4.75402
inf
5.21895
4.83517
5.21841
inf
inf
5.11673
5.08765
5.0642
4.84998
inf
inf
4.54486
5.15036
inf
5.19724
inf
inf
4.75554
inf
5.25525
4.79477
inf
4.41675
inf
5.2517
4.57788
5.18551
5.08979
4.46955
4.90267
5.19273
inf
5.24116
5.0029
5.19847
5.21194
inf
inf
inf
inf
4.68953
inf
5.30782
5.22137
4.7356
4.78991
4.98725
inf
inf
inf
4.92058
4.8101
5.21128
5.06226
inf
5.14726
inf
5.37468
4.71431
inf
5.26262
5.2255
inf
4.61177
5.21191
inf
4.94866
5.30497
inf
inf
4.82633
5.31454
5.60779
5.26277
5.13359
5.43464
5.44439
inf
4.94734
inf
5.26392
5.49167
5.36879
5.16465
inf
4.51587
4.61361
5.17665
5.26982
5.38755
inf
inf
5.11192
5.3228
inf
5.00832
4.67242
4.75728
4.71726
4.92074
inf
inf
inf
4.33518
inf
inf
4.71725
inf
4.42618
inf
inf
inf
4.81067
inf
inf
inf
inf
inf
5.11965
inf
inf
4.91206
inf
inf
inf
inf
4.8618
inf
inf
inf
5.1447
inf
5.00046
5.15117
inf
inf
inf
inf
inf
inf
inf
inf
inf
4.84788
inf
inf
4.9922
inf
inf
inf
inf
inf
5.11667
inf
inf
inf
4.97825
inf
4.93423
inf
inf
inf
inf
4.84505
4.84595
4.89926
4.83613
inf
inf
inf
inf
inf
inf
inf
5.09382
inf
inf
inf
inf
inf
4.43333
4.81607
inf
5.00331
inf
inf
inf
4.92904
inf
inf
inf
inf
inf
inf
inf
inf
inf
inf
inf
inf
5.02793
4.67949
inf
5.04209
inf
5.10644
4.68114
inf
inf
4.23114
inf
inf
inf
inf
5.0573
5.13501
4.59074
4.67017
5.25807
5.19382
5.0492
4.7083
inf
inf
inf
inf
5.09307
inf
5.33084
inf
inf
inf
4.85613
inf
5.30205
4.93927
4.92546
5.1871
5.25203
inf
inf
5.48463
inf
5.03608
inf
5.53515
5.44112
inf
4.95523
5.54572
inf
5.29687
4.9765
5.29999
inf
5.74568
5.38147
inf
5.66659
inf
inf
5.25224
5.34355
5.28197
4.95571
5.58314
5.74373
5.32954
5.4378
5.52203
5.02544
5.32398
4.93559
4.80535
