4.23729
4.08415
4.01688
3.88193
3.80482
3.71245
3.61991
3.62464
3.549
3.484
3.56895
3.53741
3.61642
3.57044
3.4493
3.55964
3.45588
3.36605
3.49345
3.39976
3.37893
3.45128
3.47619
3.43597
3.50557
3.3537
3.41147
3.5066
3.47465
3.35833
3.43859
3.32621
3.44435
3.47859
3.62225
3.32005
3.48484
3.47975
3.47557
3.29394
3.56712
3.42491
3.4151
3.47642
3.51213
3.27855
3.32673
3.43973
3.44412
3.53348
3.42373
3.4069
3.34522
3.53133
3.51921
3.46949
3.32372
3.42724
3.37033
3.4145
3.3906
3.33908
3.53912
3.46889
3.39222
3.28798
3.30633
3.41439
3.33564
3.36444
3.45231
3.3885
3.3127
3.38769
3.33401
3.41398
3.44901
3.38891
3.45091
3.40978
3.55333
3.3618
3.48588
3.4163
3.38861
3.39234
3.33363
3.42466
3.52775
3.42366
3.52835
3.41388
3.48075
3.58099
3.44971
3.58381
3.48436
3.57805
3.4096
3.55551
3.61196
3.51639
3.68417
3.36262
3.5492
3.41018
3.55339
3.51278
3.46248
3.34858
3.57606
3.54028
3.68371
3.46363
3.771
3.42846
3.4552
3.43497
3.43085
3.47299
3.46624
3.48544
3.43734
3.51488
3.36425
3.39193
3.34426
3.47854
3.28876
3.49996
3.64915
3.43105
3.58493
3.48929
3.73649
3.6046
3.58509
3.54891
3.50744
3.53813
3.33453
3.36978
3.55362
3.3121
3.43404
3.46348
3.50524
3.44539
3.4123
3.50589
3.35603
3.57208
3.40506
3.41286
3.48557
3.6985
3.49502
3.39086
3.49348
3.48814
3.47687
3.59059
3.34102
3.38553
3.33611
3.61689
3.38576
3.41501
3.70431
3.67441
3.42395
3.40281
3.50496
3.74333
3.57123
3.4222
3.57335
3.49459
3.42058
3.55554
3.38659
3.48917
3.48206
3.58073
3.43949
3.51338
3.35249
3.50554
3.3971
3.4656
3.39629
3.50695
3.49939
3.44599
3.26382
3.48648
3.47317
3.61955
3.31845
3.30824
3.33305
3.48595
3.48095
3.44743
3.24601
3.32944
3.41382
3.49492
3.3443
3.44165
3.51709
3.5029
3.3267
3.3643
3.51775
3.44778
3.50933
3.43204
3.42878
3.41777
3.45767
3.5392
3.35402
3.34708
3.41792
3.35892
3.26746
3.41513
3.33728
3.50893
3.41831
3.35329
3.25547
3.39768
3.25929
3.50065
3.48326
3.249
3.65392
3.33054
3.2656
3.45572
3.53077
3.40469
3.58928
3.57961
3.49668
3.35643
3.35653
3.3658
3.43094
3.35923
3.56495
3.29235
3.48417
3.56329
3.44373
3.38301
3.43908
3.86857
3.49021
3.39936
3.34415
3.41339
3.57167
3.46957
3.37462
3.35915
3.4904
3.48174
3.35033
3.55367
3.29977
3.42217
3.54735
3.56199
3.35684
3.43461
3.39775
3.4174
3.32806
3.31928
3.77388
3.60472
3.47109
3.51294
3.35343
3.2642
3.28411
3.41492
3.39514
3.51628
3.28894
3.52286
3.30285
3.3945
3.38088
3.28657
3.61006
3.33578
3.1996
3.38722
3.71229
3.36423
3.36696
3.39066
3.28169
3.37941
3.5979
3.30954
3.21395
3.38205
3.34401
3.23757
3.26048
3.59961
3.42996
3.56616
3.38223
3.37721
3.48704
3.57297
3.41653
3.48423
3.2938
3.69032
3.18146
3.50234
3.68345
3.44507
3.42068
3.45312
3.36126
3.55194
3.59784
3.35315
3.51078
3.43122
3.30002
3.57246
3.40958
3.41634
3.37129
3.32616
3.43551
3.31177
3.95764
3.36758
3.57653
3.49826
3.54458
3.26642
3.42128
3.60555
3.49872
3.35107
3.6018
3.27791
3.5157
3.46401
3.31178
3.49066
4.01369
3.35217
3.73612
3.52927
3.76519
3.63804
3.59079
3.52568
3.55628
3.4229
3.72999
3.71338
3.61041
3.58006
3.49338
3.6105
3.60584
3.51078
3.60233
3.57704
3.59334
3.48277
3.70879
3.45265
3.44688
3.58811
3.80592
3.55456
3.66192
3.43357
3.49771
3.55802
3.52917
3.422
3.53097
3.59501
3.60251
3.53383
