3.65477
3.7421
3.74769
3.78344
3.77266
3.75607
3.7538
3.93988
3.79267
3.7603
3.90777
3.89659
3.82072
3.91433
3.80405
3.73276
3.7005
3.73625
3.79334
3.79174
3.85317
3.79254
3.71135
3.70079
3.80298
3.87683
3.6984
3.85827
3.73047
3.9158
3.82601
3.91816
3.65886
3.63095
3.78257
3.76804
3.81824
3.92607
3.91241
3.82056
3.84703
3.65183
3.78249
3.91615
3.7074
3.88551
3.75394
3.73347
3.80908
3.77794
3.80203
3.88936
3.82785
3.75764
3.85276
3.69147
3.60572
3.70624
3.70692
3.87577
3.95697
3.52627
3.72601
3.75419
3.80351
3.79653
3.93175
3.66231
3.9653
3.66686
3.59824
3.86901
3.73055
3.65022
3.88417
3.72777
3.7
3.82891
3.76426
3.54192
3.66108
4.12229
3.66256
3.65848
4.07984
3.73036
3.76882
4.16693
3.86512
3.8989
3.78367
3.89269
3.99929
3.70002
3.72193
3.7672
3.99303
3.71002
3.81633
3.88231
3.84923
3.89143
3.77613
3.96091
3.87748
3.80498
3.68435
3.6182
3.67846
3.74861
3.79229
3.6654
3.82458
3.68747
3.55824
3.59111
3.77365
3.81868
3.8843
3.98128
3.93516
3.79962
3.65076
3.85338
3.7034
3.81772
3.92602
3.76508
3.76958
3.84948
3.83268
3.81128
3.98074
3.85675
4.05912
3.96399
3.87055
3.75425
3.80643
3.92015
3.58891
3.77417
3.60423
3.86502
3.79369
3.66958
3.8809
3.81349
3.69109
3.72337
3.833
3.61489
3.4546
3.59552
3.67711
3.78146
3.64546
3.71805
3.68415
3.68957
3.82532
3.75505
3.80262
3.69337
3.64569
3.82231
3.65646
3.86156
4.03394
3.62734
3.70526
3.72892
3.70077
3.8249
3.83144
3.80524
3.81844
3.78967
3.89855
3.59831
3.96555
3.8842
3.75962
3.85974
3.77929
3.71552
3.66095
4.00515
3.76049
3.81073
3.91603
3.88001
4.00947
3.64026
3.98143
3.77699
3.64829
3.79295
3.68818
3.7632
4.26427
4.02535
4.03665
3.63545
3.98341
3.73282
3.86751
3.9818
3.56646
3.97795
3.53
3.62204
3.67951
3.80288
3.59816
3.70449
4.29834
3.60354
3.89326
3.98384
3.70693
3.6891
3.69463
3.96841
3.67614
4.00881
3.77266
3.66419
4.06978
4.24015
3.81678
3.96697
3.73251
3.65372
3.79965
4.22881
3.81393
3.79123
3.69219
4.07146
3.66685
3.67695
3.72108
3.70287
3.75435
3.61225
3.73067
3.83183
4.41476
3.61476
3.69226
3.67548
4.09484
3.67413
3.73436
4.07086
4.05344
4.01977
3.87727
3.42638
3.92803
4.33372
3.54014
3.89987
3.78767
3.95877
3.72957
3.81914
3.81038
3.41419
3.60971
3.58425
3.60718
3.88489
3.59992
3.85422
3.74437
3.75683
3.59106
4.95279
3.51742
3.59566
3.48316
3.74098
3.72564
3.62569
3.64746
3.7536
3.47713
3.9389
3.64273
3.54773
3.7683
3.88721
3.9284
4.03358
4.03719
3.5249
3.60828
3.72027
3.72923
3.34767
3.58192
3.67267
3.50022
3.44855
3.59573
3.69638
3.81892
3.68126
4.02676
3.36841
3.59887
3.41008
4.24104
4.59085
3.73529
3.82837
3.64792
3.94266
3.59937
3.59606
3.76694
3.72788
3.94841
3.62756
3.48871
3.88023
3.58858
3.89088
3.70619
3.57592
3.85558
3.53461
3.59777
3.45861
3.67638
3.51324
3.7449
3.73938
3.77402
3.53665
3.84364
3.33167
3.93176
3.47579
3.55967
3.76308
3.53815
3.60283
3.57338
3.9122
3.86576
3.67185
3.78917
3.70375
3.76182
3.72448
3.89152
3.66799
4.2494
3.53133
3.75337
3.657
3.29601
3.75213
3.66413
3.76558
4.00015
3.57716
3.69323
3.4646
3.60351
3.69292
3.57122
3.7252
4.17507
3.81405
3.80521
3.48099
3.64523
3.86174
3.96836
3.45303
3.81332
3.9171
3.8882
3.54973
4.01365
3.60057
3.91528
3.61415
3.78788
3.71062
3.71563
3.39305
3.52398
3.60452
3.56521
3.77974
