4.68142
4.303
4.09412
4.08088
3.92499
3.89871
3.85603
3.79955
3.83201
3.64356
3.80059
3.75368
3.71886
3.57901
3.62296
3.57647
3.5373
3.61238
3.56147
3.58034
3.52177
3.51454
3.37597
3.44564
3.39133
3.52039
3.3929
3.52242
3.29282
3.50946
3.45404
3.49682
3.52534
3.38676
3.51594
3.40635
3.49804
3.45155
3.38241
3.50929
3.34101
3.34054
3.28563
3.31665
3.41436
3.58261
3.38703
3.3377
3.4707
3.38061
3.33241
3.47829
3.34048
3.44246
3.54361
3.35376
3.24761
3.52377
3.39938
3.38215
3.56895
3.35973
3.45868
3.30151
3.4543
3.2817
3.42831
3.52989
3.34108
3.35371
3.40291
3.3694
3.54235
3.205
3.42271
3.32555
3.40908
3.41382
3.37684
3.53158
3.46325
3.6068
3.38942
3.38712
3.56006
3.29368
3.34199
3.40547
3.36168
3.48859
3.40349
3.39401
3.53939
3.35892
3.36194
3.31362
3.32866
3.37093
3.61158
3.42994
3.36402
3.38715
3.41859
3.34255
3.59707
3.3457
3.44486
3.60622
3.42903
3.3284
3.1282
3.38581
3.30916
3.52495
3.45764
3.21768
3.40606
3.24336
3.50806
3.35451
3.36466
3.26837
3.36138
3.37452
3.2855
3.2603
3.45693
3.51196
3.22749
3.45456
3.27637
3.30949
3.286
3.53801
3.28089
3.39018
3.37681
3.2189
3.35923
3.28024
3.22805
3.3826
3.28499
3.24309
3.40665
3.33386
3.30552
3.3099
3.32057
3.26028
3.42227
3.3125
3.23321
3.32655
3.31264
3.17479
3.36611
3.33403
3.40502
3.2463
3.20779
3.3082
3.19291
3.25767
3.39756
3.32376
3.24394
3.14782
3.12049
3.28013
3.30183
3.53328
3.1862
3.2247
3.36633
3.22512
3.34073
3.31589
3.30472
3.28841
3.32555
3.11763
3.14378
3.18409
3.07785
3.25889
3.13549
3.25546
3.25127
3.23964
3.12594
3.22616
3.06983
3.20008
3.11437
3.27756
3.31045
3.05172
3.24155
3.06156
3.17439
3.04794
3.22631
3.18032
3.36016
3.3223
3.16782
3.24479
3.25677
3.31945
3.22603
3.14635
3.17356
3.1599
3.09894
3.07257
3.22404
3.09218
3.23677
3.15504
3.28463
3.26253
3.15262
3.29698
3.21167
3.29519
3.22339
3.31159
2.97338
3.16521
3.24421
3.21634
3.08481
3.09293
3.31592
3.08029
3.26884
3.09543
3.15016
3.10897
3.21489
3.12253
3.08893
3.28156
3.05818
3.09845
3.22998
3.30682
3.12886
3.24321
3.25798
3.22691
3.03569
3.17892
3.19808
3.19448
3.20912
3.0813
3.18877
3.02863
3.1185
3.32718
3.23518
3.01258
3.16534
3.22903
3.21519
3.30901
3.17743
3.19518
3.1196
3.25947
3.31607
3.09212
3.36581
3.27282
3.32205
3.27347
3.18595
3.16089
3.11077
3.01606
3.16442
3.02196
3.1468
3.23938
3.10438
3.36443
3.26146
3.06656
3.31271
3.53376
3.17274
3.05457
3.29496
3.50195
3.3189
3.05532
3.1779
3.36866
3.20783
3.34952
3.19581
3.2684
3.41411
3.21053
3.32886
3.16198
3.26498
3.12718
3.35422
3.16114
3.13193
3.17445
3.26158
3.19099
3.05119
3.29292
3.22839
3.11717
3.15197
3.20964
3.13167
3.15706
3.33914
3.1224
3.34018
3.322
3.21233
3.25634
3.0718
3.20301
3.27311
3.02915
3.13783
3.34318
3.29733
3.09656
3.13768
3.40078
3.33508
3.16448
3.3403
3.31551
3.17813
3.19109
3.14075
3.04425
3.1869
3.31817
3.28319
3.146
3.32214
3.29387
3.23666
3.16512
3.50028
3.22994
3.24399
3.31007
3.18279
3.51761
3.1881
3.37644
3.11054
3.28342
3.16005
3.36114
3.34283
3.3284
3.09999
3.31395
3.38307
3.28707
3.23133
3.43509
3.28289
3.18056
3.48115
3.12745
3.41736
3.35487
3.32293
3.39176
3.33744
3.09007
3.17958
3.30729
3.27984
3.25766
3.20135
3.39975
3.28531
3.18726
3.26899
3.2658
3.1794
3.36799
3.41629
3.51214
