3.94896
3.86559
3.77875
3.68917
3.70476
3.70759
3.69182
3.65834
3.68523
3.59467
3.7415
3.51676
3.72158
3.56801
3.60251
3.70974
3.69777
3.6951
3.64185
3.66033
3.6096
3.53779
3.56821
3.55871
3.84324
3.67474
3.52495
3.67619
3.52852
3.46703
3.61157
3.67576
3.61887
3.749
3.72111
3.60817
3.775
3.61179
3.6772
3.52143
3.54932
3.83539
3.80629
3.50199
3.72736
3.54764
3.57843
3.49557
3.54707
3.65963
3.48869
3.54427
3.57811
3.62284
3.5284
3.69431
3.66393
3.53162
3.65081
3.76685
3.57245
3.66255
3.57509
3.54366
3.75903
3.54159
3.65395
3.59316
3.66344
3.73811
3.55349
3.66322
3.5083
3.53851
3.63182
3.58638
3.64166
3.60929
3.6272
3.64979
3.58503
3.62395
3.37664
3.73245
3.60388
3.59466
3.94946
3.52062
3.64486
3.74606
3.79765
3.63432
3.56081
3.74667
3.6891
3.63274
3.65364
3.67441
3.7632
3.58344
3.71768
3.66548
4.04325
3.38979
3.91652
3.60991
3.7654
3.67167
3.68509
3.61991
3.48494
3.70684
3.59707
3.47664
3.51985
3.63176
3.71924
3.65298
3.68524
3.55446
3.6798
3.65749
3.49037
3.82199
3.44652
3.54238
3.44011
3.64543
3.67792
3.65057
3.70919
3.7151
3.40018
3.50947
3.62853
3.32174
3.5001
3.37094
3.57588
3.44824
3.56327
3.48883
3.44634
3.54668
3.47097
3.58934
3.44606
3.49322
3.54924
3.47568
3.53406
3.45267
3.4508
3.4573
3.45568
3.4429
3.35486
3.34557
3.57735
3.61889
3.47671
3.41307
3.41668
3.49523
3.4424
3.39292
3.62987
3.34468
3.46173
3.46898
3.57145
3.34638
3.55798
3.61675
3.43611
3.4017
3.49526
3.54257
3.34156
3.4508
3.50294
3.53601
3.53808
3.41065
3.44752
3.40061
3.33087
3.45055
3.37071
3.71169
3.49909
3.79755
3.58096
3.66306
3.43573
3.44963
3.29357
3.59403
3.51593
3.37739
3.48793
3.30542
3.6248
3.65962
3.46644
3.48499
3.71446
3.47465
3.62781
3.34392
3.50194
3.46606
3.48134
3.5571
3.44741
3.50402
3.51169
3.44719
3.30405
3.78905
3.7442
3.51762
3.33778
3.36429
3.52267
3.17621
3.50431
3.47295
3.46857
3.44441
3.66633
3.43987
3.47991
3.52502
3.56035
3.52589
3.42727
3.42667
3.55188
3.30419
3.43986
3.32454
3.51574
3.55029
3.48101
3.38536
3.35009
3.25787
3.30761
3.80553
3.80786
3.26435
3.76265
3.51942
3.46485
3.28186
3.62466
3.53167
3.39893
3.38886
3.49661
3.35862
3.24238
3.55148
3.59931
3.59687
3.34221
3.59248
3.60039
3.88515
3.22138
3.54865
3.3818
3.46691
3.42906
3.78742
3.43852
3.40443
3.72111
3.40304
3.33273
3.34498
3.49254
3.4301
3.40873
3.30825
3.60672
3.64628
3.31262
3.68831
3.32419
3.61192
3.29005
3.46643
3.3752
3.37895
3.62986
3.47269
3.86104
3.43455
3.51589
3.76745
3.30062
3.40001
3.18854
3.26866
3.36269
3.63089
3.70348
3.62094
3.50836
3.33184
3.34617
3.31659
3.17616
3.41388
3.54949
3.82847
3.64114
3.56674
3.28733
3.40714
3.3804
3.49725
3.44931
3.55103
3.11954
3.47332
3.69058
3.28575
3.40571
3.48297
3.4341
3.3333
3.43827
3.68893
3.27559
3.22238
3.622
3.48271
3.61803
3.5098
3.59577
3.70178
3.49856
3.7516
3.38758
3.71405
3.43775
3.44476
3.69932
3.27095
3.46552
3.24669
3.34161
3.384
3.31458
3.27684
3.39984
3.62461
3.72125
3.30711
3.5533
3.56453
3.55935
3.27389
3.52721
3.33213
3.59838
3.26437
3.43557
3.38102
3.50132
3.33123
3.54886
3.34432
3.49691
3.2501
3.36477
3.58383
3.45947
3.45856
3.36577
3.30306
3.58296
3.40853
3.78585
3.70676
3.31714
3.57123
3.32153
3.64131
3.4351
3.43802
3.60643
3.51223
3.73758
3.63809
3.59765
3.77155
