3.53906
3.64351
3.72973
3.75146
3.79868
3.73906
3.81271
3.83726
3.77413
3.84469
3.95016
3.95949
3.99191
3.94025
4.10904
3.83057
3.90551
4.04459
3.88266
3.96174
3.99167
3.97808
3.9221
3.9036
3.80783
4.07193
4.07669
3.85127
4.13729
3.90743
4.02605
4.11505
3.93654
3.9663
3.90147
4.16044
4.0369
4.25124
4.0755
3.84755
3.75469
3.89222
4.20787
3.94031
4.09941
3.93707
4.08699
4.09079
4.06167
3.96367
4.09497
4.26683
3.91597
3.90661
3.86701
3.95389
3.99539
3.95512
4.16715
4.50945
4.02596
4.02225
3.90985
3.93875
4.29196
3.99977
4.2521
3.90804
3.83858
3.95762
4.04548
3.82763
4.14762
4.0667
3.95177
4.10053
3.92106
3.91727
4.09076
4.00408
3.83533
3.8671
3.9442
4.05704
4.00775
4.05916
4.08636
3.79812
3.86103
4.0641
4.14636
3.99223
4.06881
4.1206
4.04457
4.17654
3.84676
4.29018
4.11731
3.8436
4.03354
4.12987
4.26016
4.10941
4.18341
3.90947
4.77285
4.07015
4.1389
4.02932
3.99282
4.42416
4.14438
3.88998
3.91188
4.00691
4.03339
4.20098
3.86993
3.85082
3.83678
4.0678
3.68084
3.89778
3.74769
3.90798
3.81291
3.91551
3.86836
4.09806
4.05343
3.91036
4.18695
3.77407
3.96744
3.99835
4.15012
4.13008
3.94713
4.05449
4.0637
3.98837
3.83045
3.98755
3.83348
3.93631
3.8567
3.82672
3.74779
4.23267
3.9999
3.9864
4.08107
4.20192
4.0048
4.23307
4.11927
3.92227
4.03498
4.0231
3.7482
3.89763
3.8073
3.78321
4.21964
4.07528
3.7528
3.94489
3.75097
4.29554
3.91845
3.87495
3.97716
3.96199
3.99297
4.03132
4.13757
3.98532
3.84128
3.49635
4.06834
3.91233
3.72385
4.21229
3.96538
3.8463
3.8201
3.94645
3.78685
3.96553
3.99165
3.92002
3.81454
3.70523
4.03391
4.06916
3.86154
3.72973
3.92147
4.02525
4.0413
3.5907
4.05309
3.92212
3.73891
4.29613
3.7181
4.10525
3.79911
4.25866
3.75806
3.62756
3.74139
3.78033
3.72786
4.03164
3.87063
3.96069
4.00046
4.34506
3.97566
3.91688
4.16326
3.93824
3.89275
3.63583
4.05246
3.83551
3.76752
4.23691
3.98567
3.73798
4.35605
4.44449
3.72984
4.34795
3.8951
4.14065
3.90198
4.26997
3.88843
3.52801
3.86214
3.77965
4.0761
3.88283
3.9278
4.42248
3.5973
3.89695
3.84403
4.00755
3.68823
3.734
4.25428
4.16316
3.7965
4.08224
3.99435
4.3282
3.96706
4.1572
3.88091
3.94262
4.01871
3.96783
4.02368
4.56351
3.91853
4.05291
3.82234
3.79762
4.11729
3.60172
4.43343
4.13466
3.61483
4.25364
3.6847
3.84884
3.9569
3.57883
4.05942
3.59203
3.7648
3.63239
3.59645
3.62409
4.04003
4.22421
4.56523
3.78855
3.97975
3.77756
3.58256
4.6106
3.84244
4.11199
3.67042
3.88943
3.71573
3.64949
3.62169
3.7371
3.78043
4.60698
3.95262
3.80914
3.89697
4.27866
4.02958
3.73559
3.90504
3.7114
3.77253
4.13287
3.81664
3.74722
3.8137
3.46366
4.50321
3.65968
3.58243
4.07341
3.83975
3.75422
3.41904
3.83695
3.60027
3.61428
3.43502
3.87719
3.48304
3.78779
3.83317
3.70755
3.68305
3.8024
3.48258
3.89739
3.67693
3.69324
4.16882
3.68041
3.82154
3.83208
3.69429
4.03852
3.90717
3.26352
3.75113
3.87247
4.23998
3.75617
3.61002
3.80169
3.78075
3.94558
3.96075
3.62415
3.8042
3.68748
3.56608
4.02181
3.47126
4.18689
3.3739
4.06956
4.93198
3.76464
3.70082
4.13915
3.9009
4.17277
3.88202
4.01214
3.53967
4.11111
4.71651
3.82353
3.96137
3.71799
3.83074
3.72798
3.92434
4.14779
3.6834
4.40918
4.42752
4.04591
4.64616
4.62057
4.09634
4.09227
3.9911
4.14185
4.35405
4.27084
4.3117
4.00637
