3.78657
3.74068
3.70427
3.69598
3.66472
3.67473
3.70962
3.63973
3.735
3.67745
3.67825
3.70336
3.56353
3.64583
3.62351
3.75836
3.62728
3.69868
3.67634
3.65471
3.59464
3.51298
3.72697
3.6242
3.59538
3.89312
3.67971
3.75083
3.65066
3.69637
3.62685
3.72551
3.73652
3.69699
3.72493
3.65509
3.67714
3.70017
3.76737
3.50084
3.56427
3.82256
3.64017
3.77444
3.6988
3.76028
3.58876
3.78369
3.69338
3.65268
3.86358
3.77935
3.54999
3.78723
3.46998
3.69596
3.79518
3.5529
3.5706
3.61155
3.77111
3.88172
3.70428
3.72583
3.51046
3.80922
3.71089
3.6572
3.82373
3.48628
3.55957
3.71197
3.66794
3.58636
3.78961
3.63882
3.65326
3.53291
3.65476
3.415
3.72316
3.78747
3.55536
3.42007
3.53457
3.66435
3.3317
3.81607
3.52065
3.61119
3.77666
3.59573
3.68238
3.90412
3.66361
3.76149
3.59205
3.55049
3.68692
3.61244
3.49702
3.87509
3.61399
3.9085
3.821
3.85997
3.94678
3.85902
3.81414
3.60059
3.79314
3.58687
3.64232
3.71316
3.58465
3.67839
3.72452
3.88558
3.55699
3.67218
3.63664
3.72015
3.44217
3.83683
3.80864
3.85352
3.83754
3.71957
3.53472
3.6401
3.79
3.78754
3.62755
3.95341
3.71261
3.68635
3.6898
3.52305
3.72429
3.6041
3.88996
3.55075
3.55234
3.88516
3.71995
3.83787
3.62958
3.66955
3.72524
3.69682
3.68493
3.95396
3.68414
3.65594
3.66149
3.70659
3.88297
3.63466
3.48458
3.52909
3.69475
3.66129
3.67291
3.54914
3.56876
3.55306
3.51928
3.67831
3.8051
3.57199
3.38958
3.68797
3.50155
3.86226
3.7081
3.68563
3.4621
3.60221
3.63536
3.67953
3.58501
3.62844
3.74852
3.58925
3.56429
3.74486
3.73548
3.80438
3.65426
3.86412
3.76756
3.93023
3.46147
3.50029
3.82237
3.51898
3.83507
3.83786
3.54887
3.46199
3.53769
3.62719
3.66396
3.47019
3.35457
3.82422
3.48047
3.7294
3.63242
3.78095
3.48418
3.53854
3.58823
3.71073
3.561
3.56637
3.61352
3.84295
3.56836
3.21033
3.58321
3.61711
3.49745
3.40879
3.44831
3.63931
4.02194
3.5844
3.53092
3.78653
3.48965
3.78146
3.52887
3.62315
4.06989
3.33785
3.63926
3.4302
3.68782
3.69875
3.48913
3.62176
3.83446
3.52323
3.56292
3.82165
3.40352
3.60629
3.83967
3.72885
3.55447
3.64748
3.47962
3.58636
3.56085
3.64758
3.71031
3.52815
3.51264
3.62486
3.60422
3.91481
3.42261
3.66909
3.74019
3.8228
3.50059
3.74835
3.6492
4.42332
3.73364
3.31678
3.55114
3.95912
3.83807
3.60552
3.54164
3.81093
3.50202
3.34051
3.7776
3.71537
3.66913
3.84371
3.4379
3.75371
4.08019
3.75116
3.88934
3.63549
3.51162
4.07399
3.75565
3.86215
3.5575
3.52409
3.5302
3.37041
3.93745
3.78252
3.61836
3.61943
3.40556
3.5742
3.75227
3.70104
3.77744
3.57166
3.65561
3.65658
3.72831
3.41877
3.65216
3.66606
3.63303
3.83528
3.65116
3.52578
4.00944
3.54888
3.60304
3.66016
3.8081
3.70084
3.52038
3.96355
3.81348
3.68944
3.45105
3.50027
3.74588
3.58961
3.56645
3.94219
3.49229
3.76928
3.98124
3.8025
3.36029
3.71745
3.54048
3.92918
3.47567
3.61341
3.46342
3.68479
3.48505
3.6132
3.55728
3.64419
3.63626
3.59784
3.51364
3.4214
3.55057
4.02325
3.61376
3.59297
3.79535
3.85899
3.5349
3.92793
3.60968
3.86767
3.77371
3.53068
3.63712
3.96619
3.90944
3.55654
3.68955
3.7298
3.59128
3.77371
3.5422
3.70331
3.896
3.79249
3.56158
3.7888
3.90017
3.78861
3.87975
3.93539
3.70639
3.91566
3.70098
3.74536
3.92818
3.75442
3.63873
3.79538
3.73936
3.50446
3.76989
3.81663
3.81818
3.99434
3.96137
3.75235
