3.46118
3.61065
3.64993
3.73847
3.8178
3.90278
3.92097
3.85845
3.82707
3.9437
3.9275
3.91169
3.95209
3.92727
4.11404
3.9659
3.93194
4.1003
3.92961
4.23357
4.06331
4.1703
4.2611
4.06376
4.20733
3.94118
4.23183
3.93809
4.10901
4.15328
4.03456
4.23826
4.08818
4.22426
3.89526
4.17097
4.19814
4.58239
4.21879
4.10687
4.10503
4.12788
4.04669
4.00319
4.3168
4.20808
3.98517
4.24834
4.08755
4.02664
4.24068
4.34411
4.21725
4.0181
4.09988
3.79458
4.12197
4.36512
4.12778
4.16185
4.217
4.05874
4.14859
4.16573
4.02142
4.0714
4.26263
3.82618
3.96093
3.942
4.13713
4.24746
4.25949
3.86781
4.02726
4.05791
4.19883
4.316
4.13879
3.96231
3.99869
4.10029
3.93453
4.13936
4.10413
4.22638
4.29797
3.95169
4.06179
4.02401
4.14637
4.03782
4.1165
4.00375
3.91035
4.33012
4.00376
4.03324
4.10131
4.03734
4.39667
4.19999
4.1206
3.83519
4.36491
4.13525
3.92152
4.10786
4.14074
3.95214
4.02864
4.00184
4.15828
4.20726
4.31533
4.12492
3.9535
3.96237
4.22903
4.33001
4.26763
4.09676
4.14704
4.3023
4.14283
4.04802
4.16715
4.07706
4.05397
3.95403
4.14245
4.42108
3.94672
4.23133
4.08667
4.23558
4.02332
4.00374
4.17892
4.17275
4.57329
3.95888
4.1716
4.06114
4.27463
4.67726
4.21064
3.81489
4.78366
3.97466
4.44025
4.24486
4.06184
4.07924
4.59879
3.95638
4.66546
4.62661
4.02642
3.976
4.19028
4.46809
4.38783
4.48303
3.90301
4.56037
4.31342
4.4416
4.17946
4.47612
4.22922
4.06146
4.11957
4.39171
4.24847
4.01017
4.08987
4.02525
4.41445
4.29523
3.95503
4.26952
4.55256
4.15553
4.20648
4.37306
4.46821
4.03062
4.4011
4.09872
4.48213
3.9458
4.30571
4.15544
4.08804
4.50388
4.00386
4.39648
4.82813
4.225
4.37422
4.02897
3.95787
4.48896
4.16955
4.15864
4.1928
4.70634
4.0953
4.12324
4.43621
4.22405
4.75081
4.91897
4.293
4.48049
4.26641
5.40682
4.32304
3.85185
4.04893
4.1444
3.91352
3.82516
4.37742
4.83858
4.34106
4.203
3.92215
4.08411
3.85058
3.92001
5.30153
4.52539
4.43697
5.12211
4.50199
4.7374
4.39306
3.89074
inf
3.99716
4.45546
3.97911
4.0553
4.16712
3.88306
4.03145
5.20128
4.23494
4.23466
4.1447
3.91387
4.62137
3.80982
4.73157
4.06962
3.93376
4.02165
4.07493
4.3707
4.01646
4.23249
4.13976
4.37551
4.09274
3.99939
4.46593
3.71687
3.72989
4.14849
3.79484
4.3592
4.10187
4.35939
3.81615
3.9822
3.84624
3.57032
4.40474
4.18766
3.94733
4.11931
3.54311
3.98318
4.27383
4.43717
4.53935
3.82624
4.23478
5.08924
4.14614
4.22014
4.33186
4.12334
3.80934
4.83789
3.83962
4.19899
4.7522
3.83085
4.54733
3.82706
4.42426
4.41405
3.72383
3.81977
4.02046
3.79212
3.80071
4.31769
4.99016
4.09496
4.05374
3.7794
4.42747
3.7677
3.95621
4.07181
4.51917
3.96087
3.74076
3.89476
4.31451
4.26173
3.85189
4.2572
4.04336
3.94086
4.05268
3.72896
4.25237
4.23399
3.75226
4.22486
4.14446
4.08936
4.21634
4.76168
4.00662
4.41276
3.9059
3.7886
4.93822
4.27704
3.68087
4.2266
4.14508
4.18235
4.53426
4.21929
4.86305
4.95176
3.91816
4.09916
4.02296
3.70361
4.10457
4.22585
4.27659
3.76817
3.86696
4.50241
inf
3.96195
4.62852
3.89087
4.94782
4.11446
3.95483
4.12515
5.02302
4.18397
4.2932
4.18337
4.68946
3.67639
3.98489
4.07926
4.31598
4.65628
4.04013
3.78219
4.4711
4.48932
5.24074
4.78213
4.22743
4.19472
4.62873
4.67085
4.4807
4.30589
5.42019
4.53847
4.91135
4.57853
5.41536
4.69463
5.36862
