3.43411
3.60467
3.67973
3.78898
3.85378
3.86685
3.82147
4.01383
3.83675
3.97781
3.94938
3.91626
4.02894
4.05429
4.02252
4.39352
4.13274
4.13484
3.97621
4.23375
4.05822
4.17739
4.25094
4.63942
4.15248
4.35181
4.28011
4.05164
4.23525
4.28149
4.25657
4.40683
4.23096
4.2097
4.0758
4.09336
4.04038
4.79736
4.2099
4.15811
4.10356
4.07208
4.06915
3.96817
4.18262
4.06715
4.37427
4.2003
4.26446
3.90733
4.11084
4.12607
4.10451
4.04714
4.23428
4.07824
4.67239
4.66774
4.17261
4.13772
4.24898
3.92781
4.28836
3.95926
4.07554
4.02139
4.26114
4.42799
4.37114
3.71994
4.0315
4.33049
4.06731
4.42646
4.17313
3.97872
4.13807
4.06953
4.54771
4.07296
4.68555
4.06417
4.30203
3.89439
4.13889
3.79777
3.96878
4.04182
4.33921
3.97722
3.91328
4.02413
4.17251
3.71501
4.1475
3.90332
3.92316
4.37782
4.0168
3.86039
4.33335
4.36732
4.11615
4.51968
4.36344
3.91932
4.03504
4.59812
3.88798
4.05362
3.94299
4.08507
4.09752
4.10761
4.07631
3.9079
3.96716
3.95464
4.24298
4.3023
4.25116
4.22153
3.95913
3.92404
3.97716
4.06515
4.01601
4.21189
4.0416
4.5001
4.14285
4.11407
3.82283
4.0817
4.00809
3.99407
3.88677
3.94973
3.91495
4.24066
4.01005
4.1128
4.07636
4.13744
4.28787
4.32898
3.87744
4.01915
4.27386
4.28798
3.91206
4.35834
4.2709
4.32971
4.04801
4.49746
4.23627
3.91619
3.87893
4.00756
4.09694
4.33576
4.12302
4.13925
3.87415
3.91764
4.22004
4.05205
3.87193
4.1232
4.09463
3.86414
3.93223
4.10942
3.97238
3.91571
3.98361
4.13638
4.18406
3.95554
3.89274
4.0521
4.17262
4.11444
4.00254
3.93853
4.09927
3.95746
3.93687
3.98751
4.00329
4.07433
4.22061
3.69947
3.76095
4.0825
4.10113
3.89986
3.64473
4.32695
3.68187
3.90166
3.94147
4.35796
3.87577
3.95621
3.73182
4.26177
4.06041
3.89843
4.10189
3.93211
4.41364
4.30815
4.17929
4.0319
3.82553
4.14611
3.99391
4.66325
4.23328
4.64011
3.95662
4.53663
4.96769
3.76985
3.91001
3.95762
4.15719
4.48734
4.84688
4.28632
4.07276
4.30899
4.26106
3.83332
4.10897
4.40446
4.4421
3.98228
3.96662
4.1866
4.30681
4.19936
4.08137
3.71649
4.31508
4.7956
3.84132
4.70655
3.88772
3.64012
4.04293
inf
4.28061
4.61414
4.71179
4.70789
4.5787
4.61574
3.65276
4.11619
4.55949
4.148
4.56666
3.95185
inf
4.15607
4.53934
inf
inf
4.59489
4.57553
inf
4.16318
4.10585
4.11909
inf
inf
inf
inf
inf
inf
4.49393
inf
inf
inf
inf
4.43409
4.42951
inf
inf
inf
inf
inf
inf
inf
4.38662
4.32184
inf
inf
inf
4.34931
inf
inf
inf
inf
inf
inf
inf
inf
inf
inf
inf
inf
inf
inf
inf
inf
inf
inf
inf
inf
inf
inf
inf
inf
inf
inf
inf
inf
inf
inf
inf
inf
inf
inf
inf
inf
inf
inf
inf
inf
inf
inf
inf
inf
inf
inf
inf
inf
inf
inf
inf
inf
inf
inf
inf
inf
inf
inf
inf
inf
inf
inf
inf
inf
inf
inf
inf
inf
inf
inf
inf
inf
inf
inf
inf
inf
inf
inf
inf
inf
inf
inf
inf
inf
inf
inf
inf
inf
inf
inf
inf
inf
inf
inf
inf
inf
inf
