4.36805
4.35159
4.30294
4.32373
4.53827
4.58582
4.21163
4.65979
4.57296
4.57337
4.4533
4.67623
4.71858
4.32574
4.76419
4.362
4.60734
4.74638
4.4565
4.55589
4.73828
4.41237
4.66871
4.42107
4.54573
4.71613
4.43546
4.36339
4.67716
4.96774
4.64523
4.76287
4.41807
4.39176
4.45952
4.29309
4.18125
4.54842
4.55565
4.53075
4.4808
4.4591
4.12889
4.3786
4.32038
4.19871
4.23829
4.31271
4.65948
4.59574
4.24803
4.70698
3.99444
4.65361
4.10669
4.54896
4.76918
4.32274
4.39769
4.2519
4.6072
4.59856
4.64006
4.24724
4.36628
4.47189
4.60245
4.28436
4.17484
5.02631
4.02464
4.70554
4.95773
4.22523
4.24022
4.21775
4.34454
4.24589
4.6953
4.28552
4.40358
4.97625
4.4332
4.96876
4.51163
4.54296
3.82518
4.53072
4.69024
4.26646
4.24905
4.48319
4.06766
4.52986
4.28126
4.38199
4.10941
4.27357
4.25342
4.87858
4.84087
4.05071
4.71373
4.24639
4.15513
3.94015
4.27595
4.24241
3.95772
4.09444
4.25238
4.00264
4.06186
4.12668
3.9267
4.25895
4.40648
4.67309
4.63251
4.67071
4.5918
4.47389
4.45481
4.33023
4.38571
4.53471
4.50175
4.38996
4.48906
4.12766
4.33525
3.96571
4.35015
4.08129
4.24
4.35683
3.96901
4.4726
4.37301
4.24555
4.17044
4.25343
4.68695
4.38223
4.76805
5.32971
4.20516
4.23115
4.18942
4.43047
4.16966
4.05044
5.00467
4.39371
4.53478
4.16879
4.23184
4.55851
4.15017
4.16654
4.1889
4.36153
4.71467
4.16882
4.16333
4.0975
4.36607
4.76466
4.39945
4.45812
3.92524
4.11695
4.04056
inf
4.51134
4.51315
4.34954
4.45161
4.61011
4.61905
4.32165
4.36268
4.44155
4.29248
4.16937
4.60531
4.33647
4.48515
5.14335
4.939
4.10994
4.35269
4.50854
4.18851
4.51811
4.92252
4.69469
4.56225
4.74498
4.29389
4.50796
4.23387
4.54261
4.62386
4.50336
4.44377
4.04947
4.70507
4.68226
4.44135
4.7652
4.15347
4.72191
4.07631
4.27691
4.68014
4.45722
4.34297
4.14673
4.34872
4.14855
4.74913
4.36455
4.18138
4.62942
4.47629
4.24856
4.19333
4.11146
4.2455
5.21521
4.32296
4.47491
4.23054
4.45476
5.3285
4.98067
4.29642
4.2963
3.99985
5.41476
4.07274
4.68696
4.11731
4.47724
4.21121
4.22514
4.56801
4.90413
4.4795
3.92299
4.62374
3.95605
3.89664
4.92739
4.2368
4.44528
4.89427
4.51764
3.95424
4.4857
4.24157
4.6004
4.50927
4.35119
4.28009
4.8644
4.19934
4.23493
4.45142
4.10913
4.28529
4.30777
4.45595
4.9088
4.29395
4.34317
3.93452
4.94454
4.23169
4.35447
4.11434
4.03188
4.87616
4.47309
4.19646
4.22382
4.48655
4.43577
3.8455
4.36614
4.38955
4.60181
3.98517
4.64486
4.85598
4.17326
4.32478
4.60113
4.33705
4.82808
4.356
4.2064
4.21303
4.15331
3.89833
4.45597
4.33244
4.01225
4.49263
4.69134
4.17303
4.24297
4.15892
4.24131
4.22392
4.45142
4.93597
4.34137
4.25708
4.38373
4.04435
4.02755
4.12302
4.12523
4.26596
4.53972
4.44558
4.89755
5.08514
4.24932
4.72584
3.97236
4.23685
4.3455
4.65986
5.03058
4.16302
4.86934
4.33156
4.36114
4.29246
3.99379
4.12517
4.20809
4.19704
4.46211
3.93624
4.35313
4.25278
4.56162
4.09724
4.47283
4.26727
4.47489
4.17547
4.19743
4.44918
4.6196
4.25358
4.56424
4.7001
4.44415
4.41306
4.4335
4.29501
4.51193
4.55762
4.50382
3.96385
4.81271
4.32742
4.19846
4.18773
4.69527
4.3926
4.54183
4.18494
4.50507
4.33301
4.52972
4.26313
4.72583
4.22093
4.29349
4.63203
4.3945
4.516
4.36449
4.66241
4.50216
4.60788
4.60616
4.75127
4.83099
4.74081
4.75777
4.79326
4.89321
5.04357
