4.56208
4.77037
4.59485
4.73628
4.7869
4.95339
4.67805
5.16558
4.57302
5.13951
4.74766
4.72767
4.98525
4.89944
4.63412
4.5835
4.89289
4.6475
4.54665
4.59376
4.77399
4.73657
4.68736
4.99547
4.69914
4.43712
5.34215
4.42302
4.85146
4.97118
4.90923
4.41236
4.46631
4.68203
4.88035
4.31763
4.91489
4.70211
4.5606
4.97358
4.41002
4.22149
4.21255
4.41883
4.6882
4.73231
4.44486
4.5246
4.7428
4.60047
4.42931
4.21886
4.3307
4.66565
4.51823
4.50932
4.33274
4.12341
4.18724
4.14432
4.97663
4.54162
4.37919
4.28895
4.41682
4.51431
4.44496
4.72453
4.64198
4.5066
4.52158
4.6606
3.98103
4.09117
4.1182
4.64099
4.54341
4.47535
4.63452
4.27815
4.07388
4.24651
4.64401
4.17107
4.50123
4.02949
4.38499
4.11963
4.15656
4.63884
4.83882
4.11871
4.53824
4.92751
3.92174
4.54324
4.36895
5.31752
5.26842
4.16266
4.3561
4.31906
4.36604
4.48934
5.25433
5.22089
4.55317
4.10341
4.41282
4.51155
4.46845
4.69118
3.8984
4.33876
4.50029
4.49725
4.67225
4.32396
4.36153
4.06477
3.95583
4.49188
3.99215
3.81549
5.1799
4.41614
3.74331
4.58317
4.39949
4.11455
4.13918
4.19928
4.88418
4.71089
4.00392
4.84105
5.00467
5.3329
4.37616
4.5465
4.4359
4.45425
4.71167
4.68364
4.09277
4.33148
4.46223
4.71428
4.0857
4.4388
4.46983
4.39316
4.45572
4.22144
5.17546
4.69883
4.74127
4.74346
4.96566
4.36133
4.47456
4.49676
4.12492
4.36426
4.54344
4.45309
4.60272
4.51507
4.33573
4.56778
4.25277
4.19903
4.64717
4.38849
4.40898
4.82446
4.62197
4.75531
4.20201
4.57698
4.37618
4.29677
4.81924
4.76536
4.71086
4.89459
4.42036
4.32593
4.3014
4.00334
4.27663
4.03692
4.55442
4.65363
4.48034
4.31993
4.48076
4.58377
4.14589
4.32692
4.2698
4.14403
4.31506
4.24094
4.1821
4.42986
4.38021
4.59655
4.08874
4.81585
4.50607
4.09349
4.95168
4.35621
4.77984
4.18556
4.55264
4.70915
4.37761
4.19779
4.13258
4.20605
4.9042
4.68251
4.05721
4.54125
4.32433
4.20046
4.24667
4.23052
4.62606
4.36015
4.16951
4.22911
4.99216
4.60112
4.75721
4.35368
4.14721
4.48161
4.79725
4.13996
5.03609
4.53058
4.6888
4.73558
4.07023
4.12554
4.47596
4.26299
4.21674
4.10851
4.36554
4.86172
4.31761
4.42623
5.29284
4.50984
4.49572
4.47886
4.53547
4.75175
4.25989
4.85583
4.36418
4.71494
4.59908
4.47183
4.22901
5.22676
4.81062
4.19841
4.32629
5.29967
4.68566
5.29433
4.16483
4.49318
4.15503
5.20495
4.90757
3.95005
4.91831
4.58952
4.6063
4.11729
4.40166
4.4247
4.60528
4.65132
4.21093
4.47053
4.41596
4.373
4.92982
4.41906
4.91977
4.63125
4.06405
4.86982
inf
4.25328
4.93377
4.66922
4.51958
4.95162
4.09266
4.14258
4.64449
4.73431
4.62989
3.91361
4.47703
4.18792
4.3877
4.62622
4.96646
4.28038
4.90053
3.91956
4.4864
5.45634
4.07427
4.44184
3.95003
4.24032
4.29868
4.16148
4.35614
4.20282
4.78393
4.55301
5.01151
4.77949
4.87557
4.27688
inf
4.10738
4.0575
4.20272
4.55454
4.19084
3.99954
4.27276
4.6399
4.295
4.16106
4.00677
4.22446
4.19649
4.14313
4.31794
4.01438
4.45177
4.37936
4.32219
4.38877
4.50217
4.48987
4.04353
4.04997
4.326
4.53562
4.63319
4.26838
4.57004
4.69557
4.32229
4.61313
4.26367
4.21468
4.41499
4.49039
4.60216
4.22462
4.49197
4.27063
4.46525
4.55557
4.49768
4.46926
4.66939
4.61833
4.57298
4.55305
4.8537
4.35934
4.58859
4.67466
4.78012
4.54281
4.76936
4.65364
4.77517
4.6878
4.77298
4.52355
4.83154
4.87229
5.00855
