4.94423
5.04144
4.88391
5.04556
4.83436
4.88922
5.27006
4.99392
5.08543
5.55907
4.79371
5.40613
4.94168
4.99929
5.39622
5.20973
5.47325
5.2291
5.92867
5.29243
4.791
4.66288
5.17388
5.7445
5.60529
inf
4.91113
5.16501
inf
5.66459
5.27982
inf
5.43361
inf
5.41896
4.6784
5.61363
4.3786
5.58117
5.05112
inf
inf
5.19308
inf
inf
inf
inf
5.13992
5.05205
inf
inf
inf
inf
inf
5.32022
4.51837
inf
inf
5.30926
inf
5.29659
inf
inf
inf
inf
inf
inf
inf
inf
inf
4.40723
inf
inf
inf
5.22225
inf
5.28634
inf
inf
4.74406
inf
inf
5.09171
5.23044
inf
4.80897
inf
inf
inf
inf
inf
5.2838
inf
inf
5.08204
inf
5.3361
5.17852
5.00951
5.00874
5.32136
inf
inf
5.00334
inf
4.85049
inf
inf
inf
inf
inf
inf
inf
inf
inf
inf
inf
inf
5.10695
inf
inf
inf
inf
inf
inf
inf
inf
inf
inf
5.10136
inf
5.24407
inf
inf
5.13269
inf
4.76349
5.26798
inf
inf
inf
inf
5.28193
5.18177
5.21633
5.15101
5.1788
inf
inf
inf
inf
inf
5.04952
inf
inf
5.39496
inf
5.34401
inf
5.38753
inf
4.93039
inf
5.18085
inf
inf
5.27329
5.33047
5.38369
inf
4.83958
4.76084
inf
5.25529
inf
inf
5.21021
inf
5.03014
4.97674
5.33108
4.95563
5.46336
inf
5.01113
4.68736
5.46545
inf
inf
5.60469
inf
inf
5.49927
inf
5.17095
inf
inf
4.76142
inf
5.38828
inf
inf
5.19327
inf
5.52895
5.02709
inf
inf
inf
5.39549
5.52102
4.80473
5.34647
inf
5.44216
4.93718
4.90037
inf
inf
5.40512
inf
inf
5.23367
inf
inf
inf
inf
inf
inf
5.31679
inf
inf
4.80776
inf
5.16903
inf
5.24151
inf
inf
inf
5.23891
inf
inf
inf
inf
inf
inf
inf
5.2586
5.27979
inf
5.14466
4.62824
inf
inf
inf
5.13782
4.83555
inf
4.46344
inf
inf
inf
inf
inf
5.12233
inf
5.13627
inf
inf
inf
5.07476
inf
5.15641
inf
inf
inf
inf
5.16041
5.08522
inf
inf
5.17411
inf
inf
inf
inf
inf
inf
inf
5.08509
inf
5.11876
5.20757
inf
inf
5.17702
inf
inf
4.73129
5.15686
inf
5.16571
inf
inf
inf
inf
4.51008
4.70436
inf
inf
inf
5.28037
5.18718
5.23564
inf
inf
5.24941
inf
inf
5.29733
inf
inf
inf
inf
inf
inf
5.25604
5.11951
5.31028
5.27977
inf
inf
inf
inf
inf
5.28773
4.99522
5.37112
inf
inf
inf
inf
5.35886
inf
4.9678
inf
5.38455
inf
inf
5.44876
4.90356
5.3695
5.01982
5.39876
5.39421
inf
5.41849
5.56576
inf
5.46279
4.93414
5.65184
5.20856
5.62037
inf
5.27319
4.71386
inf
5.59496
inf
inf
5.37382
5.77553
5.43466
inf
5.04458
5.69108
inf
5.33363
5.35261
4.84264
4.82288
5.01124
5.13004
5.35724
5.33032
5.49663
4.98072
4.75242
4.64647
4.78799
4.87317
5.06817
4.95704
4.93579
4.85676
4.79888
4.83474
4.67624
