5.30053
4.72533
4.48154
4.47803
4.33176
4.22514
4.24418
4.03272
4.30745
4.10513
4.24164
4.14468
4.14802
4.16532
4.13377
4.00365
3.92995
3.80685
3.81779
3.92649
4.2957
3.92521
3.91338
4.17453
3.81893
3.91087
3.81017
3.91945
3.90251
3.81115
3.95826
4.0705
4.13472
4.02413
4.3183
3.87341
3.96947
4.06122
4.06583
3.75758
4.07937
3.90872
3.71408
3.81793
3.74072
3.9806
3.97877
3.91061
4.12082
4.07441
4.30142
4.34814
4.17126
3.89398
4.10972
4.01725
4.19079
4.0627
4.19838
4.02968
4.1441
4.27381
4.08198
3.9761
3.73622
3.88592
3.79465
4.01989
4.01126
4.51659
4.18553
4.28428
3.96243
3.91873
4.40356
4.17855
4.04388
3.93374
4.02715
4.19678
4.09128
4.00396
4.65533
4.23743
inf
3.84343
4.22718
4.01579
4.17227
4.2057
4.2912
4.07372
4.08528
4.25594
4.52414
4.22203
4.04077
4.03352
4.50551
3.93103
4.30776
4.08634
4.23284
4.08124
3.96556
4.33423
3.80214
3.90269
4.93576
4.29844
4.11255
4.78389
3.88661
4.05434
4.12116
4.04091
4.36255
4.54212
3.72881
3.99972
4.26925
4.05009
4.37454
3.94846
4.17029
4.35309
4.26963
4.55318
4.57107
4.28915
4.92215
3.71171
4.19789
4.19846
4.08275
4.70623
3.94713
4.3303
4.69381
3.98483
4.23989
4.74587
4.05289
4.35014
4.54622
4.14011
4.08386
4.07793
4.3839
4.29655
4.5087
4.15356
4.32149
4.0272
3.99812
3.90317
4.23896
4.04605
4.30197
4.80333
4.03629
4.12393
3.96767
4.05133
3.9727
4.34681
3.99615
4.21373
4.68578
4.50702
4.1864
4.09824
4.00078
4.10605
4.38198
4.27869
4.37797
4.26927
4.22211
4.17051
4.12803
4.033
3.82461
4.02932
4.74665
4.2653
4.11899
4.33172
4.04052
4.25432
4.067
4.1153
4.43162
4.09874
4.07072
4.11037
4.00674
4.28935
4.08551
4.10595
4.27985
3.87043
4.68179
3.9663
4.36423
4.38093
4.49936
4.23558
4.19188
4.01894
4.0241
4.03688
4.29267
4.29242
4.3353
4.13418
3.96458
4.18494
4.1284
4.0483
4.06127
4.09027
4.47617
4.16124
4.06072
4.30582
4.15333
4.32555
4.1766
4.0998
4.51029
4.50331
4.06417
4.33874
4.25255
4.10403
3.93792
4.02997
4.06759
5.02315
4.1996
4.49512
3.95367
4.07639
4.32351
3.75343
4.23209
4.34625
4.27545
4.04208
4.43225
4.24532
3.91672
4.01492
4.55501
4.09875
3.88327
3.89594
4.02323
4.1343
4.23065
4.23311
4.1332
4.00638
3.93355
3.83649
3.91073
4.55105
4.22336
4.28158
4.05617
4.25316
4.42843
3.89991
4.55677
4.3879
3.99289
3.89132
4.23778
4.68933
4.02305
4.26564
3.87303
4.25609
3.97557
4.15904
3.93749
3.94188
4.27093
4.42347
4.12442
4.26256
4.33062
4.1469
4.04947
4.37732
3.78995
4.13785
4.19826
3.95778
4.27568
3.99862
4.6745
4.31638
4.42847
4.01882
4.16216
3.91207
4.30856
4.2028
4.14655
4.19241
4.56505
3.86874
4.23807
3.7761
4.21061
4.13543
3.77606
4.3034
4.02808
3.94383
4.07703
3.97555
4.3471
4.38952
3.88402
4.5869
3.95302
4.10726
4.38339
4.40404
4.33099
4.47722
4.43931
4.88819
3.92678
3.8975
4.29225
4.17725
3.75156
4.1164
3.98096
3.80066
3.88917
4.10252
4.02143
4.1554
3.94121
3.98661
4.02705
4.05417
4.26201
3.7855
4.13147
4.07574
3.93976
3.89529
4.36741
4.12811
4.47649
3.96631
4.12982
4.05725
3.98513
4.1291
4.09315
4.07402
3.79665
3.94506
3.77609
4.00867
4.1374
3.83124
3.95199
4.19945
4.11252
3.86166
3.82004
4.01184
4.10089
4.08172
4.05377
4.04664
4.14981
4.05977
3.97724
4.0258
3.93534
4.2844
4.13988
4.06501
4.14558
4.24896
4.29278
4.18914
4.19372
4.24145
4.4577
4.65293
