6.01523
5.78163
5.17463
5.2469
5.5412
4.81331
5.00949
5.12165
5.09738
4.53823
4.85576
4.90946
4.29464
4.46137
4.92753
4.56528
4.45239
4.22283
4.61177
4.48496
4.68101
4.18985
4.60428
4.32759
4.53998
4.62418
4.2539
4.47212
4.02864
4.49141
4.16489
4.05637
4.11486
3.94768
3.99801
4.22804
4.34321
4.13579
4.25018
4.23289
4.07179
4.06517
4.09808
3.93653
4.57686
4.24295
4.34155
4.10208
4.15851
4.01723
3.71597
4.14806
4.04579
4.11329
4.3801
4.38832
4.15352
4.05296
4.09842
4.25072
3.90139
4.16486
4.47431
4.08444
4.29729
4.12582
4.08119
4.05787
3.69198
4.35653
4.01635
3.99005
4.0909
4.08047
4.57814
4.2847
4.06194
4.23883
4.01024
4.07669
3.94821
4.33366
4.13288
4.14118
4.52249
4.26416
4.4437
4.61741
4.19603
4.31909
4.26174
4.36511
4.10682
4.24124
3.79155
4.53901
3.81647
4.14773
4.36703
3.77656
4.1155
4.45394
5.10251
4.35246
3.92858
4.05149
4.01253
4.19331
5.01717
4.11077
3.85092
4.4056
3.98657
4.24265
4.27458
4.23543
4.38006
3.81243
4.09599
3.96694
3.97678
4.3124
4.38103
4.08394
4.43008
4.12748
4.70493
4.7266
4.7164
4.27084
4.49584
4.16074
4.83543
4.43873
3.95916
4.01843
4.22559
4.39202
4.04967
4.25905
4.38295
5.37733
4.05313
4.30303
4.13658
4.29877
4.11499
4.21577
3.90617
4.55188
4.45711
4.26295
3.94113
4.72269
4.05273
4.58861
4.44605
4.18458
4.30513
4.22647
4.3666
4.35583
4.46098
4.89753
5.00835
4.59618
4.47665
5.06219
4.44076
4.076
3.94141
4.25311
4.80986
3.82779
4.53269
4.36971
4.3584
4.49297
4.66104
4.33799
4.57965
4.59125
4.43536
4.0181
4.41744
4.32393
4.27469
4.30908
4.29776
4.23422
4.54611
4.33917
4.62942
4.38651
4.4504
4.39627
4.23322
4.3291
4.38856
4.54079
4.60357
4.40374
4.73114
4.87909
4.16807
4.42667
4.308
4.38915
4.81278
4.53948
4.26365
4.31701
4.49175
4.627
3.89308
4.49396
4.63103
4.25807
4.10794
4.41033
4.26195
4.37019
4.37834
4.3884
4.79125
4.03415
4.30306
4.26213
4.25658
4.72889
4.47903
5.00376
4.07386
4.06827
4.636
4.44488
4.41287
4.42851
4.49027
4.32766
4.37953
4.3527
4.259
4.54333
4.52198
5.40102
5.18089
4.64559
4.51828
4.18065
4.4855
3.94713
4.12783
4.4096
4.17036
3.86574
4.18965
4.10973
4.26158
4.0772
4.79305
4.30593
4.15932
4.06697
3.95478
5.33575
4.58528
4.48341
4.08654
4.31693
4.66099
4.14494
4.12713
4.83507
4.55713
4.13464
4.14155
4.33981
4.31945
4.41845
4.12475
4.59256
4.86898
4.22966
4.09062
3.92147
inf
4.4654
4.58029
4.47826
4.45047
4.61797
4.2696
4.49941
4.49614
4.88711
4.79497
4.8558
4.4071
4.29402
4.85157
4.60579
5.22503
4.6738
4.51293
4.18398
4.4709
4.55623
4.85051
4.49105
4.1213
4.3463
3.98183
4.58756
4.33618
4.02374
4.48105
4.42287
4.36829
4.92946
4.27327
4.26061
4.13807
4.33512
4.64197
4.50583
4.49543
inf
4.10328
4.96667
4.54622
4.97342
3.98706
4.73174
4.04655
4.02763
4.08676
4.16707
4.60408
4.2077
4.22313
4.11139
4.37697
4.19226
4.07596
4.15075
4.78695
4.31452
4.19056
4.18591
4.38735
4.66592
4.72308
5.16582
4.82914
4.58652
4.20799
4.07614
4.49548
4.21216
5.59479
4.04713
4.61268
4.39337
4.39549
4.11412
4.71424
4.60855
4.74959
4.56711
4.4736
4.3078
4.33438
4.53907
4.41373
4.15395
4.69918
4.58045
4.66307
4.61964
4.65429
4.32004
4.81674
4.55806
5.0396
4.71787
4.71217
4.86728
4.33174
4.76109
4.59902
4.41564
4.46999
4.60828
4.35054
4.59343
4.4922
4.52366
4.44268
4.34817
