6.72501
5.91428
5.47666
5.44038
5.79745
4.93049
5.08793
4.91353
5.48977
4.99609
5.19858
5.07305
5.20039
4.63686
4.87543
4.90483
4.83669
5.25284
5.02583
4.66273
4.60332
4.47792
4.46452
4.63395
4.51108
4.73985
4.17787
4.35451
5.02245
4.62769
4.61033
5.06129
4.9061
4.42304
4.63982
4.65087
5.46434
4.965
4.55617
4.52984
4.54068
4.49797
4.21417
5.26379
4.71253
4.59947
4.58019
3.91667
4.14006
4.50126
inf
4.87832
4.34274
4.28079
4.38222
4.81561
4.59693
4.29063
4.81066
5.15767
4.68812
4.42541
4.84355
4.7852
5.15789
4.54647
4.43974
4.00261
4.61605
3.97247
4.23498
4.12967
5.35364
4.11782
4.85125
4.25875
4.62858
3.99487
4.4444
4.50407
4.25145
4.80277
4.55549
4.39556
4.15739
4.55693
4.17621
4.76129
4.36374
4.34759
4.78858
4.36072
4.36041
4.03584
4.73075
4.60301
4.21539
4.58876
3.93803
4.02867
4.57134
4.53516
4.4358
4.59551
4.42819
3.99243
5.32815
3.90231
4.49572
4.56152
4.19865
inf
4.05415
4.27657
4.2602
5.1719
4.03726
4.80877
4.43356
4.60092
4.82378
4.14379
4.43466
5.21725
4.42222
4.32342
4.88161
4.36204
5.26555
4.54163
4.44584
4.60049
5.24065
4.63161
5.17975
4.42292
4.77712
4.35979
4.80041
4.4256
4.39059
4.31414
4.17243
4.77945
4.79176
4.6744
4.44122
4.68334
4.83637
4.72539
4.01916
4.32816
4.63234
4.6491
4.45304
4.30128
4.69804
4.74818
4.21934
4.70904
5.0007
4.94447
4.68802
5.41362
4.4881
4.39141
4.99988
4.32587
4.51219
4.29051
4.41537
4.8386
4.54295
4.70315
4.32634
4.46375
5.48127
4.55161
4.79424
4.46655
4.80349
4.66035
4.32634
4.79274
4.89503
4.53946
inf
4.66944
4.85562
4.45858
4.91069
4.97046
4.45961
4.57508
4.73247
4.47537
4.60897
4.43285
4.62576
4.70025
4.63272
4.28361
4.82599
4.77861
4.55794
5.2364
4.4109
4.94462
4.51878
4.33385
4.69424
4.76372
4.60813
5.47573
4.23402
4.61113
4.32455
4.63992
4.47172
4.39599
4.63751
4.53711
4.59299
4.40832
4.63699
4.20454
4.57328
4.76312
4.47228
4.73592
4.98408
4.7768
4.16108
4.2746
4.7393
4.54727
5.01601
4.32579
4.74996
4.24093
4.34368
4.1966
4.42438
4.89145
4.72868
4.56131
4.45159
4.40989
4.9128
4.12825
4.63732
4.4234
5.49157
4.29872
inf
4.36864
4.30943
4.66765
4.54196
5.17936
4.19784
5.3057
4.56119
4.9794
4.63321
4.62183
4.77018
4.50365
4.48694
5.0213
4.68071
4.48176
5.35079
4.90878
5.37479
4.62314
4.20372
4.95645
5.27272
4.77252
4.36344
4.7152
4.90816
4.84615
4.68697
4.93707
5.20357
4.5672
5.30096
4.06927
4.50568
5.23823
4.47846
4.21637
4.90146
4.14398
4.60542
4.61471
4.42317
4.43774
4.40294
4.64487
5.41951
4.45974
inf
5.21966
5.1878
4.51565
4.523
inf
4.45405
4.66859
4.23229
4.91393
4.27754
4.64682
4.6786
4.05414
4.72278
4.35949
4.51528
4.90433
inf
4.24604
4.92299
4.90831
4.93898
4.54634
5.32696
4.53779
4.40277
4.24879
4.66844
5.4063
4.95806
4.8904
4.92517
4.91914
4.50871
4.76057
4.53062
4.54257
4.24408
4.47026
5.00173
4.15175
4.87613
4.87346
5.08788
4.53211
4.58908
4.67262
4.50633
5.11375
4.88987
5.53917
4.88521
4.5924
4.94522
4.61957
5.16156
5.13687
4.74499
4.63298
4.62069
5.2386
4.73999
5.24858
4.80945
5.3092
4.78251
5.03021
4.74156
5.13975
4.6159
4.77902
4.89272
4.94644
4.56804
4.87627
5.46716
4.52272
4.93928
4.56713
4.80426
4.56746
4.88246
4.54066
4.5738
4.74188
4.77266
4.72247
4.80047
4.55155
4.9121
4.49997
4.38324
4.38198
4.36213
4.29694
