3.49101
3.59178
3.61792
3.70356
3.78203
3.81065
3.79578
3.87758
3.9276
3.90947
3.93773
3.93489
4.02233
3.93673
3.99025
3.99003
3.90628
4.1339
3.9568
3.92392
3.99125
3.98417
4.10042
3.82147
3.83214
4.30031
4.01948
3.90516
4.01283
3.94416
4.04771
3.9196
3.95406
4.02996
4.06388
3.98868
4.20653
3.82543
4.0082
4.05381
4.04085
3.84353
4.00664
3.943
3.64947
3.79032
3.99154
3.97811
3.96552
4.02244
3.90825
3.94443
3.97175
3.80053
4.12762
3.9243
3.91615
3.83924
4.19791
3.84034
4.0988
3.94695
3.95539
3.87167
4.24445
3.65308
3.81239
3.80636
3.89675
3.86271
4.10959
3.97141
3.81992
3.81071
4.50333
3.855
4.0759
3.74541
3.63703
3.81448
3.9345
3.8716
4.71387
3.97932
3.9866
3.8219
4.00552
3.74346
3.93849
3.9259
3.72467
3.90147
4.1437
4.12411
4.1209
3.81261
3.88862
4.14217
3.94726
4.43613
3.9262
3.92441
4.12543
3.90122
4.13852
3.8752
4.00954
4.09679
3.85522
4.01239
4.2732
4.18566
3.83165
4.05996
3.79394
3.91842
3.83623
3.84624
4.0535
4.20277
4.01347
4.11433
4.266
3.82485
3.89017
4.17082
4.05039
3.90247
3.90728
4.03023
4.463
4.07575
3.88683
4.19463
4.00354
3.91904
3.81098
4.13736
4.09848
3.94062
3.90282
3.94515
4.05331
4.012
4.007
3.84514
3.98382
4.19035
3.81618
3.79331
3.74058
3.73915
4.4941
4.07929
3.97183
4.31
3.87388
4.14843
3.96772
4.04749
4.56174
4.00482
4.25766
4.17013
4.23069
4.06445
4.264
4.02047
3.96406
4.06845
3.91329
4.2888
3.90514
3.9195
4.56632
4.16744
4.03922
4.49742
3.97296
3.98238
3.91929
3.98125
3.9211
3.96339
4.23793
4.1063
3.7345
3.97536
3.94569
3.90787
4.28338
3.87749
4.16664
3.85813
4.12637
4.31543
3.77589
3.83292
4.09676
4.27089
3.92642
3.88513
4.16347
4.46883
4.06116
3.94342
3.90526
3.78231
4.03783
3.75603
4.54868
4.24093
4.1369
4.11684
3.85604
3.91045
4.58689
4.2779
3.9757
3.87871
4.32871
4.38054
3.86946
4.04592
4.13997
4.18161
4.18114
4.10448
4.19727
4.40941
4.15591
4.46294
3.79522
4.14671
4.1074
4.03058
3.78483
4.42023
4.59688
4.37718
3.97894
4.0149
4.33599
4.03568
4.1093
4.01537
4.13799
4.25583
3.75979
4.01308
3.99309
4.11191
4.03303
4.35095
3.80929
4.23749
4.0047
3.95985
4.14542
3.66884
3.94451
3.91714
4.82588
4.4818
4.47934
3.91849
3.83577
4.07876
4.39128
4.10745
3.83058
4.13762
4.47437
3.72763
3.88094
4.12732
3.98074
4.07638
3.95439
3.99901
4.02178
4.72766
4.22267
3.75942
4.11465
4.0005
3.83383
3.9013
4.50746
4.17318
3.87137
3.99308
4.39734
4.17578
3.93512
4.04962
3.88154
4.0257
4.0828
4.43974
4.19805
3.7128
3.74283
3.97504
3.86715
4.52585
4.00889
3.95469
3.92328
4.00619
3.84606
3.83986
3.80761
4.06507
4.16719
4.25652
4.38147
3.68117
3.69538
3.88383
3.93569
3.96014
3.92103
4.16847
3.72714
4.5433
3.76952
3.81219
4.41409
3.64441
3.98015
3.8283
4.41669
3.95601
4.12451
3.67299
3.79892
4.11183
4.3149
4.0507
3.8844
4.58367
3.9919
3.9742
4.55266
4.1939
3.92276
4.31047
4.31216
3.96136
3.8704
3.92406
3.97013
4.2248
4.07161
4.10593
4.08072
3.77698
3.87638
4.08999
4.64942
4.257
4.17281
4.04568
4.21695
4.31162
4.03253
3.86088
4.5093
4.36751
3.89077
4.02314
3.79289
4.43486
4.38981
3.82564
4.34263
3.91566
4.00645
4.21397
3.98099
4.16986
4.10132
4.00932
4.04948
3.98602
4.06792
4.07524
4.0045
4.14022
4.06354
4.14433
4.10804
4.25296
4.24621
4.36229
4.41323
4.21889
4.12124
4.19632
