inf
inf
inf
inf
inf
inf
inf
inf
inf
inf
inf
inf
inf
inf
inf
inf
inf
inf
inf
inf
inf
inf
inf
inf
inf
inf
inf
inf
inf
inf
inf
inf
inf
inf
inf
inf
inf
inf
inf
inf
inf
inf
inf
inf
inf
inf
inf
inf
inf
inf
inf
inf
inf
inf
inf
inf
inf
inf
inf
inf
inf
inf
inf
inf
inf
inf
inf
inf
inf
inf
inf
inf
inf
inf
inf
inf
inf
inf
inf
inf
inf
inf
inf
inf
inf
inf
inf
4.58057
inf
inf
inf
inf
inf
inf
inf
4.53956
inf
inf
inf
inf
inf
4.58858
inf
inf
4.62491
inf
inf
inf
inf
inf
4.21705
inf
inf
4.66051
inf
inf
4.68033
4.80329
inf
inf
4.74473
inf
4.71267
4.69281
4.27839
4.07516
inf
4.7484
4.11583
3.88733
4.03007
inf
4.08952
4.33285
4.11518
inf
4.75019
4.38166
4.12883
4.13263
inf
4.39591
4.15302
4.42086
4.7679
4.04277
4.23773
4.26518
4.84375
4.07869
4.58862
3.96301
3.93302
4.4347
3.77847
4.91155
4.15576
4.01064
4.14913
4.61569
4.15491
4.37673
4.61114
4.09315
4.55633
4.2644
4.12055
4.06671
4.43398
5.14707
4.29572
4.47161
4.0392
4.5395
4.07458
4.32154
4.10308
4.1996
4.37594
4.14164
4.39426
4.18211
3.94676
4.2294
3.99408
4.32737
4.31431
4.09729
3.7179
4.31418
4.32806
4.4572
4.08661
4.11985
4.00661
3.87946
3.88101
3.90446
3.77249
4.14405
3.96675
3.94562
4.26265
4.30535
3.66677
4.24368
4.11504
3.97963
3.98207
4.50026
4.01151
4.06972
3.80559
3.86571
4.21216
4.22153
4.21499
4.63998
4.27737
3.91767
4.4473
4.09912
3.90334
4.05548
4.57611
3.85091
4.16775
4.0685
3.90411
4.1225
4.00644
3.81538
4.04931
4.09933
4.28254
4.08934
3.81069
4.10795
4.57901
4.8016
4.10165
4.08171
4.30538
3.72705
4.73935
4.17827
4.35271
4.38933
4.32584
4.62291
4.15982
4.26026
4.22098
4.83824
4.24619
4.50042
4.38096
4.13063
4.09043
4.03156
4.26418
4.24069
4.09704
3.96741
4.17454
4.646
4.45735
4.04099
3.92348
4.34159
4.08236
4.4819
4.27554
4.324
3.90786
4.32213
4.52988
4.19204
4.22372
4.07798
4.215
4.25411
4.18173
3.89371
4.35574
4.09012
4.36482
5.01733
4.54347
4.22245
4.13982
4.27472
4.47797
4.22941
4.37511
4.09276
4.57926
4.37333
4.4488
4.42421
4.79177
4.30215
4.55217
4.2575
4.22239
5.0671
4.27081
4.31609
4.25839
4.54102
5.00649
4.27886
4.11141
4.45784
4.2937
4.45855
4.56549
4.32583
4.61501
4.49754
4.34606
4.77754
3.9941
4.42799
4.74822
4.25908
4.38205
4.45757
5.44054
4.78152
4.74939
4.62228
4.50539
4.34097
4.27812
4.65201
5.14073
4.60271
4.64729
4.85407
4.39008
4.40383
4.58441
4.45768
4.50417
4.69527
5.1014
4.6364
5.51646
4.90941
4.47882
3.99591
5.12832
4.47879
4.03287
4.75204
4.93315
4.59026
4.47855
4.44805
4.69819
4.82175
4.81058
5.14907
4.54687
4.70236
4.70458
4.15477
4.61988
5.0884
4.54274
4.64969
4.6652
4.50713
4.48019
4.78018
4.63905
4.63531
4.46246
4.49486
4.52679
4.988
4.36652
4.57759
4.59407
4.52225
4.38251
4.53384
4.21517
4.33616
4.43282
4.33854
4.34149
4.30696
4.3523
4.38424
4.60693
4.40675
4.40387
4.36146
