4.88546
5.32462
5.23953
5.1969
4.93768
5.08951
5.15818
5.39108
4.68362
5.51904
5.40428
5.52363
5.72158
5.97905
5.39638
5.89256
inf
inf
5.50613
4.76966
5.76691
5.23804
inf
4.77045
4.94821
5.2239
5.76467
inf
5.10809
5.41894
5.37209
inf
4.82983
5.43655
5.41341
4.56631
5.50533
inf
5.41592
5.04472
5.3233
inf
inf
inf
inf
4.75543
5.37408
5.29298
inf
4.76962
4.59279
4.74175
5.05715
5.32092
inf
5.36724
inf
inf
5.31443
inf
4.22888
inf
inf
5.05546
4.46563
4.96779
inf
inf
inf
5.11703
5.19595
inf
inf
inf
5.22128
5.12602
4.28377
5.14622
inf
inf
5.13035
5.02447
inf
4.32388
4.96718
4.30073
5.14493
4.74312
inf
5.13835
5.02049
inf
5.04021
4.80363
5.34353
4.51498
5.00619
inf
4.55302
inf
inf
5.25496
4.68903
4.36805
4.08828
4.80063
inf
inf
inf
5.29158
4.65218
4.48166
4.42764
4.66523
5.06003
inf
4.63757
4.42842
5.16583
5.15329
inf
5.16287
inf
4.76338
inf
inf
inf
5.2324
5.14152
4.81278
5.16673
inf
5.08675
4.66797
4.74129
5.36896
5.26966
inf
4.45562
5.43049
4.68572
inf
4.77879
4.92104
5.22801
5.35097
4.74011
inf
5.27243
4.97166
4.37524
4.90648
5.23017
5.3126
4.33883
4.89225
4.73802
5.1238
4.858
5.25675
inf
4.55963
4.3183
4.43458
4.62426
4.61743
4.89791
inf
inf
4.54933
5.33512
4.33861
4.90268
4.75587
4.57722
4.67728
4.802
5.01247
4.91023
4.59347
5.05481
4.55697
5.5497
4.68973
4.18183
4.25022
5.09655
4.14702
5.13907
5.5714
4.65164
4.317
4.59168
4.67076
4.53021
4.54794
4.64451
4.48308
4.56503
4.8846
4.58188
4.7897
4.85226
5.37107
4.71633
4.46857
4.77812
4.77786
4.51747
4.87019
4.48065
4.66982
5.04073
4.14872
4.83855
4.92346
4.81928
4.13071
4.49893
5.44331
4.63059
4.65168
5.44858
4.75472
4.99907
4.99522
4.23121
4.16712
4.69156
inf
4.75583
4.54532
4.35567
4.73006
5.21287
5.44134
4.69824
4.94412
4.99289
4.51745
inf
5.3026
inf
5.2924
4.67645
4.4757
4.72661
4.75972
4.53464
4.65599
4.87858
4.95142
4.75172
5.33467
inf
4.72879
5.23697
4.44356
4.44303
inf
4.2728
5.23428
4.98958
5.16494
5.30271
5.31603
5.47379
inf
4.86268
4.90682
4.59594
4.56232
4.6728
4.88802
5.17343
4.48186
4.59095
5.11235
4.90163
5.23094
5.47031
4.28212
4.57499
5.29269
4.34406
5.34353
5.39095
4.9102
inf
4.53368
5.23465
4.72112
4.97249
4.83595
5.212
4.84674
4.82409
5.32418
4.56027
inf
inf
4.60646
4.8663
4.99312
4.45229
4.65093
5.42793
inf
4.89694
4.9051
4.5154
5.27081
4.97466
inf
4.95579
4.55661
4.61259
4.6708
inf
4.46632
4.91486
4.67806
inf
4.88356
inf
4.87925
4.87184
5.23518
5.3318
4.51489
5.32161
inf
inf
4.73461
4.71213
5.39933
inf
4.5167
4.98747
5.34005
4.55553
inf
5.01904
5.54038
4.61129
4.74597
4.86621
inf
4.6603
5.00458
4.85433
5.50506
4.98616
4.53278
4.69854
5.64227
5.12769
4.2942
5.04388
4.8771
5.19742
5.15353
4.53432
4.72802
4.82278
4.8391
5.2853
5.49359
5.39224
5.76315
5.72728
4.94669
4.55985
5.00474
5.1953
4.59042
4.72875
5.01598
5.03628
5.04283
5.4678
4.56948
4.86167
5.25837
5.05414
5.03175
4.77979
4.96259
5.32095
4.87853
5.09283
4.69035
4.63986
5.05822
4.93826
4.57842
4.52952
4.76833
4.669
4.49274
