5.42431
5.22205
5.60108
5.42218
5.33965
5.09299
5.17634
5.50862
5.28367
5.59258
5.10688
5.0744
5.43091
5.79341
4.66837
5.05061
5.70333
5.76959
5.1791
5.70332
5.62723
5.47013
5.64836
5.47322
5.06267
5.02168
inf
5.14091
5.45584
inf
5.27847
5.0324
5.01261
inf
inf
4.95565
5.27073
5.40628
5.29303
5.18155
5.34353
5.2495
5.34634
inf
inf
5.37012
inf
5.20661
inf
4.58575
4.89858
5.19362
5.18894
4.36486
5.24914
inf
inf
4.7607
inf
inf
inf
4.7959
5.18419
inf
inf
4.76631
inf
5.12157
inf
inf
5.22584
inf
5.21077
4.71558
inf
inf
5.13607
4.7495
5.06699
5.08466
inf
inf
5.08176
4.62228
inf
4.46139
5.10632
inf
4.774
inf
4.66153
5.03111
5.07969
5.10472
5.18945
inf
4.94498
5.07646
inf
inf
inf
5.13784
5.12942
4.6604
4.65618
inf
inf
5.11663
4.40145
inf
inf
inf
inf
5.03781
4.71385
5.07289
4.416
inf
inf
5.18493
inf
5.19432
inf
inf
5.1197
inf
inf
4.60057
4.99518
inf
inf
inf
inf
4.43612
5.09308
inf
inf
inf
inf
inf
inf
inf
inf
5.09306
inf
4.76489
4.26518
inf
5.12817
4.71487
inf
inf
5.15503
inf
5.20583
4.73978
5.24426
4.81122
4.73348
inf
4.63879
5.1881
5.29402
4.77872
4.77977
inf
5.19191
4.79784
4.53399
4.61714
5.30798
5.26288
5.22956
5.36929
5.24953
inf
inf
5.47313
inf
4.88297
5.21169
4.66312
4.53342
5.40276
inf
5.51515
inf
inf
4.92712
5.44505
5.464
5.1371
4.70169
inf
4.65626
4.70077
5.70952
inf
5.83722
4.84621
4.83232
5.29848
4.98841
5.42806
5.4448
5.59002
4.81252
inf
5.24999
5.06013
5.4484
5.31291
4.99524
5.3618
inf
5.11441
inf
4.69296
inf
5.27337
5.31523
5.35003
4.95053
inf
5.30803
5.34021
4.48651
inf
inf
4.98147
5.2951
4.92612
inf
5.29788
inf
inf
inf
5.2166
4.87311
5.27079
5.28243
4.92002
inf
4.76607
4.83448
4.73673
4.8842
inf
4.92882
4.86964
5.14712
5.27438
5.32214
4.59905
4.38884
5.3518
4.62204
4.86286
inf
5.15286
4.56723
4.79436
inf
5.32721
4.6124
4.63721
5.39368
inf
4.79135
5.33191
inf
5.31627
5.38023
inf
5.38676
4.78176
4.76327
4.66798
5.2968
5.28431
5.25412
5.2127
4.51848
4.5849
5.32169
inf
5.09837
4.82747
5.40273
inf
inf
inf
inf
inf
4.59231
5.38119
4.89722
4.53238
4.80925
5.2617
inf
inf
4.76877
4.36852
inf
5.35253
4.62983
inf
4.85869
5.20692
5.28261
4.63703
5.09183
5.39081
4.90083
5.40073
5.37819
4.84761
inf
4.81177
5.49005
5.30913
5.22584
inf
inf
5.20856
4.52294
4.57551
inf
4.91331
4.90678
4.75298
5.33643
4.93837
4.90611
4.50472
4.75521
5.33322
5.49182
5.52865
5.00753
5.56059
5.47299
4.97489
5.32123
5.49946
inf
inf
4.94466
4.87052
4.71645
inf
inf
4.95326
5.43025
inf
5.10345
5.19059
4.95823
5.14108
inf
5.54229
4.79113
5.15439
5.59784
5.81921
5.6979
5.24556
4.682
5.81343
5.15953
4.98109
5.41329
5.0864
5.81004
5.83143
inf
5.70973
5.45835
5.3051
5.02115
5.81875
inf
4.80321
4.90869
5.11041
5.76272
5.31573
5.27396
5.32129
4.76816
4.99551
5.01908
4.99256
4.72517
4.7145
4.69933
4.61751
4.60039
4.47333
