3.69506
3.74165
3.75622
3.80141
3.88548
3.84204
3.89061
3.96487
3.79418
3.93696
3.89869
3.89257
3.8857
4.08621
3.97626
3.88964
3.86226
4.09719
3.95091
3.82027
3.82549
4.1196
3.96372
3.79332
3.83867
3.8309
3.75097
3.9441
3.90914
3.89571
3.9652
3.80278
3.87602
3.92687
3.78729
3.87632
3.91611
3.92928
3.77426
3.67895
3.79607
3.75002
3.8805
3.92458
3.74882
3.70243
3.82464
3.75498
3.69853
3.75321
3.91439
3.82099
3.74388
3.57654
3.5528
3.86629
3.87502
3.61825
3.72258
3.70583
3.8854
3.85977
3.57972
3.77233
3.68043
3.56398
3.58517
3.81068
3.65297
3.86215
3.77813
3.72202
3.86062
3.81151
3.73127
3.83183
3.64964
3.67115
3.51476
3.86142
3.8617
4.01806
3.85361
3.53627
3.86243
3.57662
3.58974
3.74125
3.799
3.65524
3.71962
3.65887
3.6252
3.64097
3.58237
3.86518
3.89606
3.64521
3.7605
3.7004
3.6251
3.68066
3.89094
3.67395
3.53306
3.77353
3.69493
3.67003
3.71071
3.73584
3.96506
3.65611
3.64482
3.81643
3.80412
3.92479
3.5881
3.52668
3.77582
3.49479
4.05316
3.58297
3.63282
3.63167
3.70991
3.83725
3.86037
3.7217
3.78356
3.53333
3.54115
3.69315
3.57364
3.51998
3.66893
3.77648
3.84873
3.55175
3.52291
3.70332
3.75228
3.68082
3.65583
3.64116
3.56887
3.65649
3.87378
3.4996
3.51605
3.62574
3.83998
3.49328
3.57661
3.53244
4.23446
3.85505
3.78688
3.74652
3.62624
3.56891
3.6219
3.86527
3.73907
3.79629
3.73612
3.59693
3.57999
3.66432
3.61008
3.6093
3.72327
3.87257
3.67397
3.66132
3.97351
3.60603
3.50713
3.55676
3.76781
3.76675
3.56541
3.70227
3.70367
3.79203
3.73475
3.65288
3.88043
3.53466
3.57956
3.57284
3.63133
3.60882
3.67621
3.57545
3.67186
3.53045
3.54727
3.67533
3.76064
3.66107
3.58905
3.62662
3.64216
3.69385
3.73137
3.83642
3.74653
3.72579
3.57765
3.77706
3.49483
3.44875
3.68536
3.85156
3.46633
3.6038
3.65987
3.60437
3.71037
3.78522
3.64486
3.93099
3.46929
3.67338
3.94537
3.7051
3.53027
3.70412
3.64405
3.38216
3.77514
3.61315
3.84045
3.85994
3.42633
3.57593
3.71429
3.76811
3.5844
3.53973
3.80798
3.45274
3.52148
3.78846
3.48344
3.54646
4.01508
3.53527
3.69318
3.60259
3.68731
4.1002
3.607
3.67199
3.4969
3.72589
3.70245
3.82557
3.62291
3.4884
3.47627
3.53488
3.81771
3.55211
3.68443
4.02751
3.86823
3.55652
3.56101
3.78151
3.62094
3.5236
3.51039
3.59962
3.56718
3.57463
3.77134
3.78837
3.55103
3.55253
3.60475
3.54005
3.85293
3.74847
3.72969
3.73348
3.80248
3.82011
3.57956
3.81575
3.60307
3.67303
3.61738
3.72947
3.83539
3.51102
3.68755
3.79963
3.92017
3.7822
3.61848
3.55863
3.3501
3.76852
3.55001
3.62892
3.33927
3.52639
3.89179
3.85467
3.37558
3.52937
3.32846
3.50846
3.51441
3.61757
3.5349
3.60973
3.5417
3.73864
3.47004
3.68189
3.55601
3.57012
3.49482
3.5937
3.737
3.77668
3.40705
4.0261
3.86682
3.49745
3.36394
3.61368
4.12725
3.40585
3.6957
3.6168
3.48731
3.54493
3.36522
3.52572
3.43819
3.76543
3.74189
3.44501
3.69783
3.45866
3.82422
3.4364
3.54715
3.51753
3.56228
3.69755
3.6394
3.56223
3.70371
3.46309
3.58159
3.32999
3.4779
3.63408
3.33781
3.38636
3.87389
3.76951
3.86079
3.72971
3.33913
3.74536
3.53465
3.46
3.61663
3.88833
3.72165
3.71754
3.70025
3.77836
3.49452
3.93218
3.66382
3.65849
3.68398
3.87249
3.80962
3.41847
3.46116
3.63185
3.79006
3.4729
3.5587
3.76026
3.55869
3.63851
3.85389
3.82696
3.64358
3.74969
3.69988
3.68176
