4.2926
4.42932
4.63829
4.62037
4.69466
4.50688
4.85697
4.56971
4.83956
4.88408
4.8415
4.58101
4.66949
4.47373
4.9698
5.37461
5.22919
4.48313
4.32326
4.9316
4.8397
5.04098
4.94406
4.79676
4.64139
4.52044
4.74576
4.85049
4.42671
5.32266
4.628
4.70359
4.56715
4.28876
4.97439
4.59159
4.33174
5.00905
4.47635
4.38504
4.53426
4.92113
4.27397
4.63605
4.10171
4.64195
4.44713
4.19382
4.33817
4.64488
4.26158
4.65195
4.60497
4.70117
4.42166
4.32391
4.3292
4.5101
4.41132
4.30718
4.7701
4.16342
4.33598
4.29129
4.28944
4.73345
4.02414
4.45072
inf
5.46084
4.57792
4.93705
4.31032
4.54622
4.75446
4.35788
4.66637
4.6692
4.46049
4.50202
4.24082
4.1519
4.47535
5.27102
4.69212
4.39289
4.45185
4.45115
4.40893
4.19237
4.10998
4.18509
4.40309
5.1904
4.38908
4.06649
4.07301
4.66927
4.36997
4.19152
5.22132
4.13929
4.51835
4.15236
4.37419
4.47236
4.98229
4.27303
4.13143
4.17524
4.24558
4.30332
4.49228
4.42908
4.65562
4.2167
4.44198
4.61499
4.6831
4.63796
4.09001
4.49292
4.37072
4.48253
4.36449
4.50475
4.48345
4.43663
4.14013
4.438
4.10253
4.48992
4.10135
4.42024
4.54731
4.64517
4.5338
4.8864
4.84792
4.55918
4.08804
4.67831
4.4747
4.49618
4.40415
4.15623
4.02412
4.40772
4.42393
3.89265
4.00938
4.38132
4.1648
4.13804
4.19418
5.41303
4.40804
4.73142
4.12744
4.38513
4.74148
5.40319
4.10817
4.50881
4.43706
4.51863
4.73434
4.31509
5.05802
4.45675
4.78652
4.20938
4.50356
4.267
4.14633
4.61501
4.42363
4.56448
4.07712
4.16902
4.1966
4.30121
5.07115
4.5192
4.07051
4.25232
4.58385
4.67037
4.26128
4.68266
4.38624
5.01536
4.6839
4.73693
4.75995
4.42288
4.88468
4.64073
4.62738
4.56829
4.77545
4.20826
4.75794
4.51632
4.95339
4.94833
4.80991
4.50053
4.7627
4.57894
4.31197
4.49156
4.91272
4.31051
4.38089
4.39878
4.39593
4.11061
4.67756
4.32855
4.23743
4.59065
4.64106
4.47542
4.62786
4.35597
4.06616
4.33406
4.28742
4.59119
4.55814
4.35837
4.2772
4.57581
4.22798
3.88743
4.63797
4.40137
4.57477
4.22514
4.71115
5.33228
4.41452
4.25311
4.71273
5.06925
4.22402
4.19114
4.53482
5.25813
4.30456
4.10517
4.35167
4.43049
4.36755
4.37667
4.56027
4.0668
4.63913
4.95997
4.3717
4.49907
4.4661
5.3991
4.94545
4.63674
4.66555
4.97977
4.17262
4.63298
4.17468
5.21926
4.49919
5.32509
4.69266
4.26624
4.93815
4.6808
4.68422
4.81288
4.32683
4.60943
4.0197
4.21588
4.06628
4.37596
4.92583
4.56854
inf
4.11267
4.38859
4.32099
4.63689
4.32512
4.42703
4.22632
4.1414
4.91951
3.88934
4.34862
4.14093
3.84747
5.3295
4.24852
4.31498
4.35773
4.38677
4.62152
4.52416
4.04205
3.95118
4.13846
5.38873
4.22016
4.25677
3.96724
4.23835
4.31691
4.40092
5.27594
4.57834
4.54996
4.31425
4.82152
4.27502
4.72592
4.22647
4.54447
4.6325
4.13096
4.25576
4.3077
4.52459
4.3849
4.33248
4.24466
4.24829
4.0338
4.61479
4.23505
4.02742
4.37014
4.20448
4.39937
4.35688
4.57832
4.33384
4.07614
4.27586
4.23395
4.43818
4.49542
4.66055
4.80967
4.22831
4.38451
4.20965
5.24701
4.33152
4.15082
4.0376
4.2014
4.19371
4.07865
4.51338
4.33869
4.43343
4.19183
4.294
4.34494
4.06206
4.49494
4.24164
4.28975
4.24578
4.29275
4.9412
4.49978
4.44691
4.06212
4.51092
4.15582
4.30698
4.23918
4.31207
4.54097
4.41697
4.28847
4.17901
4.47489
4.51518
4.66817
4.52929
4.46145
4.66227
4.63613
4.82136
4.74509
4.74749
5.13187
