4.52357
4.58839
4.63407
4.63321
4.53003
4.53446
4.5696
4.69527
4.71658
5.04611
4.77442
4.67766
4.55145
4.66942
5.11577
4.91924
4.6709
4.889
5.35594
4.80486
5.02175
4.61133
4.54441
4.83626
5.18551
5.16062
4.92328
4.77843
5.10757
4.74279
4.64209
5.0431
4.88363
5.58731
5.18202
5.55039
4.967
5.56303
4.99477
5.14681
4.59725
5.04472
5.59529
5.477
5.14084
4.53979
4.43169
5.37755
5.5493
5.1455
4.65575
5.00125
5.04321
4.76755
5.36073
5.47725
inf
4.7634
4.95681
4.62651
4.8171
5.35282
inf
inf
4.93281
4.80678
inf
5.1891
4.25182
inf
5.18844
5.26126
4.98699
4.86017
4.3377
inf
4.73408
5.08951
inf
4.73731
4.83213
4.69049
4.47996
4.46458
5.44504
inf
5.27756
5.17848
4.79552
4.96559
4.32273
5.35539
inf
inf
inf
inf
inf
inf
4.83821
4.77222
5.16093
4.81161
4.31422
inf
5.32244
5.22944
4.82553
5.16413
5.20563
4.54965
5.16896
5.26623
4.36943
5.33474
5.31368
5.27116
inf
5.23933
4.82184
5.18559
4.8023
4.54951
5.22328
4.9123
4.85532
4.87168
4.74283
inf
inf
5.26339
5.25556
4.8474
4.82293
4.84928
4.89649
4.54475
inf
4.77934
5.12177
5.1856
4.80152
4.63419
4.54886
4.77519
5.36802
5.24634
4.57143
4.83746
5.27027
5.32392
5.09363
5.4432
inf
4.86726
5.16103
5.34439
4.82348
inf
5.16485
4.78764
4.35193
inf
4.59105
4.35291
inf
4.87663
5.51045
5.18306
5.31817
inf
5.42405
4.4239
5.41383
inf
4.37303
5.08289
inf
4.30497
4.85059
inf
5.27413
5.21421
5.44946
4.57137
inf
5.22392
4.95581
5.08966
4.86064
4.83972
4.86964
5.22943
4.64942
5.1588
4.74069
5.14132
5.03795
4.81131
5.05483
5.89491
4.85799
5.30516
inf
4.88011
4.92695
5.16824
inf
5.04277
inf
4.84033
4.84743
5.06609
5.51038
5.5943
4.63944
4.7369
4.7653
4.8903
5.25589
4.60387
5.00798
5.00476
4.91463
4.93673
4.98077
5.41455
inf
4.96107
5.3079
4.69604
5.09857
inf
4.85502
5.08223
inf
5.47664
5.30752
4.65713
4.34786
inf
4.53625
inf
4.63395
5.29843
inf
inf
5.24323
5.40416
4.74937
5.22319
inf
4.81377
4.69681
5.21771
4.63002
4.84178
4.82434
5.1484
4.43042
4.63098
4.69054
inf
5.06583
4.45486
4.6192
4.55568
4.65544
5.15074
inf
5.42101
4.68493
5.03681
4.79171
5.3449
5.20501
4.85296
4.52256
inf
4.936
5.37801
5.41912
4.84184
4.86112
4.87988
5.30753
5.32611
4.82574
4.91231
4.37816
4.6963
5.37868
4.98293
4.85134
4.69949
4.72456
4.88926
4.98192
inf
5.20671
4.16231
4.67042
5.54833
4.56225
4.16839
5.20945
inf
5.38432
4.46225
5.05576
5.43593
4.45615
4.57842
4.50781
5.50422
4.44349
4.77576
4.60159
4.62962
4.95951
5.33961
4.91198
5.30497
4.32416
5.06267
4.76546
4.55423
5.09028
4.63217
4.95393
4.556
5.02812
inf
5.35906
4.25599
4.16107
4.70892
4.67526
4.97265
5.00506
5.53631
4.69773
4.56281
4.5806
4.7069
4.7528
4.98465
5.37305
4.30896
4.67523
4.77722
4.52531
inf
5.53611
4.84824
5.06446
4.84503
5.16052
5.08463
5.47837
4.50415
4.85497
4.90295
5.04779
4.72648
5.5749
4.69959
5.73808
4.62779
5.68579
4.60667
4.97213
4.93806
4.85353
5.22307
5.21493
5.28882
5.21925
5.25809
4.88166
5.5409
4.62044
4.81956
4.81408
4.62893
4.91154
4.89974
4.78142
4.81979
4.95641
4.78449
4.62936
4.62033
4.89422
4.62592
4.98777
4.56244
4.87749
5.01546
4.85187
4.71774
