4.86925
5.01267
5.02669
4.99928
5.11029
5.05502
4.76128
5.01078
5.37039
4.8676
5.20848
5.21256
5.43712
5.14177
4.7485
inf
5.54495
5.56841
5.1764
5.13433
5.64394
5.06591
inf
4.96063
4.88786
5.69907
5.15184
inf
5.59383
inf
4.69215
5.15892
5.46215
5.07544
5.1871
5.19533
5.52023
4.96074
5.38504
4.9073
inf
5.44904
4.80041
5.41337
5.31339
inf
5.41296
inf
4.91695
inf
5.05414
inf
inf
5.21212
inf
4.8399
5.06885
5.36868
inf
4.80787
5.12312
inf
5.234
inf
inf
inf
4.56731
5.02506
inf
5.24375
inf
inf
4.62554
inf
inf
inf
inf
4.68203
inf
4.97037
5.07962
inf
inf
5.12011
4.96055
inf
5.11707
inf
5.07784
inf
4.85052
4.69505
5.08198
5.00586
inf
inf
inf
inf
inf
4.97943
5.14595
5.13911
inf
4.89733
5.03905
4.5424
inf
4.90681
4.55097
5.08978
5.02715
inf
5.07317
4.82556
inf
5.12465
4.66728
inf
4.60934
4.86947
inf
inf
inf
inf
5.12169
inf
4.30758
inf
inf
5.01547
inf
5.15826
inf
inf
inf
inf
4.65037
inf
inf
inf
5.03547
4.99483
inf
inf
inf
5.09521
inf
inf
4.91519
5.2565
4.33233
inf
inf
5.07555
inf
inf
inf
inf
4.80447
inf
inf
5.04976
inf
inf
inf
5.09013
inf
4.49864
inf
inf
inf
inf
4.28378
5.20426
inf
inf
inf
inf
4.77989
inf
inf
5.28236
4.75848
4.95966
inf
5.42738
5.24331
5.41904
5.39781
5.03028
4.63254
5.43898
5.47601
5.29213
5.21668
4.60511
5.30275
5.25972
4.81775
5.05462
4.95237
5.44126
5.43836
inf
5.36921
inf
inf
inf
4.87451
5.26144
inf
inf
inf
5.4353
inf
5.20117
4.84089
inf
4.84014
inf
5.17169
5.21818
inf
5.09431
inf
4.83845
5.10416
4.72118
4.65932
5.06367
5.29198
5.25608
inf
5.24184
inf
5.07333
inf
5.30903
inf
inf
5.21203
inf
inf
inf
inf
inf
4.86013
5.02602
5.12966
inf
4.5919
5.2681
4.75701
5.05535
inf
5.15377
inf
inf
5.11511
inf
inf
5.02169
inf
5.13699
inf
inf
inf
5.10036
inf
inf
5.0084
inf
5.27747
5.07085
inf
inf
4.95265
5.27281
inf
inf
5.1459
5.06289
4.78433
5.17104
inf
inf
5.23675
inf
inf
inf
inf
5.18187
inf
4.36368
5.17568
5.03647
inf
4.42043
inf
inf
inf
inf
5.06529
inf
4.82569
5.17442
5.01014
5.08306
5.27382
inf
inf
5.33117
4.78333
inf
inf
5.26807
4.6809
inf
inf
inf
inf
4.78037
5.06496
inf
5.10228
4.87498
5.14877
5.23951
inf
4.90389
4.86321
4.47085
inf
5.24073
5.19407
4.84788
inf
4.93224
5.25717
5.29954
inf
inf
inf
5.14293
inf
4.84532
inf
inf
5.50558
5.0197
4.82576
inf
5.07046
inf
4.49581
5.52111
inf
inf
5.47718
5.59796
4.84504
4.72064
4.75595
inf
4.76165
inf
5.16295
5.53006
inf
5.73379
4.97285
5.80607
inf
inf
5.73417
5.63087
5.66587
5.75372
5.10819
5.14049
inf
4.97675
5.06394
5.05826
5.27089
5.14272
6.13157
4.94885
4.99955
5.32104
5.24982
5.1605
4.99112
5.19159
4.93007
4.72882
4.70276
4.70857
4.64271
4.65186
