4.42938
4.54883
4.45511
4.57132
4.73225
4.85317
4.64071
4.71611
4.53468
4.44066
4.29014
4.62306
4.62566
4.63192
4.67278
4.67048
4.90725
5.12538
4.7001
5.25437
4.54878
4.73275
4.69833
4.65166
4.79034
4.91661
4.91103
4.72606
4.88108
4.7515
5.12061
5.65445
5.26786
5.69127
5.29533
4.42384
4.80145
4.82171
4.626
4.59898
4.57382
4.64532
4.59544
5.46216
4.91137
5.50107
inf
5.01839
4.84433
5.46617
4.62659
5.50778
4.90268
4.83099
4.52833
4.61654
4.99337
4.94149
4.58072
5.09657
4.73597
5.34277
4.7758
4.45251
inf
5.29743
inf
4.52285
5.01535
5.1908
5.29668
4.92017
5.2724
inf
4.26259
4.50888
4.69089
inf
5.42015
4.62322
4.47012
5.36528
5.24989
4.6346
4.99915
4.49406
4.47003
4.37723
4.68295
5.27431
4.59986
4.92973
4.26292
4.92489
5.28965
4.88048
5.23645
4.18583
4.37646
4.51738
4.91331
4.70228
4.92439
4.3423
4.90419
5.24063
4.80748
4.66348
4.60432
4.52792
4.35346
4.86366
4.54633
inf
5.27296
4.60163
4.48792
4.67847
4.6376
5.31014
4.66232
4.25016
5.19573
4.48795
5.32391
4.67977
4.62792
4.70377
inf
4.42413
5.30439
5.30698
4.93994
4.32727
4.28939
4.9115
5.26496
4.41828
4.9023
4.47594
4.65382
4.89215
4.8781
4.88367
4.89334
inf
4.92784
4.97451
4.61766
4.92168
4.93275
4.55967
4.5358
4.39192
5.34011
4.68735
5.29223
4.60178
5.13977
4.54574
5.33424
5.35277
5.40955
5.2862
5.00721
5.01132
4.84929
5.32202
4.83881
4.33709
4.55375
4.91958
4.40423
5.45982
4.74288
5.0003
4.99229
inf
4.67831
4.63996
4.61808
4.84342
4.72149
4.5127
5.03449
5.24704
4.77636
4.34756
5.5425
4.79156
inf
4.52467
4.85406
4.39846
5.17994
4.96358
4.9182
4.6381
4.64807
4.58401
4.68282
4.88058
4.41002
4.87052
5.07951
4.89175
4.46548
4.88835
4.4585
5.42838
4.41481
3.96502
4.45201
4.22052
4.85939
5.47145
4.34041
4.72624
4.3485
4.47653
4.75196
4.72814
5.39315
4.59278
5.29942
5.31663
4.87437
4.50489
5.3723
4.94003
4.56865
5.21192
4.86929
4.827
inf
5.14489
4.4376
inf
4.79121
4.21581
4.6581
4.82064
inf
5.19732
4.88091
inf
4.15149
4.62904
4.3673
4.67331
4.78171
4.70939
inf
4.53286
4.58854
5.15127
4.51058
5.13403
5.19795
4.43863
4.72445
4.51495
4.28971
5.25157
5.20242
5.14136
4.50221
4.56526
5.17702
5.12734
5.18931
5.0653
inf
4.47681
5.0607
inf
5.15329
inf
5.00045
5.15709
inf
4.75888
4.62172
4.6916
4.77551
5.03119
inf
4.51867
inf
inf
4.38097
inf
5.07759
4.63176
5.19123
5.11203
4.6863
inf
4.24717
inf
5.01366
inf
inf
5.13673
5.0754
4.20883
4.7084
5.05997
5.24591
4.46317
5.15719
4.75497
5.00249
5.24913
inf
4.68418
4.48598
5.19699
4.46013
inf
4.77215
4.56404
4.4731
inf
inf
5.19777
5.20131
5.1915
4.8042
4.7468
5.12055
5.28904
inf
5.08929
5.31839
inf
5.32567
inf
inf
5.12637
4.67575
inf
4.97839
4.99676
4.89212
5.30675
5.36882
5.29913
4.67088
inf
inf
inf
4.64549
5.42412
4.83587
4.83362
4.7149
5.49445
5.5626
4.68051
5.15787
4.59699
4.7197
5.19035
4.77011
5.04841
4.85331
5.56495
inf
5.71795
4.79399
5.04197
5.04817
5.31485
4.86475
4.91322
4.53497
4.61979
4.9833
5.54193
4.89209
5.15364
5.27171
4.95397
4.92591
5.19839
5.06122
4.65969
5.01361
4.95406
4.81983
5.15256
4.97756
4.72447
4.67924
4.72257
4.71468
4.64477
4.68156
4.7071
