 7076.045001
 11331.552859
 9361.665937
 5899.860638
 9063.378502
 1008.224895
 605.487999
 358.329664
 652.939088
 1423.375900
 911.308837
 1221.708200
 526.384381
 971.705886
 399.729054
 2397.765857
 1524.063668
 922.680155
 1620.444401
 2589.767106
 3567.118958
 2372.118936
 3121.680969
 1564.359872
 3363.691416
 1271.077488
 2398.927402
 920.195137
 2137.761646
 1352.483385
 1122.994535
 1599.335559
 2884.425222
 2349.395798
 954.245513
 3781.081842
 2661.671945
 1675.940925
 2700.589189
 4167.326528
 5688.526889
 3751.070872
 5066.414923
 2636.730521
 5320.798089
 2133.865979
 3906.853442
 1697.330919
 3487.925189
 2386.399519
 2136.899106
 2600.813205
 4451.194352
 3618.589739
 1613.147818
 6926.704518
 13489.048114
 9887.314519
 5731.788185
 4563.205818
 2134.441587
 1089.676756
 956.025239
 307.506413
 249.586643
 41.784130
 1607.037727
 1105.119962
 873.369596
 877.493992
 598.052255
 460.039622
 302.585277
 120.753043
 54.393130
 34.557018
 2701.238356
 2329.960279
 840.953794
 693.274370
 142.901543
 2743.665709
 4090.783968
 2770.892876
 2181.743579
 1767.804366
 2338.633045
 4000.639813
 1431.463716
 1162.700188
 665.423160
 828.890914
 2588.482299
 1512.276193
 356.894980
 160.644444
 718.586422
 2070.674156
 1212.786715
 367.621261
 110.769489
 150.794702
 2238.383339
 964.106137
 193.877689
 127.169776
 4460.899381
 3636.809240
 1586.186288
 1391.172278
 379.916573
 4215.056897
 6468.038177
 4127.607770
 3182.379563
 1992.935461
 3584.856463
 6497.621034
 2154.100034
 1888.465932
 1002.827641
 1593.342475
 4181.015371
 2562.810123
 799.364517
 377.489789
 1469.950233
 3450.767526
 2190.450119
 860.031414
 308.602843
 556.860984
 3700.081441
 1874.523238
 598.482610
 455.097000
 1950.112373
 1737.754773
 1841.650046
 2031.455717
 1841.639462
 892.923341
 872.720416
 603.195635
 872.482603
 837.583679
 892.162415
 856.301932
 819.215929
 885.986206
 623.616713
 384.069270
 408.886311
 440.605152
 411.672331
 364.986737
 392.714856
 367.176930
 417.110554
 382.402816
 414.973696
 1882.753017
 1672.891392
 1786.737190
 1976.933396
 2199.928106
 1148.865579
 705.014356
 716.143667
 397.650560
 335.534881
 29.035501
 662.968207
 699.596020
 733.169818
 493.534556
 656.072660
 589.555799
 289.933453
 128.247693
 48.076031
 31.087322
 288.744007
 298.332762
 333.949805
 300.169601
 146.562912
 272.598004
 303.339699
 315.225073
 252.233745
 321.097862
 333.751532
 254.162116
 260.575239
 186.357493
 138.274229
