inf
inf
inf
inf
inf
inf
inf
inf
inf
inf
inf
inf
inf
inf
inf
inf
inf
inf
inf
inf
inf
inf
inf
inf
inf
inf
inf
inf
inf
inf
inf
inf
inf
inf
inf
inf
inf
inf
inf
inf
inf
inf
inf
inf
inf
inf
inf
inf
inf
inf
inf
inf
inf
inf
inf
inf
inf
inf
inf
inf
5.6103
inf
inf
inf
inf
5.58357
inf
inf
inf
inf
inf
inf
inf
inf
5.54844
inf
5.53826
5.50984
inf
inf
inf
5.4871
inf
inf
inf
5.51526
5.48024
inf
inf
inf
inf
5.47599
inf
5.47101
5.48074
5.47507
inf
inf
inf
inf
inf
5.47968
inf
inf
5.45286
5.06101
inf
inf
5.45303
inf
inf
inf
inf
inf
5.45204
inf
inf
inf
inf
inf
inf
inf
5.45197
inf
inf
inf
inf
inf
inf
inf
inf
inf
inf
inf
5.05148
5.05507
inf
inf
5.45207
5.47548
inf
inf
5.07607
inf
5.48295
inf
inf
5.47476
5.48411
inf
inf
inf
5.48599
5.49526
inf
inf
5.49469
inf
inf
5.53165
5.51921
inf
inf
inf
5.53246
inf
inf
5.1382
5.56221
5.14983
inf
5.15183
5.57731
5.58363
inf
5.56988
inf
5.60137
inf
inf
5.21715
5.62106
inf
5.63656
5.66166
inf
5.678
5.26356
5.03581
5.04999
inf
5.73024
5.73384
5.75081
5.77507
5.79564
5.82823
inf
5.50051
6.02203
6.0226
5.50017
5.45479
5.4224
5.79563
inf
5.34838
5.33501
5.74554
5.705
5.69266
5.28667
5.67491
5.66512
5.26387
5.00537
5.23681
5.21834
5.21067
5.62229
5.21801
5.19233
inf
5.1874
5.59276
4.76159
5.60164
4.74952
5.58678
5.17197
5.55152
inf
inf
5.53143
5.52123
4.47611
inf
5.55557
5.12491
5.10485
5.10717
4.86695
inf
5.49491
5.50205
5.08234
inf
5.51862
inf
4.54803
4.83681
5.07068
4.84035
5.06174
5.07687
4.42986
4.64213
4.83411
5.46487
5.05809
4.33677
4.83193
5.07192
4.52164
4.40457
5.48104
4.52875
5.07339
5.05098
5.06984
4.6597
4.64049
inf
4.52822
4.81768
5.50341
4.53135
4.64019
5.03582
5.50447
5.51457
4.51401
5.03984
5.07054
4.83949
inf
5.44934
inf
4.82163
5.525
5.05838
4.67528
4.85135
5.49575
4.83935
5.08865
4.55409
4.86178
4.82947
5.48024
5.51775
5.55615
5.1337
5.14836
5.14021
4.55118
4.56809
4.57501
4.89512
5.14539
4.9432
inf
4.71656
4.94213
5.13039
4.73649
4.57962
4.74032
4.87191
4.73952
4.62574
4.51853
4.45203
4.61299
4.78938
4.62984
4.64081
4.56924
4.45058
4.57387
4.83186
4.98388
4.61253
5.20291
4.93655
4.61802
4.51557
4.81618
5.39554
4.72435
4.70812
4.81429
4.51219
4.72146
5.32532
4.49751
4.23247
4.36291
4.57865
4.64433
4.68968
4.77627
4.50418
4.44724
4.44129
4.44334
4.52632
4.88522
4.54512
4.43359
4.43543
4.93173
4.67966
4.677
4.93368
4.45422
4.68927
4.74094
4.74918
4.58011
4.55912
4.54356
4.77006
4.61968
4.64094
4.56501
4.29663
4.37986
4.53309
4.65578
4.38456
4.48443
4.40748
4.45321
4.37848
4.53472
4.69382
4.65566
4.50526
4.51681
4.53248
4.49218
4.5779
4.54968
4.61594
4.63362
4.51613
4.64336
4.55982
4.7164
