5.27785
5.30653
5.31176
5.41713
5.24617
5.49177
5.11004
5.27314
5.13132
5.39505
5.28875
5.25359
5.37461
5.31956
5.20592
5.46557
5.35124
5.29652
6.45526
5.54078
5.47018
5.59918
5.55369
5.31411
6.39944
5.52677
5.67081
5.2348
5.61677
5.84519
5.798
5.78865
6.23816
5.23788
6.15594
6.12655
inf
inf
5.71385
6.08162
6.0989
inf
6.04632
6.08762
6.03919
6.04041
5.61676
6.01062
inf
inf
6.01337
5.55469
5.55953
inf
5.94212
inf
5.95922
inf
5.91671
inf
5.92244
inf
inf
inf
inf
5.88886
5.86948
inf
inf
5.8599
inf
inf
5.84747
5.86119
5.85123
5.85269
5.83227
inf
inf
inf
inf
5.1591
inf
inf
5.82077
5.80305
inf
inf
inf
5.79373
inf
inf
5.79934
inf
5.80382
5.79467
inf
5.78451
inf
inf
5.79656
inf
inf
5.77433
5.79613
5.79292
inf
inf
5.78307
inf
inf
inf
inf
5.78214
inf
inf
inf
inf
inf
inf
inf
inf
5.78842
5.79066
inf
inf
inf
inf
inf
inf
inf
inf
5.82474
5.81786
5.42458
inf
inf
5.816
inf
5.82083
inf
5.81908
5.39265
5.80292
inf
inf
inf
5.79609
5.79504
5.78408
inf
inf
5.79914
inf
inf
5.77745
inf
5.78112
inf
5.37156
inf
5.76725
inf
inf
5.77057
5.35736
5.12501
inf
5.78283
inf
5.77066
5.12041
inf
5.77444
inf
inf
5.76902
inf
inf
inf
5.78333
5.36302
inf
5.36884
5.77355
5.36852
inf
5.12326
5.37202
5.38803
inf
5.3823
5.78722
5.79572
5.79537
5.1515
inf
inf
5.41664
5.02545
5.80788
5.36633
5.10446
5.74577
5.3104
inf
5.04449
5.27085
5.67218
inf
5.23078
4.99304
5.23934
5.21685
5.61294
4.79742
5.18431
5.58945
4.93422
5.17989
5.57186
inf
4.91864
4.92265
5.16727
4.7427
5.53319
4.9053
5.12804
inf
5.13758
5.10124
4.68626
4.87043
inf
4.54926
5.48552
5.08965
5.52772
5.5076
5.48437
5.08385
5.46373
5.467
5.06338
5.4866
4.65914
5.46702
5.45875
5.05492
5.03694
4.62444
5.03781
5.04102
4.38381
4.49404
4.29508
5.02001
4.80087
4.37684
4.38635
4.49976
4.77478
4.47587
4.48349
5.03241
4.61065
4.60304
5.01033
4.76176
5.4337
4.59538
5.42736
4.79133
5.00928
4.75241
4.76777
4.73997
5.00473
4.77573
4.99798
4.97693
inf
4.77889
4.77571
5.38346
5.02039
4.75483
5.40936
5.3831
4.73218
4.73504
5.04223
4.47824
4.77938
5.01656
4.37218
5.37886
4.44651
5.41347
4.44725
5.02864
4.38334
4.37097
4.81941
4.43581
4.3708
4.79763
4.47495
4.37317
5.02266
4.36631
4.65632
4.64376
4.45633
4.23132
4.45161
4.13428
4.52462
4.58133
4.02672
3.98628
4.52108
4.31403
4.24668
4.55534
4.29038
4.30639
4.03001
4.59114
4.31027
4.85949
4.43113
4.1316
4.2135
4.3418
4.52801
4.0085
4.31374
4.25721
4.43423
4.35478
4.19244
3.81202
4.30599
3.86011
3.9884
4.23374
4.02887
4.10098
4.27002
4.1694
4.07335
3.79209
4.06738
3.95199
4.15089
4.56578
4.02425
3.72711
4.0945
4.0217
3.81052
4.15683
4.00839
3.70892
3.91833
3.88231
4.09166
3.62613
3.82406
3.82094
3.77307
3.7545
3.68559
3.76275
3.67443
3.68217
3.70432
3.8315
3.79814
3.698
3.6076
3.68408
3.61138
3.55146
3.66967
3.46315
3.62159
3.66926
3.71049
3.45268
3.62615
3.53641
3.55967
3.46098
3.53587
3.56496
3.50241
3.58728
