7.90211
7.95924
inf
7.54089
inf
7.18745
inf
inf
inf
inf
inf
inf
inf
inf
inf
inf
inf
inf
inf
inf
inf
6.47827
6.41556
inf
inf
inf
inf
inf
inf
inf
inf
inf
inf
inf
inf
inf
inf
inf
inf
inf
inf
inf
inf
inf
inf
inf
inf
inf
inf
inf
inf
inf
inf
inf
inf
inf
inf
inf
inf
inf
inf
inf
inf
inf
inf
inf
inf
inf
inf
inf
5.9212
inf
inf
inf
inf
inf
inf
inf
inf
inf
5.89406
inf
inf
inf
inf
inf
inf
inf
inf
inf
inf
inf
inf
inf
5.86694
inf
inf
inf
inf
inf
inf
inf
inf
5.86568
inf
inf
inf
inf
inf
inf
inf
inf
inf
inf
inf
inf
inf
5.86378
5.86922
5.84678
inf
inf
5.85532
5.86562
inf
inf
5.87728
inf
inf
inf
inf
inf
inf
inf
inf
5.86746
inf
inf
5.85747
inf
inf
inf
5.44407
inf
5.83998
inf
5.84906
inf
inf
inf
5.83539
5.40891
inf
inf
5.16226
inf
inf
inf
inf
inf
inf
5.39393
inf
5.39046
5.7924
inf
5.78786
inf
inf
inf
inf
5.79945
inf
5.7741
inf
inf
inf
inf
inf
5.79227
inf
5.37373
5.36415
5.75851
5.35744
inf
5.12808
inf
5.78314
inf
5.77574
5.78894
inf
5.3667
5.761
5.76774
4.95219
4.96634
4.95744
5.79791
5.3388
5.71068
5.71514
5.67887
5.2531
5.64053
5.63245
5.21323
5.61847
5.18574
5.18242
5.18476
inf
5.16346
4.74522
5.15718
5.1343
5.13672
5.12359
inf
4.56885
inf
4.84975
5.49349
4.6799
5.07609
4.43183
4.42272
5.47098
4.51626
4.82549
5.44582
5.04421
4.62946
4.62674
4.78765
4.61078
4.60421
4.47082
4.77031
4.59049
4.46213
5.00488
5.40776
4.98557
4.32469
4.56857
5.38425
4.97419
4.42892
4.72749
4.41583
4.55184
4.31255
4.21584
4.53018
4.05023
4.40132
5.37231
4.11576
4.68431
4.27681
4.91829
4.38597
4.26404
4.26169
4.08712
3.95733
4.6746
3.79705
4.49777
4.15759
4.3503
4.48471
3.95217
4.14527
4.49
4.46584
4.24848
4.23259
4.33846
3.92117
5.28425
4.33806
3.92628
3.98079
4.13542
4.06568
4.12759
3.85758
3.76109
4.20594
3.97729
3.86321
4.12487
4.12399
3.73693
3.97136
4.30835
4.32125
3.91235
4.29999
3.88963
3.90124
4.03439
4.1173
3.79199
3.89637
4.19988
3.97944
3.914
3.8949
3.83172
3.95271
4.20328
4.10979
4.2182
3.8495
3.97968
3.79241
3.90448
4.04739
3.84361
3.72958
3.63526
3.84336
3.97862
3.87875
3.71566
3.56143
3.61838
3.7144
3.8891
3.75418
3.6279
3.59123
3.6154
3.50318
3.61213
3.26499
3.77178
3.97914
3.72073
3.53188
3.70537
3.97654
3.54048
3.5844
3.52669
3.76101
3.81769
3.69665
3.80561
3.41008
3.74867
3.55395
3.52216
3.40588
3.51028
3.41191
3.64823
3.63849
3.27365
3.48856
3.63345
3.45579
3.49732
3.54404
3.26111
3.39753
3.52588
3.42016
3.30479
3.51157
3.40734
3.31222
3.10072
3.30238
3.36012
3.44315
3.35915
3.39983
3.43646
3.34741
3.36326
3.31405
3.34978
3.28949
3.17286
3.30578
3.17015
3.08613
3.20667
3.11013
3.07182
3.03072
3.03724
2.94122
2.88459
2.8285
