4.85992
4.86053
4.86856
4.78767
4.72916
4.65614
4.70385
4.9057
4.69543
4.70846
4.66544
4.77206
4.60584
4.65129
4.55534
4.59474
4.7616
4.48796
4.57759
4.58643
4.56066
4.63521
4.48175
4.43668
4.43585
4.82137
4.55324
4.44884
4.47337
4.5866
4.32107
4.37877
4.43127
4.6343
4.65315
4.50175
4.56625
4.50801
4.65723
4.40536
4.38215
4.51652
4.71502
4.79438
4.43979
4.63938
4.55202
4.46001
4.80271
4.67489
4.5028
4.58748
4.7198
4.37129
4.77913
4.31068
4.49628
4.57622
4.4977
4.43811
4.61628
5.02079
4.53681
4.30973
4.41758
4.86054
4.46567
4.42319
4.54636
4.75483
5.10417
4.50386
4.67501
4.68153
4.829
4.84395
4.66586
4.95659
4.52469
4.44345
4.72203
4.82045
5.2425
4.49823
4.71151
4.55889
4.55701
4.63725
4.61727
4.56174
5.20295
4.61331
4.63171
4.90016
4.69145
5.20744
4.42776
5.02465
4.79668
4.33214
4.89301
4.70394
4.70521
4.81447
4.80126
4.71681
4.49952
5.44233
4.78928
4.91873
4.80214
4.79462
4.3893
5.20631
5.20843
4.79151
5.85132
5.46997
5.04015
5.19686
5.44832
5.051
4.79687
5.04021
5.04635
4.79238
5.21485
5.22755
4.63247
4.71297
4.92085
5.05533
5.23344
5.06106
5.05348
5.06645
4.81326
5.21142
5.22444
5.4434
5.43961
5.03828
4.48506
4.88888
5.02414
4.54257
5.42511
5.4344
5.02137
5.18079
5.42316
5.41515
5.82568
4.75016
5.81106
5.40751
5.39995
4.9896
5.38633
5.38771
5.15536
4.85572
5.39041
5.15035
5.15062
4.84183
5.77997
inf
5.13127
4.72696
inf
4.7187
5.12387
5.37354
5.36677
5.76801
5.35939
inf
5.3623
5.36775
inf
5.36581
5.79341
5.10858
5.78155
5.76164
5.35149
5.77381
4.81611
5.76445
inf
inf
inf
5.76499
inf
5.3582
5.77899
5.13167
inf
4.97226
5.75845
4.90245
5.05118
5.67715
5.25443
inf
inf
5.22694
inf
5.61963
inf
5.60225
5.18017
5.571
5.57321
5.14954
5.15314
inf
5.55219
inf
inf
5.51244
inf
inf
5.09732
5.48707
inf
inf
inf
inf
inf
5.45931
5.44342
5.03099
inf
inf
5.44839
inf
5.41858
inf
inf
inf
inf
inf
inf
4.73823
inf
inf
inf
5.39032
inf
5.36114
5.38288
inf
5.35806
inf
inf
4.95043
inf
inf
inf
inf
inf
inf
5.32265
inf
inf
inf
inf
inf
inf
inf
inf
4.90837
inf
inf
inf
5.29042
inf
inf
5.28427
5.2977
inf
inf
inf
inf
inf
inf
inf
inf
inf
inf
inf
inf
inf
inf
5.27585
inf
inf
inf
inf
inf
inf
inf
inf
5.28079
inf
inf
inf
inf
inf
inf
inf
inf
inf
inf
inf
inf
inf
5.28311
inf
inf
inf
inf
inf
inf
inf
inf
5.28411
inf
inf
inf
inf
inf
inf
inf
inf
inf
inf
inf
inf
inf
inf
inf
inf
inf
inf
inf
inf
inf
inf
inf
inf
inf
inf
inf
inf
inf
inf
inf
inf
inf
inf
inf
inf
inf
inf
inf
inf
inf
inf
inf
inf
inf
inf
inf
5.51112
5.54379
inf
inf
inf
inf
inf
inf
inf
inf
inf
inf
inf
inf
inf
inf
5.81446
inf
5.99887
inf
5.13048
5.02994
6.21533
inf
