4.68395
4.58843
4.69708
4.58855
4.71083
4.67192
4.63354
4.71798
4.68366
4.74801
4.71724
4.69295
5.00565
4.67571
4.82889
4.54138
4.69824
4.76081
4.73006
4.67821
4.80265
4.6907
4.75265
4.74133
4.87822
4.7493
4.97004
4.87682
4.88335
4.90068
4.80872
5.20715
5.50983
4.72388
4.99418
5.01517
4.8827
4.91014
5.08963
4.68906
4.84076
4.87517
4.9625
4.7445
4.84945
4.60572
4.82317
4.80513
4.92595
4.82811
5.1272
4.63043
5.0725
4.83263
4.77719
5.3746
4.73549
5.21166
5.30573
5.34896
5.03609
5.4738
4.87087
4.94114
4.91589
5.37773
5.08987
4.96143
5.55492
4.62757
4.61946
4.84336
5.18433
4.71849
inf
5.12727
4.74488
4.77619
5.05305
5.22352
5.06372
4.7704
5.06325
5.42824
4.80487
5.20797
5.23323
5.21643
5.86771
5.05784
5.80556
4.79284
5.04318
5.19575
5.01769
5.40558
5.21725
5.22212
5.82287
inf
5.15021
5.42163
5.00471
4.87305
5.78736
5.17553
5.16993
5.44832
5.7867
5.17197
inf
5.15116
5.91533
5.1364
inf
4.99868
inf
4.99653
4.9888
5.17682
inf
5.38616
4.84949
4.99605
5.18902
inf
4.86701
4.85594
5.39759
5.41848
4.86271
5.17829
5.81551
4.89586
5.42785
4.76694
5.18413
inf
5.03057
4.87093
5.39676
5.38982
5.16032
4.85744
4.8581
5.78791
5.15533
5.38247
4.99045
5.15192
5.39417
inf
inf
5.37195
5.3686
5.77748
5.3691
5.38026
5.12676
5.13476
inf
5.79184
inf
5.3559
4.95521
5.37539
5.76709
inf
inf
inf
5.13364
5.76604
4.81753
5.37758
5.37263
5.77972
inf
5.76484
5.36485
5.79228
5.12681
5.77002
5.79227
5.12978
5.36568
5.77531
5.78049
5.37627
5.14448
5.786
inf
inf
5.38497
5.38469
5.79541
inf
5.41177
5.16927
5.82651
inf
5.80782
5.1217
inf
5.31989
5.71246
5.71152
5.27582
5.67972
5.67952
5.00677
inf
5.63462
5.63212
5.62975
5.63024
inf
5.18589
inf
5.57615
5.59218
inf
inf
5.56564
inf
inf
5.55113
5.54127
5.14451
4.88087
inf
inf
inf
5.09925
inf
5.50191
inf
inf
5.49104
inf
5.50173
inf
inf
5.05376
inf
inf
inf
5.47519
inf
inf
5.45256
5.44728
inf
inf
inf
5.44101
inf
5.03981
5.43294
inf
5.42952
5.42354
5.42424
inf
inf
5.01596
inf
inf
inf
inf
inf
inf
inf
inf
inf
inf
5.38593
inf
inf
inf
inf
inf
inf
inf
inf
inf
5.38252
inf
inf
inf
inf
5.36767
inf
inf
5.39057
5.38445
5.37097
5.3917
inf
inf
inf
inf
5.36733
inf
4.97089
inf
5.37823
inf
inf
inf
inf
inf
5.37504
inf
5.39501
inf
inf
inf
4.96178
inf
inf
inf
inf
5.39545
inf
5.40521
inf
inf
inf
inf
inf
inf
inf
inf
5.40745
inf
inf
inf
inf
5.43728
inf
inf
inf
inf
inf
inf
inf
inf
inf
inf
inf
inf
inf
inf
inf
inf
inf
inf
inf
inf
inf
inf
inf
inf
inf
inf
inf
inf
inf
inf
inf
inf
inf
inf
inf
inf
inf
inf
inf
inf
inf
inf
inf
inf
inf
inf
inf
inf
inf
inf
inf
inf
inf
inf
inf
inf
inf
inf
inf
inf
inf
