7.54635
7.6483
inf
7.22033
inf
6.86104
inf
inf
inf
inf
inf
inf
inf
inf
inf
inf
inf
inf
inf
inf
inf
6.14209
6.07796
inf
inf
inf
inf
inf
inf
inf
inf
inf
inf
inf
inf
inf
inf
inf
inf
inf
inf
inf
inf
inf
inf
inf
inf
inf
inf
inf
inf
inf
inf
inf
inf
inf
inf
inf
inf
inf
inf
inf
inf
inf
inf
inf
inf
inf
inf
inf
5.58352
inf
inf
inf
inf
inf
inf
inf
inf
inf
5.53602
inf
inf
inf
inf
inf
inf
inf
inf
inf
inf
inf
inf
inf
5.50909
inf
inf
inf
inf
inf
inf
inf
inf
5.48561
inf
inf
inf
inf
inf
inf
inf
inf
inf
inf
inf
inf
inf
inf
5.06457
5.46983
inf
inf
inf
inf
5.47759
inf
5.47981
inf
inf
inf
inf
inf
inf
inf
inf
5.47219
inf
inf
inf
inf
5.48642
inf
4.85447
inf
5.49929
inf
5.51298
inf
inf
inf
5.51884
inf
inf
inf
4.87461
inf
inf
inf
inf
inf
5.54259
5.54522
5.57253
inf
5.55994
5.16752
5.57838
inf
inf
inf
inf
5.59184
inf
5.63394
inf
5.61652
inf
inf
inf
inf
5.67268
inf
5.27843
5.27643
5.29034
inf
5.3131
5.74934
inf
5.77071
inf
5.79504
5.81936
inf
5.42754
5.85806
5.47536
5.29055
5.33115
6.10096
5.28956
5.56248
inf
5.89905
5.85978
5.82583
inf
5.38603
5.80626
5.7641
5.75241
4.92316
inf
inf
5.29839
5.29165
5.28071
5.27204
5.25335
5.64975
5.25103
inf
4.98681
inf
5.21263
4.7913
5.62445
4.79543
4.64274
4.77876
5.17807
5.1737
5.57185
4.51344
4.9231
5.17098
5.16176
4.49964
5.13754
5.14446
5.13069
4.58803
inf
4.88503
5.11329
4.8786
4.86378
5.13851
4.86994
5.10699
4.86255
4.85841
inf
4.55121
4.27233
4.44393
4.34476
4.55216
5.48898
4.66438
4.8464
4.83995
4.54027
4.42431
4.65759
4.65713
4.53489
5.0546
4.247
4.52237
4.40322
4.42709
5.07227
4.41062
5.0712
4.65362
4.64502
4.41246
5.46773
4.64922
4.82203
4.84172
4.81435
4.82171
4.24154
4.83139
4.17301
4.32544
4.42489
4.40978
4.53625
4.51683
4.32484
4.16198
4.33435
4.24832
4.42795
4.82816
4.41043
3.83547
4.32523
4.41859
4.52046
4.32814
4.66292
4.67945
4.52294
4.13371
4.42435
4.34885
4.43948
4.13572
3.93773
4.6828
4.36314
4.45098
4.35968
4.58109
4.29931
4.68196
4.30472
4.49262
4.4063
4.24232
4.48519
4.26151
4.33725
4.1408
4.21122
4.25266
4.51461
4.0928
4.16413
4.51195
4.36259
4.1272
4.11869
4.26603
4.96779
4.16825
4.18261
4.02871
4.1315
3.92704
4.02349
4.30632
4.47005
4.30801
4.21041
4.26914
4.52503
4.56922
4.1334
4.11732
4.08098
4.5342
4.6144
4.1065
4.08911
4.25727
4.00354
4.75519
3.96932
4.31587
4.38748
4.05033
4.27105
4.21077
4.04617
3.94337
4.24358
4.21584
4.2377
4.35228
4.23482
4.0314
4.19755
4.24684
4.40009
4.0566
4.47602
4.18024
4.22893
4.39344
4.20682
4.26923
4.32856
4.40339
4.35034
4.38249
4.38716
4.46897
4.41572
4.44569
4.37634
4.37034
4.54164
4.54983
4.52615
4.53003
