 226.934714
 7852.125140
 1543.765950
 123.960780
 3578.934957
 166.568547
 10.589830
 1.013171
 13.159619
 792.634895
 88.355308
 246.624212
 8.499093
 44.180556
 12.194795
 652.694679
 49.049251
 4.709989
 65.695129
 211.597879
 1366.797943
 111.859013
 621.899128
 33.412808
 2074.618592
 22.214651
 170.815700
 4.838086
 372.222599
 41.504447
 60.665254
 19.192063
 603.909788
 90.006931
 15.975047
 1771.906289
 201.234214
 18.399043
 331.215548
 212.600779
 1466.462605
 114.998275
 1234.285626
 67.345790
 3421.172130
 36.693326
 551.785054
 21.204183
 1193.431985
 196.388380
 295.510599
 39.908664
 1452.690890
 233.251127
 26.543397
 506.043630
 10880.928211
 1766.154709
 87.128831
 64.930802
 20.535618
 360.430564
 24.703399
 1.670601
 1.674704
 0.720246
 950.893103
 73.528124
 53.732742
 17.057697
 5.492710
 5.619411
 2.190336
 0.538138
 0.186146
 0.072501
 1242.948871
 96.188103
 6.740145
 6.517725
 2.314807
 493.416999
 1505.439202
 85.374733
 63.863299
 20.123895
 85.791317
 2711.041767
 15.370104
 15.209884
 6.147500
 8.323861
 345.843233
 28.329097
 2.542419
 0.820997
 8.459955
 262.292007
 28.328028
 2.621695
 0.367488
 3.884068
 91.064351
 11.684499
 1.005146
 0.390397
 2693.440673
 262.979821
 18.621184
 16.098407
 4.630270
 493.802856
 1599.066004
 84.822029
 63.556989
 20.032342
 176.329280
 4617.825503
 29.476322
 25.502892
 10.105513
 41.723908
 1400.686637
 172.700273
 9.364155
 2.702986
 43.441762
 1211.642858
 145.351633
 12.830661
 2.047237
 28.212349
 638.073586
 84.305553
 7.240602
 2.963670
 464.909561
 1885.152559
 1206.892890
 338.493078
 1072.348174
 212.164707
 7.951998
 0.000000
 70.014620
 613.295153
 161.537247
 328.937222
 7.866521
 105.354376
 53.275842
 110.718761
 107.206467
 55.139835
 94.185054
 171.357418
 101.500536
 149.274893
 88.608987
 147.770594
 92.349337
 735.396745
 1357.101512
 1169.040947
 275.223655
 240.195922
 90.991211
 271.608719
 2.917741
 0.000000
 0.000000
 0.000000
 454.137037
 110.379093
 90.777197
 37.178519
 11.177895
 2.917741
 2.917741
 0.000000
 0.000000
 0.000000
 113.463092
 123.848274
 38.670195
 36.421731
 27.838423
 121.610171
 60.180726
 59.095748
 41.559478
 63.581527
 58.824890
 42.749521
 18.305267
 11.867008
 9.438002
