3.54848
3.53782
3.54719
3.53504
3.55095
3.53364
3.53485
3.54447
3.5529
3.54515
3.56179
3.56731
3.54124
3.52802
3.55246
3.55819
3.54172
3.55774
3.55993
3.56966
3.5431
3.59347
3.53758
3.53294
3.58168
3.59119
3.57035
3.53555
3.58488
3.53882
3.56232
3.52343
3.52554
3.56139
3.56625
3.50006
3.55034
3.53711
3.54509
3.52804
3.59781
3.55666
3.57317
3.62103
3.62382
3.59068
3.56864
3.59176
3.61544
3.50194
3.48329
3.52669
3.58123
3.57952
3.54881
3.55921
3.57771
3.52325
3.60215
3.59172
3.48078
3.55269
3.5242
3.58112
3.50998
3.51307
3.56104
3.57207
3.56313
3.49277
3.5796
3.55339
3.51577
3.50992
3.50474
3.53116
3.52956
3.58591
3.55205
3.55084
3.6119
3.56635
3.56355
3.5616
3.5601
3.53347
3.62612
3.52661
3.57132
3.53076
3.53696
3.52938
3.52027
3.5534
3.54663
3.58137
3.49343
3.57245
3.541
3.54475
3.48221
3.60215
3.4755
3.52672
3.44538
3.50949
3.5657
3.52948
3.51509
3.55908
3.56858
3.47721
3.50386
3.59313
3.57069
3.57696
3.46986
3.57949
3.55065
3.52089
3.53653
3.49527
3.58882
3.52458
3.43394
3.53167
3.55305
3.60361
3.56288
3.51149
3.5308
3.56342
3.49541
3.57786
3.57863
3.48128
3.5694
3.49648
3.52041
3.48051
3.5154
3.52421
3.50203
3.53208
3.56104
3.54323
3.57758
3.55437
3.52597
3.54777
3.50793
3.55391
3.54184
3.50495
3.51352
3.58219
3.53377
3.55068
3.51408
3.58039
3.54823
3.58805
3.56327
3.53514
3.48671
3.5719
3.55666
3.47061
3.51925
3.57197
3.49847
3.50238
3.55259
3.5354
3.49133
3.5354
3.55392
3.52546
3.57429
3.50806
3.56127
3.57385
3.5271
3.49825
3.535
3.55559
3.61594
3.53944
3.5078
3.60205
3.50723
3.625
3.61968
3.57952
3.4905
3.49129
3.52624
3.49272
3.5914
3.5302
3.58086
3.50075
3.54111
3.54133
3.51606
3.50669
3.52508
3.51208
3.52265
3.52835
3.47781
3.63514
3.61766
3.4853
3.52594
3.6024
3.56251
3.51014
3.57458
3.54118
3.51862
3.55567
3.6108
3.58513
3.54239
3.51934
3.48069
3.43388
3.5041
3.50192
3.54576
3.60432
3.62526
3.52073
3.51529
3.57505
3.50516
3.50023
3.5296
3.52183
3.59586
3.50584
3.47299
3.61697
3.56391
3.60464
3.54389
3.49005
3.50828
3.52548
3.48497
3.51206
3.58531
3.58743
3.54202
3.39563
3.64078
3.48061
3.50113
3.52737
3.4955
3.51389
3.59412
3.56112
3.52974
3.63881
3.4784
3.53871
3.52637
3.48779
3.64295
3.57953
3.54402
3.55006
3.49568
3.6146
3.57243
3.46733
3.53985
3.47885
3.4189
3.50502
3.57709
3.49521
3.52895
3.50353
3.54595
3.51617
3.54792
3.43436
3.47366
3.45819
3.55142
3.60227
3.56037
3.53754
3.51602
3.53922
3.43506
3.52102
3.6015
3.52424
3.56916
3.54092
3.59721
3.57835
3.52033
3.5083
3.49319
3.39579
3.54936
3.40653
3.50552
3.4854
3.60326
3.54021
3.55784
3.58198
3.50334
3.54461
3.54229
3.58077
3.6168
3.55347
3.54129
3.55032
3.55409
3.53014
3.58061
3.52535
3.53759
3.57763
3.50935
3.53975
3.50473
3.53494
3.4912
3.43468
3.50285
3.45962
3.46529
3.46448
3.62727
3.44289
3.52653
3.54585
3.50776
3.57875
3.48294
3.52237
3.61958
3.50439
3.46005
3.46809
3.47668
3.47886
3.55661
3.53358
3.53929
3.5412
3.52103
3.48316
3.50459
3.53942
3.5461
3.52478
3.55626
3.56526
3.58076
3.5438
3.57503
3.44985
3.53504
3.52421
3.4953
3.51576
3.46303
3.50329
3.52874
3.45617
3.55005
3.53573
3.53816
3.53067
3.46627
3.52107
3.56225
3.54102
3.53949
3.48872
3.50842
3.46819
3.53806
3.47368
3.49206
3.48182
3.47927
3.49168
3.47623
3.51724
