4.45297
4.44569
4.42231
4.43751
4.46052
4.40994
4.43357
4.49058
4.44876
4.37047
4.36076
4.41527
4.35907
4.36673
4.31385
4.38123
4.34566
4.3397
4.23845
4.44585
4.36055
4.32221
4.25627
4.38831
4.42729
4.19007
4.33377
4.39634
4.36594
4.34831
4.31809
4.43379
4.41419
4.25956
4.40685
4.28933
4.26235
4.4171
4.42903
4.41451
4.36059
4.21479
4.65557
4.49114
4.35912
4.46922
4.46742
4.37137
4.45685
4.36001
4.30031
4.45495
4.34944
4.55672
4.39215
4.45532
4.2867
4.45885
4.43127
4.49206
4.33502
4.33696
4.68018
4.37446
4.42011
4.42754
4.35703
4.35944
4.34027
4.58504
4.34186
4.50529
4.32513
4.20781
4.53027
4.40338
4.4601
4.30528
4.59386
4.34321
4.33863
4.38682
4.45618
4.45299
4.41978
4.42948
4.46152
4.55906
4.46325
4.56911
4.65088
4.36125
4.33466
4.61838
4.50135
4.4886
4.30363
4.53207
4.42297
4.37077
4.3387
4.2829
4.42297
4.50579
4.66041
4.33629
4.28203
4.47406
4.3626
4.5479
4.72443
4.38941
4.47043
4.36017
4.4174
4.33244
4.42209
4.25512
4.45125
4.24256
4.25097
4.47738
4.26353
4.35057
4.27435
4.26197
4.50214
4.42188
4.41235
4.40563
4.486
4.30679
4.33046
4.3598
4.37344
4.3869
4.32791
4.40842
4.46435
4.41583
4.4999
4.51002
4.48499
4.63673
4.4302
4.40273
4.20778
4.34039
4.4221
4.27887
4.51129
4.41842
4.40369
4.61139
4.4345
4.36277
4.23525
4.43697
4.46739
4.3734
4.50608
4.42286
4.38963
4.30852
4.57881
4.19496
4.24671
4.56824
4.33278
4.47886
4.18812
4.37589
4.37081
4.38711
4.24544
4.33954
4.31757
4.32065
4.5687
4.29487
4.55849
4.32085
4.41374
4.34576
4.21497
4.53876
4.57837
4.24988
4.47227
4.36738
4.31002
4.37686
4.43479
4.24701
4.31036
4.51648
4.46498
4.37113
4.38508
4.4693
4.41178
4.42735
4.40744
4.33291
4.47705
4.29104
4.4706
4.3133
4.48876
4.487
4.45866
4.41991
4.30813
4.44781
4.35839
4.47812
4.26241
4.39313
4.25785
4.49992
4.4387
4.45401
4.56659
4.5345
4.37989
4.38525
4.46024
4.24779
4.46546
4.50564
4.51059
4.44631
4.30289
4.32792
4.35656
4.55686
4.31549
4.41342
4.24151
4.45617
4.30788
4.44378
4.44345
4.35032
4.35605
4.40024
4.39202
4.58401
4.3014
4.47042
4.36777
4.4643
4.47998
4.40646
4.3775
4.59718
4.20959
4.42337
4.29568
4.40254
4.44194
4.50305
4.55403
4.44641
4.5739
4.5215
4.35051
4.27051
4.41779
4.58403
4.31853
4.44933
4.27498
4.53865
4.51552
4.42239
4.29913
4.44619
4.49066
4.23533
4.22698
4.28214
4.43402
4.6506
4.43443
4.44549
4.44937
4.46976
4.54079
4.34092
4.41676
4.40986
4.42466
4.47613
4.26958
4.29572
4.4611
4.4178
4.56093
4.32003
4.47068
4.47217
4.24236
4.39593
4.44546
4.48569
4.30371
4.5271
4.25129
4.50758
4.42046
4.31984
4.39305
4.38154
4.25184
4.47294
4.3309
4.51482
4.20586
4.41993
4.50735
4.39945
4.41554
4.30973
4.59859
4.41226
4.37534
4.38701
4.51791
4.52084
4.34092
4.68563
4.59798
4.49741
4.41673
4.37586
4.29052
4.33115
4.18752
4.3753
4.38633
4.4121
4.65229
4.41391
4.31088
4.47577
4.4784
4.36487
4.29987
4.42776
4.29652
4.39731
4.36247
4.34449
4.36785
4.30477
4.46374
4.42962
4.51208
4.49194
4.33283
4.30249
4.3769
4.30105
4.50207
4.31437
4.39033
4.42203
4.37191
4.43904
4.57587
4.3734
4.3079
4.40034
4.38103
4.36598
4.55217
4.38168
4.41581
4.43557
4.48009
4.36568
4.32605
4.32524
4.36643
4.47562
4.33269
4.37658
4.37815
4.41329
4.45618
4.3683
4.37573
4.46412
4.36841
4.36218
4.38392
4.36346
4.38934
4.41701
