4.43736
4.44731
4.46263
4.46585
4.47307
4.44178
4.48202
4.40997
4.4542
4.45167
4.47697
4.46017
4.4267
4.31653
4.36725
4.41221
4.50175
4.47608
4.42079
4.37273
4.38416
4.55671
4.48373
4.33156
4.52292
4.44832
4.42345
4.4033
4.37951
4.34032
4.42356
4.4528
4.36072
4.35478
4.35401
4.40833
4.227
4.25195
4.46879
4.3586
4.32739
4.58457
4.42349
4.39422
4.28944
4.34095
4.42822
4.26915
4.34391
4.25899
4.31577
4.39374
4.25312
4.30075
4.39208
4.40107
4.42265
4.55068
4.23095
4.459
4.4277
4.45192
4.43907
4.30773
4.3559
4.54113
4.43816
4.33715
4.35157
4.28824
4.1719
4.30887
4.32486
4.31968
4.47498
4.50442
4.41118
4.34514
4.3063
4.26568
4.15985
4.17386
4.49374
4.3888
4.19469
4.50942
4.33777
4.41257
4.52138
4.32042
4.2701
4.23829
4.22813
4.40867
4.39926
4.16789
4.41205
4.24112
4.18313
4.32672
4.25618
4.4874
4.2006
4.46456
4.15472
4.16895
4.46499
4.31246
4.44577
4.42616
4.3831
4.47792
4.19847
4.55671
4.30503
4.4398
4.59141
4.55871
4.25592
4.39105
4.37557
4.37126
4.3332
4.24092
4.36789
4.43163
4.42359
4.53116
4.66351
4.4037
4.38767
4.34683
4.41403
4.44238
4.46384
4.34261
4.37584
4.43761
4.32199
4.31675
4.44608
4.30362
4.27506
4.34655
4.49589
4.28246
4.25358
4.47793
4.457
4.39989
4.53772
4.38156
4.31201
4.17846
4.3033
4.64707
4.45125
4.31207
4.24341
4.3029
4.4131
4.67963
4.18833
4.2667
4.2388
4.56141
4.58791
4.42625
4.54361
4.518
4.31633
4.39626
4.40793
4.48853
4.28116
4.41364
4.47863
4.46393
4.39812
4.45488
4.62856
4.3038
4.48405
4.49016
4.24106
4.30934
4.46742
4.49217
4.3685
4.42664
4.47824
4.42917
4.41818
4.54802
4.23573
4.44552
4.36162
4.34163
4.43321
4.44676
4.27947
4.38639
4.31205
4.33139
4.53245
4.35937
4.37671
4.33332
4.46916
4.37839
4.42175
4.3432
4.36499
4.45539
4.35471
4.51512
4.26968
4.4196
4.39497
4.38222
4.3965
4.60011
4.26832
4.39315
4.35523
4.31031
4.2829
4.52348
4.41803
4.47873
4.23869
4.33826
4.31261
4.42121
4.35342
4.3064
4.32801
4.30184
4.49743
4.47706
4.1343
4.4554
4.27328
4.45929
4.28708
4.38411
4.3627
4.40126
4.36647
4.3354
4.30878
4.31593
4.36977
4.57466
4.26625
4.3393
4.39315
4.31143
4.25633
4.45573
4.52771
4.38317
4.28306
4.47973
4.46491
4.5778
4.39851
4.41898
4.40346
4.58148
4.30216
4.27109
4.39881
4.29542
4.30862
4.34571
4.34168
4.44659
4.39815
4.3082
4.32507
4.51652
4.41531
4.46067
4.36725
4.24135
4.31621
4.22997
4.28693
4.26723
4.48464
4.28893
4.23798
4.38621
4.39219
4.43618
4.23272
4.39356
4.24866
4.28972
4.38978
4.32433
4.25282
4.26903
4.23215
4.56514
4.46928
4.32502
4.51862
4.35723
4.38804
4.19831
4.2772
4.57526
4.39563
4.29138
4.45496
4.36663
4.2775
4.38906
4.5337
4.4213
4.2596
4.60433
4.48288
4.41232
4.50731
4.35332
4.38331
4.40327
4.26577
4.34377
4.39449
4.31175
4.36704
4.4072
4.32361
4.47836
4.41904
4.3746
4.51036
4.41562
4.17419
4.2968
4.28606
4.51086
4.51503
4.28346
4.35167
4.26706
4.61726
4.43253
4.44691
4.33786
4.26076
4.53523
4.3717
4.25373
4.33047
4.38037
4.44852
4.4976
4.41551
4.32252
4.35435
4.34322
4.47293
4.43202
4.45622
4.4371
4.3761
4.38589
4.53145
4.5632
4.33696
4.31791
4.45319
4.3498
4.30638
4.48843
4.36225
4.368
4.42006
4.43314
4.45126
4.4101
4.42204
4.42472
4.4247
4.41674
4.41948
4.45907
4.40535
4.39366
4.41107
4.47306
4.40003
4.45198
4.45566
4.39806
