4.43807
4.49507
4.43628
4.43036
4.4654
4.51562
4.44445
4.45982
4.43308
4.51461
4.56532
4.5425
4.41239
4.49742
4.49887
4.57076
4.54054
4.34266
4.52054
4.53348
4.5519
4.44393
4.62424
4.37563
4.46139
4.4795
4.50543
4.67006
4.35924
4.47336
4.43426
4.41384
4.30675
4.55423
4.55809
4.46164
4.42683
4.4755
4.39609
4.32694
4.46649
4.36192
4.43553
4.4443
4.38612
4.42264
4.49774
4.53214
4.52452
4.41202
4.44694
4.53598
4.40871
4.44074
4.42532
4.55812
4.25397
4.2473
4.54949
4.33472
4.43228
4.49317
4.43281
4.41375
4.46979
4.35282
4.37577
4.40808
4.42176
4.36248
4.45546
4.4122
4.40226
4.46799
4.35257
4.38916
4.65301
4.47704
4.31596
4.37662
4.41575
4.39291
4.3064
4.36967
4.37814
4.37164
4.39625
4.75819
4.45447
4.44753
4.39343
4.31173
4.40739
4.40483
4.22959
4.43293
4.50179
4.43554
4.47765
4.36881
4.30142
4.42417
4.40634
4.34361
4.41617
4.57947
4.41795
4.32241
4.4106
4.56545
4.36468
4.3689
4.54487
4.43945
4.53561
4.40815
4.5545
4.26815
4.60229
4.38796
4.59029
4.40591
4.42656
4.31838
4.42643
4.4421
4.45299
4.35781
4.48148
4.35714
4.27451
4.45098
4.42772
4.34052
4.41842
4.30133
4.45336
4.59025
4.42808
4.41843
4.40628
4.4024
4.28102
4.35645
4.41472
4.47731
4.28618
4.46824
4.47771
4.37487
4.21757
4.43626
4.28821
4.39773
4.23703
4.31401
4.5096
4.57359
4.31719
4.25429
4.46519
4.37773
4.47798
4.39928
4.29489
4.53496
4.54497
4.57997
4.52451
4.4708
4.19308
4.54033
4.3096
4.61045
4.33604
4.35635
4.28647
4.4083
4.32027
4.42883
4.39998
4.31285
4.46113
4.43468
4.26377
4.41844
4.3335
4.36989
4.47858
4.59964
4.31591
4.66901
4.37356
4.28446
4.26506
4.56349
4.58158
4.43435
4.43785
4.34949
4.40284
4.46611
4.53203
4.45255
4.32995
4.34541
4.39318
4.34803
4.42574
4.48583
4.19102
4.434
4.35549
4.66609
4.35148
4.36347
4.38017
4.30878
4.27987
4.49001
4.31351
4.22752
4.33793
4.45755
4.53054
4.38943
4.17717
4.25001
4.39187
4.45426
4.29778
4.2952
4.35447
4.44174
4.63831
4.62583
4.39006
4.53031
4.50197
4.25948
4.56481
4.40287
4.38383
4.5274
4.58916
4.70813
4.30676
4.37364
4.51201
4.38844
4.37201
4.34503
4.6054
4.44984
4.38777
4.24367
4.47744
4.50585
4.65518
4.50847
4.41789
4.37778
4.43971
4.36326
4.3613
4.31433
4.49343
4.33973
4.54207
4.53154
4.49702
4.46503
4.32001
4.40683
4.22678
4.5445
4.44548
4.38346
4.4174
4.30089
4.47721
4.22894
4.42081
4.4837
4.40476
4.3909
4.34812
4.38047
4.42854
4.52402
4.45378
4.40184
4.43903
4.57572
4.62234
4.34207
4.3484
4.58792
4.4251
4.55367
4.4959
4.30435
4.55952
4.43023
4.66148
4.55327
4.28653
4.47657
4.271
4.38064
4.63703
4.41668
4.40827
4.40352
4.5604
4.30643
4.39594
4.21709
4.38816
4.34588
4.39138
4.58904
4.49265
4.50695
4.48718
4.2861
4.35602
4.47399
4.41025
4.35693
4.3496
4.41663
4.52996
4.39677
4.49443
4.28451
4.37894
4.37764
4.3794
4.4242
4.48368
4.51871
4.4461
4.47238
4.47719
4.33916
4.32924
4.57711
4.35045
4.40837
4.31981
4.44335
4.41764
4.34195
4.47015
4.47628
4.4825
4.45506
4.45515
4.34198
4.25065
4.38514
4.55252
4.38712
4.46764
4.44967
4.5319
4.47773
4.45616
4.4616
4.49181
4.44821
4.39646
4.38291
4.48616
4.30241
4.47267
4.48057
4.45725
4.45328
4.52257
4.458
4.47333
4.48178
4.44799
4.36879
4.45232
4.46743
4.46155
4.46539
4.50517
4.46216
4.41407
4.49534
4.45026
4.45243
4.38952
4.40692
4.37458
4.39228
