4.42114
4.40131
4.41778
4.4552
4.48306
4.42778
4.45194
4.52532
4.43753
4.56776
4.51272
4.47001
4.5253
4.42114
4.50613
4.5952
4.5263
4.53575
4.50975
4.52866
4.43427
4.53325
4.50771
4.40795
4.46656
4.35527
4.41301
4.45605
4.48925
4.3157
4.41417
4.43658
4.4629
4.59104
4.53507
4.56834
4.36076
4.56316
4.51238
4.36094
4.30824
4.35366
4.51866
4.35664
4.51941
4.52634
4.32766
4.35565
4.49583
4.29273
4.48231
4.4103
4.48534
4.42799
4.57521
4.48602
4.29493
4.50692
4.40868
4.39473
4.44548
4.41722
4.39508
4.49962
4.41823
4.46655
4.70625
4.35208
4.21425
4.36861
4.36938
4.37506
4.34931
4.44237
4.55401
4.44579
4.2362
4.38229
4.25051
4.35773
4.37064
4.30583
4.41068
4.26434
4.58799
4.24694
4.50569
4.39868
4.5174
4.40156
4.22836
4.5248
4.48604
4.51469
4.487
4.35344
4.40603
4.3702
4.64786
4.38322
4.27543
4.44825
4.30355
4.62944
4.47304
4.31973
4.1719
4.47294
4.40701
4.32955
4.42825
4.40174
4.40022
4.46913
4.29794
4.40948
4.55224
4.76328
4.49211
4.32858
4.2251
4.67089
4.36736
4.56547
4.39169
4.43596
4.59584
4.47177
4.47432
4.45708
4.43001
4.46147
4.337
4.53065
4.27185
4.30664
4.3508
4.56713
4.46801
4.49077
4.29925
4.60076
4.46211
4.29245
4.43202
4.37484
4.51884
4.3515
4.31043
4.33447
4.29305
4.52678
4.63116
4.52976
4.30167
4.46754
4.42125
4.56546
4.5578
4.52864
4.54822
4.62736
4.40355
4.41537
4.30597
4.31725
4.35021
4.49472
4.7095
4.40324
4.4986
4.41385
4.37792
4.34368
4.68753
4.3853
4.39463
4.57331
4.53013
4.36627
4.29832
4.47131
4.40986
4.33404
4.39778
4.55894
4.58672
4.30898
4.35638
4.50102
4.54057
4.58837
4.31954
4.43812
4.49977
4.45559
4.43561
4.54493
4.44663
4.2779
4.53367
4.45798
4.37445
4.33696
4.53437
4.35155
4.50735
4.45074
4.28802
4.42082
4.55304
4.65262
4.59568
4.46116
4.40742
4.6033
4.57707
4.45136
4.33264
4.37059
4.45174
4.34229
4.65047
4.50277
4.39192
4.46874
4.36746
4.44368
4.35166
4.58466
4.71022
4.48024
4.39942
4.37798
4.60446
4.4171
4.42741
4.69126
4.38795
4.58072
4.56333
4.46087
4.47126
4.50457
4.33622
4.45881
4.6429
4.59564
4.38659
4.45575
4.53688
4.44224
4.39343
4.42731
4.50634
4.45877
4.52819
4.61249
4.46637
4.29829
4.57869
4.48086
4.40319
4.44495
4.41427
4.67252
4.42945
4.8282
4.29864
4.45032
4.48702
4.55077
4.66797
4.48683
4.50002
4.3621
4.76757
4.64771
4.3705
4.47355
4.4108
4.52376
4.47494
4.49471
4.42428
4.4763
4.43181
4.49584
4.08142
4.5428
4.43098
4.65544
4.47474
4.5084
4.28762
4.58914
4.33228
4.42797
4.67509
4.54679
4.71114
4.33562
4.36564
4.3573
4.27828
4.60091
4.41996
4.58541
4.37854
4.33023
4.33954
4.50909
4.35065
4.46856
4.48738
4.29991
4.3528
4.43635
4.3822
4.47765
4.56412
4.3776
4.46232
4.49703
4.4477
4.41839
4.47906
4.69498
4.48204
4.37603
4.43566
4.45756
4.50474
4.34232
4.36143
4.46657
4.48721
4.31191
4.32279
4.48702
4.51026
4.46567
4.47447
4.66053
4.5231
4.44984
4.48903
4.28041
4.68297
4.56412
4.46229
4.29708
4.51468
4.50027
4.5385
4.51607
4.51618
4.51643
4.50046
4.39376
4.675
4.49413
4.42665
4.29389
4.33244
4.39679
4.69757
4.61367
4.53552
4.4808
4.55582
4.52598
4.4078
4.41673
4.53707
4.34907
4.53496
4.44515
4.4382
4.48081
4.43928
4.61457
4.42459
4.48469
4.41769
4.53875
4.58819
4.45721
4.40033
4.44777
4.40531
4.43388
4.54941
4.41452
4.43866
4.46183
4.44708
4.45343
4.4207
4.41748
