4.45853
4.47822
4.45171
4.47361
4.4148
4.40731
4.40442
4.46993
4.46192
4.36573
4.49994
4.42506
4.39475
4.44512
4.45819
4.4153
4.46673
4.54189
4.38013
4.46726
4.39999
4.45826
4.42354
4.50591
4.49308
4.48135
4.31901
4.33815
4.41578
4.35715
4.40489
4.39027
4.42694
4.3683
4.39197
4.48739
4.44511
4.38733
4.42029
4.26336
4.35786
4.46793
4.27864
4.41785
4.40049
4.3674
4.34864
4.27111
4.40098
4.4122
4.3356
4.31268
4.37069
4.46006
4.46131
4.48136
4.45005
4.48542
4.64764
4.64539
4.45975
4.43419
4.49891
4.40066
4.36323
4.51318
4.41932
4.45165
4.40822
4.3236
4.4508
4.36157
4.5162
4.27533
4.52551
4.36005
4.36023
4.37406
4.3996
4.38497
4.3691
4.53851
4.44267
4.48536
4.38053
4.32789
4.40332
4.38786
4.3817
4.30249
4.6415
4.42942
4.36516
4.30921
4.43589
4.42143
4.36907
4.43328
4.42996
4.35686
4.28559
4.44774
4.43818
4.49669
4.54239
4.41781
4.45274
4.47943
4.47764
4.33072
4.42691
4.33016
4.47997
4.28998
4.51585
4.30643
4.60315
4.45596
4.52963
4.5303
4.64506
4.33994
4.27975
4.48379
4.27669
4.48892
4.47077
4.70193
4.5099
4.42497
4.37338
4.57318
4.45129
4.19803
4.50308
4.45239
4.58434
4.44398
4.31457
4.25158
4.78301
4.41994
4.60641
4.4098
4.48556
4.44529
4.35186
4.46171
4.40747
4.53145
4.25482
4.3276
4.44975
4.31373
4.46616
4.41319
4.21572
4.19326
4.45432
4.41548
4.44544
4.30689
4.53361
4.50286
4.41828
4.47983
4.45023
4.54789
4.41923
4.49961
4.31999
4.47789
4.45214
4.47037
4.39233
4.42707
4.36628
4.31146
4.41179
4.52072
4.47352
4.36662
4.55987
4.47034
4.49609
4.48387
4.61953
4.4321
4.38524
4.41186
4.40742
4.44355
4.49635
4.55524
4.47064
4.48136
4.36408
4.46894
4.50733
4.55697
4.41995
4.44176
4.4241
4.42319
4.46717
4.43283
4.41689
4.25754
4.47794
4.58434
4.3856
4.59986
4.67987
4.51037
4.3408
4.57656
4.52214
4.38632
4.38625
4.74406
4.53072
4.35481
4.51405
4.41889
4.43764
4.51118
4.43142
4.42917
4.44034
4.41753
4.46984
4.54435
4.34436
4.39909
4.41381
4.3916
4.43502
4.49362
4.62343
4.39997
4.38016
4.52464
4.51285
4.5141
4.32329
4.43933
4.45396
4.44137
4.47035
4.46781
4.36823
4.49105
4.48616
4.44552
4.64127
4.54406
4.26916
4.76624
4.45144
4.38824
4.54361
4.59774
4.4681
4.5171
4.43918
4.60705
4.40965
4.60342
4.34714
4.41126
4.5263
4.34813
4.40625
4.69512
4.62241
4.4579
4.47595
4.46566
4.447
4.54474
4.64691
4.53911
4.45975
4.35292
4.42928
4.63335
4.69921
4.37497
4.26404
4.54265
4.52431
4.37885
4.27336
4.50472
4.5012
4.35912
4.53452
4.43937
4.49254
4.63236
4.65621
4.28833
4.37275
4.42781
4.51236
4.58504
4.49815
4.60466
4.44063
4.43948
4.44596
4.16925
4.38922
4.35802
4.62233
4.39671
4.39258
4.18019
4.64932
4.29108
4.20588
4.27328
4.33434
4.40922
4.35768
4.33233
4.39929
4.30957
4.56482
4.41503
4.42753
4.4785
4.45746
4.40015
4.34367
4.45166
4.44867
4.50738
4.35424
4.36337
4.52567
4.46322
4.42408
4.3807
4.56576
4.3939
4.48303
4.32378
4.43796
4.46509
4.25022
4.48466
4.30706
4.35387
4.5384
4.38356
4.33945
4.47728
4.60601
4.35574
4.42582
4.54118
4.57184
4.54596
4.60023
4.62221
4.33858
4.59398
4.30202
4.43583
4.54328
4.41893
4.61759
4.45279
4.57294
4.51252
4.49232
4.57931
4.35699
4.43101
4.45906
4.42054
4.45959
4.41386
4.4857
4.48785
4.52293
4.49507
4.57702
4.44551
4.50029
4.51422
4.4582
4.45628
4.43844
4.44787
4.41468
4.40331
4.41329
4.42574
