4.43376
4.44684
4.4625
4.44311
4.45794
4.47875
4.43137
4.50903
4.44766
4.45711
4.45429
4.43825
4.57429
4.49243
4.45713
4.44397
4.52766
4.51351
4.49001
4.58199
4.65413
4.48497
4.55582
4.48136
4.43508
4.5606
4.43466
4.39823
4.56808
4.63416
4.42827
4.38508
4.4404
4.60515
4.60625
4.50402
4.54541
4.36618
4.33743
4.6233
4.4558
4.42786
4.43965
4.60198
4.54089
4.5026
4.45632
4.53793
4.40843
4.40658
4.27972
4.52711
4.58286
4.45694
4.3578
4.67862
4.39867
4.44248
4.52482
4.40035
4.44366
4.56923
4.37924
4.54731
4.54394
4.37531
4.3984
4.53516
4.42184
4.41267
4.86727
4.60927
4.39217
4.61172
4.36011
4.34494
4.49062
4.48851
4.46683
4.56418
4.50823
4.55603
4.48854
4.3184
4.46816
4.39456
4.72561
4.34581
4.41777
4.42335
4.41804
4.50883
4.42624
4.29777
4.31003
4.41078
4.4003
4.58617
4.30771
4.32053
4.57503
4.46233
4.36543
4.46548
4.49632
4.54774
4.4704
4.39424
4.36561
4.36756
4.17096
4.47116
4.53914
4.50225
4.37278
4.43276
4.2854
4.55592
4.48291
4.45822
4.49203
4.51689
4.20897
4.49604
4.37903
4.51068
4.66022
4.55722
4.47736
4.39655
4.4342
4.52083
4.43854
4.53862
4.4423
4.5754
4.51556
4.33488
4.43058
4.4888
4.58146
4.52612
4.53427
4.42816
4.43471
4.32961
4.37762
4.4454
4.44091
4.28698
4.60421
4.30336
4.65703
4.31997
4.32564
4.50623
4.31459
4.39787
4.45177
4.39886
4.48398
4.44559
4.46119
4.53192
4.48461
4.56297
4.50584
4.37285
4.46272
4.56271
4.37345
4.41041
4.57903
4.23164
4.50603
4.52208
4.53998
4.49796
4.50791
4.60362
4.57916
4.57018
4.54404
4.27503
4.51841
4.44835
4.39554
4.40052
4.49685
4.46896
4.47655
4.45856
4.59403
4.29961
4.50852
4.63429
4.49209
4.40388
4.4234
4.38918
4.52564
4.49041
4.42096
4.46465
4.45494
4.60226
4.34323
4.6715
4.34088
4.90289
4.48148
4.60912
4.46987
4.52845
4.67595
4.46451
4.65442
4.34981
4.4969
4.55604
4.47979
4.61467
4.47356
4.22116
4.53923
4.44705
4.5223
4.39352
4.53908
4.73728
4.32995
4.67863
4.59839
4.62648
4.31406
4.51556
4.59383
4.53141
4.59599
4.33184
4.4443
4.4111
4.49887
4.53073
4.64887
4.38071
4.42278
4.37142
4.82622
4.56055
4.51738
4.78723
4.49277
4.35459
4.62758
4.5556
4.55047
4.43653
4.40622
4.60032
4.36803
4.41837
4.45147
4.36939
4.23192
4.46754
4.53984
4.60447
4.29291
4.35414
5.05493
4.52264
4.29897
4.72861
4.47537
4.6967
4.42588
4.45458
4.31877
4.5627
4.45621
4.45123
4.45546
4.33816
4.4996
4.5309
4.4915
4.44337
4.55199
4.50041
4.37165
4.51514
4.63917
4.5189
4.32496
4.43983
4.51812
4.57134
4.35336
4.55966
4.49519
4.52373
4.5035
4.39606
4.56272
4.61166
4.42526
4.70599
4.44711
4.57026
4.30318
4.35939
4.61001
4.53067
4.23686
4.55807
4.5586
4.39179
4.40972
4.52821
4.3977
4.64429
4.49535
4.4512
4.35331
4.37198
4.53774
4.41575
4.47062
4.45614
4.5065
4.60845
4.2804
4.4439
4.5742
4.28155
4.4123
4.36486
4.47828
4.28387
4.39165
4.54678
4.42521
4.45736
4.57305
4.41329
4.32366
4.26961
4.44818
4.33298
4.39488
4.56108
4.72164
4.46945
4.47596
4.43717
4.39552
4.54891
4.46048
4.41797
4.36641
4.49272
4.35
4.35934
4.54235
4.33213
4.41397
4.4298
4.51571
4.39025
4.33118
4.39068
4.60705
4.54041
4.58956
4.53816
4.35871
4.41344
4.65145
4.52803
4.4149
4.40774
4.43599
4.40522
4.44337
4.42679
4.53826
4.55597
4.48894
4.45092
4.5381
4.44619
4.46318
4.48839
4.48719
4.45341
4.43828
4.42301
4.42559
4.42171
