3.55966
3.55867
3.5476
3.56268
3.55231
3.55318
3.5576
3.52945
3.53857
3.56516
3.52928
3.54456
3.51887
3.50372
3.51787
3.55849
3.54402
3.53012
3.55565
3.54367
3.55326
3.54535
3.52265
3.49697
3.55971
3.516
3.54733
3.52642
3.50543
3.52905
3.51975
3.54066
3.48314
3.58559
3.5637
3.49798
3.53523
3.49153
3.53838
3.48581
3.52242
3.53997
3.52722
3.50606
3.47855
3.53477
3.51191
3.51651
3.52513
3.54321
3.473
3.48291
3.54857
3.50907
3.53533
3.55592
3.47273
3.49703
3.51662
3.52458
3.57032
3.55507
3.56626
3.55161
3.44471
3.50016
3.52834
3.51107
3.45935
3.51009
3.53206
3.49124
3.53638
3.53341
3.50231
3.53229
3.57882
3.49852
3.50246
3.47081
3.48997
3.58683
3.54082
3.50288
3.57116
3.52477
3.56394
3.5736
3.52264
3.52578
3.45106
3.55045
3.50199
3.52103
3.50397
3.54476
3.49378
3.55363
3.51695
3.48097
3.51594
3.51711
3.70533
3.4991
3.51981
3.50776
3.59877
3.50961
3.54944
3.48763
3.55147
3.51462
3.61533
3.56734
3.55343
3.62275
3.4947
3.53183
3.57442
3.51733
3.53178
3.45688
3.66226
3.58207
3.54209
3.58269
3.54857
3.63498
3.59006
3.55198
3.55169
3.5837
3.51755
3.53054
3.58282
3.50605
3.53374
3.563
3.54264
3.5291
3.56314
3.53735
3.53414
3.54395
3.52385
3.48255
3.49399
3.55298
3.57985
3.5876
3.47375
3.61365
3.56173
3.52561
3.55749
3.56312
3.5276
3.56312
3.51147
3.46403
3.51967
3.50359
3.59427
3.57836
3.53142
3.50288
3.52498
3.52376
3.56234
3.49112
3.46503
3.53498
3.49928
3.54376
3.50025
3.5197
3.5083
3.48494
3.60271
3.57879
3.53159
3.54221
3.53063
3.56136
3.57361
3.59276
3.64056
3.54057
3.55206
3.49525
3.52722
3.47991
3.49987
3.51769
3.46211
3.56932
3.5341
3.53956
3.46839
3.47771
3.43525
3.46441
3.52981
3.43746
3.51002
3.47779
3.5661
3.47086
3.54546
3.54942
3.57764
3.57038
3.47126
3.50202
3.48569
3.46096
3.43582
3.52838
3.50742
3.4432
3.59707
3.47439
3.49297
3.50248
3.55635
3.53647
3.50707
3.48686
3.51436
3.46619
3.52387
3.49416
3.4677
3.59884
3.52326
3.54633
3.4797
3.49637
3.50923
3.49303
3.46192
3.56309
3.47235
3.51477
3.47058
3.50213
3.48432
3.46659
3.48547
3.50318
3.52421
3.53211
3.59762
3.48568
3.47852
3.44449
3.48464
3.61016
3.55017
3.47303
3.47434
3.55972
3.42618
3.60152
3.54315
3.54394
3.48451
3.57336
3.43329
3.38672
3.47322
3.42392
3.53912
3.50982
3.52423
3.54496
3.6433
3.49156
3.50814
3.6254
3.55686
3.49847
3.58558
3.46185
3.6245
3.405
3.46627
3.48653
3.53791
3.53655
3.6244
3.47533
3.53691
3.49954
3.4695
3.46122
3.44027
3.52049
3.53063
3.44832
3.41768
3.54438
3.47202
3.52416
3.46391
3.56227
3.55924
3.48023
3.55917
3.614
3.46024
3.51277
3.47497
3.52658
3.48326
3.49924
3.48247
3.41014
3.49104
3.4359
3.54622
3.5125
3.62328
3.56136
3.49581
3.47649
3.51682
3.598
3.486
3.42176
3.48244
3.49274
3.5625
3.52305
3.53664
3.50055
3.51599
3.45157
3.54401
3.59057
3.43964
3.52846
3.55764
3.48508
3.44407
3.49186
3.58919
3.41944
3.49645
3.60208
3.48951
3.53337
3.51283
3.52094
3.4281
3.5678
3.5091
3.5854
3.50356
3.41875
3.57296
3.51813
3.52751
3.60115
3.52153
3.47912
3.50784
3.53712
3.54311
3.53665
3.52917
3.52396
3.532
3.52604
3.52314
3.51954
3.51164
3.53683
3.4595
3.59605
3.52487
3.55497
3.54365
3.54227
3.49186
3.50112
3.53883
3.62713
3.52553
3.52895
3.54417
3.48657
3.51131
3.59102
3.52897
3.49476
3.507
3.54296
3.52114
3.54449
