3.52748
3.52233
3.54718
3.54757
3.53436
3.54
3.54166
3.5455
3.56684
3.5442
3.56324
3.56184
3.57049
3.55802
3.56238
3.60889
3.59161
3.62702
3.58103
3.57717
3.58759
3.56102
3.61951
3.57478
3.63093
3.58254
3.5813
3.64135
3.55727
3.54514
3.54931
3.54712
3.57006
3.49333
3.60489
3.53867
3.60771
3.55748
3.56445
3.58521
3.55161
3.58623
3.49808
3.46605
3.56093
3.52558
3.54451
3.5733
3.59032
3.60673
3.50134
3.53257
3.60702
3.55265
3.61389
3.5106
3.54844
3.56334
3.50373
3.56851
3.55228
3.57346
3.52991
3.53645
3.54552
3.60581
3.52185
3.49222
3.51529
3.59986
3.54825
3.56691
3.53681
3.54964
3.5073
3.47814
3.5785
3.5899
3.59209
3.49664
3.53042
3.53342
3.52561
3.48139
3.59269
3.52385
3.51261
3.53193
3.5227
3.49644
3.50676
3.50363
3.60296
3.60559
3.52687
3.59088
3.56004
3.54738
3.49245
3.51819
3.58959
3.59556
3.51732
3.61172
3.57222
3.56871
3.58311
3.57315
3.59081
3.57767
3.62177
3.5697
3.57709
3.57405
3.55558
3.60524
3.51754
3.51216
3.58407
3.51626
3.51931
3.58378
3.53125
3.52879
3.52082
3.54748
3.55265
3.53596
3.57133
3.50911
3.54111
3.59251
3.5157
3.57503
3.57854
3.51403
3.58413
3.53405
3.61188
3.47649
3.50285
3.50559
3.57425
3.51717
3.4984
3.55577
3.52308
3.63761
3.54256
3.59781
3.57377
3.58207
3.50989
3.53607
3.582
3.5556
3.55795
3.60765
3.51565
3.58955
3.59186
3.56845
3.55975
3.53979
3.57197
3.58101
3.61325
3.56722
3.5208
3.55688
3.53052
3.52511
3.54463
3.5442
3.49157
3.47036
3.54804
3.61358
3.53548
3.56615
3.53924
3.59647
3.53479
3.57319
3.54303
3.53168
3.58758
3.55833
3.51234
3.60696
3.60958
3.54336
3.53855
3.61088
3.56727
3.5956
3.58955
3.52739
3.52446
3.54021
3.49931
3.51465
3.56524
3.58059
3.53923
3.62285
3.60606
3.59777
3.55463
3.49925
3.53887
3.51187
3.62755
3.54694
3.543
3.50556
3.51393
3.5507
3.61753
3.51674
3.62938
3.51737
3.52252
3.53971
3.4771
3.60141
3.6539
3.67739
3.59654
3.5289
3.58085
3.56737
3.56448
3.59491
3.52143
3.59042
3.60701
3.62416
3.64006
3.48661
3.48535
3.46455
3.66016
3.58343
3.63154
3.6387
3.61105
3.51399
3.56773
3.55357
3.54488
3.57724
3.53139
3.64684
3.49727
3.57046
3.65924
3.51957
3.46229
3.52387
3.54307
3.58445
3.55283
3.59904
3.63076
3.56656
3.53829
3.53631
3.48658
3.54471
3.53546
3.61077
3.48219
3.62947
3.4402
3.55221
3.48065
3.53178
3.50933
3.59
3.6109
3.59579
3.60124
3.47971
3.5302
3.4971
3.51729
3.46078
3.5453
3.51854
3.4964
3.63521
3.5633
3.62614
3.52233
3.55107
3.5739
3.58649
3.52959
3.56685
3.65203
3.58994
3.62918
3.55667
3.60724
3.60449
3.52853
3.54695
3.44627
3.55665
3.56255
3.40169
3.49546
3.62377
3.59933
3.53416
3.45419
3.6404
3.66519
3.57281
3.47285
3.61811
3.61845
3.48545
3.57144
3.51259
3.49654
3.72311
3.52137
3.54573
3.5605
3.52881
3.5898
3.62593
3.48409
3.35975
3.80149
3.59272
3.64585
3.55552
3.56237
3.56344
3.54503
3.56135
3.50473
3.63479
3.5401
3.58335
3.56462
3.63075
3.46769
3.42377
3.53408
3.45212
3.53902
3.56908
3.52587
3.76294
3.65527
3.60633
3.5011
3.61697
3.53183
3.6867
3.51775
3.56886
3.4735
3.49121
3.64565
3.5264
3.6063
3.62139
3.56898
3.53002
3.55644
3.55721
3.6183
3.51141
3.58663
3.49454
3.49806
3.53401
3.4231
3.56304
3.53775
3.57534
3.59478
3.63677
3.49001
3.55766
3.46813
3.57182
3.52383
3.48316
3.52553
3.549
3.56038
3.59884
3.58626
3.60269
