3.60087
3.55409
3.55187
3.51334
3.50837
3.49252
3.48809
3.50272
3.50365
3.50806
3.48557
3.48401
3.48729
3.49392
3.46382
3.52033
3.45954
3.46093
3.47593
3.45819
3.47543
3.45015
3.451
3.38409
3.49555
3.4527
3.45146
3.49597
3.49786
3.49445
3.46918
3.47767
3.48086
3.46589
3.45798
3.46017
3.47395
3.4913
3.45345
3.50856
3.48445
3.46842
3.49326
3.46274
3.49478
3.51062
3.46644
3.49106
3.5058
3.53122
3.47756
3.52305
3.42745
3.45109
3.50045
3.50767
3.51668
3.48066
3.48115
3.4959
3.48858
3.45105
3.43911
3.47854
3.47345
3.42055
3.46775
3.54526
3.49552
3.44824
3.48986
3.51519
3.55561
3.48132
3.44708
3.48164
3.54241
3.44018
3.53382
3.52314
3.48255
3.49332
3.48801
3.50057
3.49158
3.53358
3.47887
3.52075
3.52646
3.46775
3.47426
3.4816
3.49578
3.52139
3.50231
3.51981
3.54253
3.51028
3.52055
3.48325
3.46105
3.47541
3.51256
3.55896
3.46509
3.52913
3.47468
3.54316
3.45842
3.50659
3.48507
3.52385
3.47092
3.52077
3.53508
3.48444
3.4687
3.4807
3.53283
3.48127
3.46404
3.51935
3.53088
3.51851
3.50787
3.41797
3.52617
3.4926
3.46879
3.50532
3.5247
3.43423
3.49622
3.51218
3.49626
3.52467
3.49501
3.55564
3.53947
3.55214
3.51907
3.49567
3.47667
3.46281
3.4531
3.49294
3.50931
3.49658
3.50548
3.46525
3.46024
3.51468
3.51955
3.50818
3.58488
3.51061
3.4751
3.53019
3.51574
3.46098
3.47374
3.48395
3.47629
3.48633
3.47011
3.50594
3.49951
3.48118
3.54428
3.53919
3.57685
3.50524
3.45101
3.5328
3.53198
3.56234
3.48365
3.54658
3.459
3.49865
3.50177
3.56001
3.48326
3.48778
3.50059
3.55018
3.59232
3.45978
3.49721
3.53787
3.45469
3.49593
3.54754
3.53203
3.50119
3.5324
3.44059
3.52646
3.52726
3.47425
3.49533
3.50649
3.544
3.50684
3.48281
3.50624
3.46216
3.55973
3.49539
3.56299
3.49274
3.45617
3.46841
3.52165
3.50455
3.49943
3.54198
3.51606
3.45725
3.42751
3.44352
3.54473
3.4758
3.47455
3.53035
3.50053
3.47387
3.59026
3.50411
3.45893
3.51633
3.54919
3.51416
3.34984
3.54609
3.50342
3.41544
3.50815
3.48004
3.42971
3.49107
3.47706
3.5609
3.49609
3.41155
3.40545
3.64807
3.46231
3.49652
3.40174
3.59191
3.52679
3.50409
3.47385
3.47553
3.48051
3.40393
3.46618
3.65349
3.60203
3.48272
3.41945
3.53561
3.48777
3.41584
3.5956
3.50211
3.51806
3.39647
3.52431
3.47166
3.53999
3.54106
3.42008
3.48569
3.51474
3.60182
3.34528
3.42417
3.54342
3.49522
3.42333
3.64666
3.42099
3.45805
3.56668
3.59112
3.52708
3.51513
3.44762
3.43871
3.45266
3.515
3.557
3.41355
3.48403
3.45344
3.54452
3.50363
3.54048
3.62642
3.53539
3.40506
3.53968
3.52781
3.39372
3.42759
3.51644
3.47481
3.52389
3.48434
3.44377
3.55799
3.41443
3.44581
3.53446
3.55308
3.53167
3.53166
3.42995
3.48455
3.52811
3.51843
3.45027
3.51269
3.62783
3.52185
3.53626
3.50994
3.47
3.54182
3.48525
3.63195
3.5564
3.52445
3.59375
3.54723
3.55808
3.60701
3.53194
3.60503
3.53994
3.53284
3.53308
3.50089
3.4501
3.56076
3.52025
3.56244
3.57458
3.53611
3.50803
3.47868
3.61925
3.5268
3.55929
3.6604
3.50466
3.48891
3.53351
3.59489
3.59281
3.64992
3.55023
3.52708
3.60653
3.64506
3.5399
3.50663
3.46084
3.52291
3.538
3.5102
3.64372
3.52494
3.57444
3.60872
3.59076
3.48001
3.47041
3.50721
3.5712
3.50925
3.5968
3.57907
3.64431
3.50629
3.50773
3.47269
3.55353
3.54522
3.46068
3.46898
3.49706
3.4416
3.48286
3.56379
3.53494
3.52137
3.5327
