3.55408
3.55603
3.55413
3.52995
3.53443
3.54137
3.55538
3.55305
3.53105
3.54239
3.54515
3.52189
3.53085
3.5431
3.55476
3.54041
3.57034
3.53132
3.54465
3.57304
3.57317
3.56319
3.56928
3.49862
3.54779
3.57704
3.54914
3.53058
3.55359
3.53518
3.52479
3.57134
3.56635
3.56787
3.53739
3.56622
3.5327
3.47684
3.5167
3.52773
3.59291
3.51255
3.54359
3.53619
3.57006
3.54124
3.60438
3.56541
3.59857
3.54978
3.54734
3.55767
3.57994
3.52492
3.5144
3.58541
3.51902
3.53134
3.55501
3.54315
3.52897
3.52981
3.54114
3.52379
3.55284
3.56224
3.54842
3.61831
3.5705
3.52769
3.52876
3.47789
3.55063
3.5236
3.55919
3.52512
3.49865
3.53813
3.60059
3.53496
3.62212
3.55207
3.52784
3.58466
3.4908
3.54775
3.58164
3.57958
3.54451
3.52224
3.61198
3.55002
3.57678
3.47261
3.52066
3.61653
3.48509
3.54979
3.53084
3.6286
3.50605
3.50853
3.48633
3.56043
3.48436
3.50062
3.55861
3.54949
3.55112
3.57415
3.5328
3.49396
3.45637
3.58753
3.53214
3.5228
3.54156
3.50802
3.51453
3.59287
3.57301
3.60051
3.53171
3.60229
3.52434
3.52745
3.5698
3.52232
3.55846
3.44858
3.50638
3.54731
3.573
3.45997
3.48797
3.50917
3.50436
3.55745
3.49686
3.51769
3.56463
3.53693
3.49173
3.53411
3.59422
3.50386
3.51699
3.49495
3.54545
3.48345
3.52285
3.54505
3.47721
3.48168
3.53732
3.54508
3.53237
3.54071
3.48528
3.55255
3.48073
3.52945
3.572
3.5963
3.51111
3.56169
3.53984
3.52829
3.51361
3.54688
3.63931
3.49024
3.56306
3.52119
3.54872
3.51808
3.48815
3.48813
3.58113
3.55194
3.51442
3.53315
3.54823
3.50072
3.53206
3.46617
3.5426
3.53419
3.53381
3.55858
3.59204
3.5318
3.50779
3.52647
3.4908
3.48049
3.50307
3.57074
3.49287
3.48236
3.53326
3.54401
3.57692
3.47182
3.46508
3.5269
3.53018
3.56162
3.59438
3.60297
3.50785
3.47787
3.56408
3.52764
3.45154
3.53337
3.55177
3.54139
3.46625
3.52696
3.62744
3.54464
3.53759
3.53708
3.59958
3.58369
3.55754
3.45789
3.61303
3.42555
3.61446
3.41262
3.56233
3.51283
3.52376
3.5633
3.46489
3.50684
3.54414
3.43597
3.61194
3.46941
3.55182
3.56115
3.47852
3.52776
3.56911
3.44336
3.42088
3.56219
3.52977
3.53204
3.59793
3.50639
3.496
3.50156
3.43369
3.42297
3.51473
3.56203
3.4517
3.56856
3.41328
3.49619
3.47554
3.43497
3.52099
3.50643
3.4251
3.48692
3.57252
3.47038
3.49979
3.44885
3.47005
3.47211
3.43165
3.38648
3.50841
3.38976
3.45621
3.38297
3.5152
3.58089
3.46307
3.48358
3.5379
3.54093
3.47456
3.39931
3.49805
3.51598
3.42124
3.40286
3.47238
3.56489
3.53163
3.51371
3.52202
3.42243
3.69899
3.56241
3.47739
3.50116
3.62606
3.54947
3.47096
3.49737
3.40028
3.43818
3.47241
3.54406
3.60593
3.49184
3.38637
3.59816
3.50672
3.58211
3.46053
3.47407
3.55691
3.6205
3.52418
3.44912
3.47482
3.47189
3.49847
3.46024
3.55285
3.44668
3.47559
3.4136
3.47145
3.55723
3.53958
3.49861
3.51221
3.46389
3.54087
3.53425
3.56437
3.41349
3.46776
3.51625
3.40611
3.5155
3.48184
3.48768
3.45789
3.55076
3.54097
3.53918
3.53319
3.40582
3.50554
3.56728
3.43165
3.59435
3.48019
3.48013
3.42182
3.51928
3.44276
3.5395
3.61383
3.51345
3.50844
3.42116
3.56356
3.48964
3.45581
3.48957
3.51905
3.41948
3.489
3.60698
3.48833
3.52556
3.50888
3.50377
3.47763
3.45842
3.503
3.47288
3.4768
3.55693
3.48926
3.50006
3.47023
3.52223
3.50673
3.50202
3.50472
3.50919
3.53865
3.56242
3.48039
3.49161
3.53346
3.55959
