3.52942
3.53023
3.54928
3.56011
3.5394
3.56597
3.54829
3.54863
3.57097
3.56883
3.59272
3.58164
3.57605
3.62523
3.60756
3.56679
3.60792
3.60083
3.556
3.59511
3.56911
3.55657
3.59032
3.60217
3.57523
3.56137
3.55814
3.55819
3.58267
3.61268
3.55944
3.59311
3.51788
3.54929
3.55894
3.56606
3.54939
3.54642
3.52282
3.63327
3.56149
3.58564
3.52976
3.5693
3.50835
3.52633
3.59572
3.47978
3.57657
3.54445
3.59105
3.59441
3.5986
3.58597
3.55436
3.55397
3.55437
3.51052
3.57025
3.51983
3.5721
3.5323
3.5415
3.56752
3.53679
3.52971
3.54353
3.57075
3.56894
3.49304
3.60448
3.55968
3.54781
3.5466
3.54629
3.56142
3.56633
3.54316
3.52609
3.51339
3.55018
3.56803
3.56656
3.534
3.51464
3.59131
3.52408
3.55789
3.59165
3.49833
3.60414
3.59194
3.5613
3.61397
3.54734
3.51942
3.60546
3.56076
3.58007
3.57577
3.57233
3.55968
3.54288
3.49064
3.58744
3.52099
3.58236
3.55265
3.54222
3.55175
3.56955
3.57975
3.48949
3.49352
3.53977
3.54828
3.48559
3.54295
3.51594
3.53933
3.53745
3.51108
3.52484
3.50718
3.575
3.54612
3.53631
3.54424
3.60499
3.55343
3.56956
3.54238
3.55365
3.53637
3.58022
3.5364
3.52687
3.52669
3.53871
3.51455
3.53752
3.54535
3.64035
3.5515
3.55379
3.59921
3.49185
3.48231
3.56275
3.51349
3.54911
3.49028
3.59423
3.54902
3.52811
3.5525
3.53278
3.53198
3.5084
3.56172
3.58924
3.43529
3.56104
3.59165
3.56823
3.53431
3.58584
3.56248
3.58823
3.60436
3.51494
3.49697
3.56083
3.58086
3.61529
3.54829
3.4753
3.49028
3.55606
3.56562
3.46289
3.62413
3.56421
3.51484
3.45745
3.50998
3.54213
3.56089
3.6513
3.65187
3.62003
3.54366
3.52073
3.57675
3.57478
3.53945
3.46251
3.59009
3.54551
3.57877
3.45695
3.51464
3.58681
3.62187
3.51667
3.53649
3.50623
3.5415
3.54419
3.44076
3.54732
3.54789
3.56062
3.54028
3.49525
3.51331
3.46761
3.53013
3.51847
3.48664
3.51912
3.55441
3.49823
3.53217
3.48778
3.60125
3.62793
3.56482
3.55371
3.53483
3.55161
3.5588
3.52807
3.64569
3.46675
3.57757
3.56933
3.54063
3.54804
3.45957
3.45531
3.40249
3.49535
3.48435
3.58021
3.5386
3.55559
3.5034
3.6033
3.58473
3.51364
3.47807
3.57628
3.52162
3.53368
3.53962
3.42798
3.49664
3.49977
3.58002
3.52564
3.53128
3.58706
3.58378
3.50843
3.43014
3.49491
3.49671
3.65202
3.54523
3.53771
3.56056
3.48526
3.55916
3.53676
3.65868
3.54293
3.60419
3.52898
3.41389
3.57106
3.45352
3.47327
3.45323
3.58774
3.57923
3.55957
3.56164
3.5202
3.55245
3.56557
3.56215
3.56514
3.57132
3.64402
3.43358
3.50934
3.55005
3.55704
3.48611
3.55618
3.42723
3.55547
3.48272
3.50596
3.58553
3.51265
3.53242
3.60971
3.58831
3.47036
3.50251
3.58084
3.49821
3.51075
3.52547
3.47863
3.43358
3.59124
3.48014
3.6147
3.64624
3.44509
3.57719
3.54365
3.5627
3.5014
3.62479
3.56259
3.38252
3.62296
3.58706
3.46821
3.60067
3.56455
3.48791
3.59819
3.5404
3.54415
3.60441
3.59958
3.5125
3.5703
3.53286
3.48528
3.64559
3.50891
3.52708
3.49581
3.44496
3.51662
3.63496
3.56902
3.53265
3.67358
3.53044
3.57591
3.53284
3.52444
3.50346
3.46996
3.57198
3.65189
3.56665
3.49665
3.49422
3.50005
3.53729
3.49303
3.50778
3.55536
3.49355
3.65068
3.51125
3.6148
3.65181
3.55462
3.68254
3.53426
3.58639
3.6044
3.5354
3.56982
3.5483
3.61776
3.55481
3.60677
3.58587
3.541
3.64595
3.48798
3.55232
3.59685
3.50354
3.60258
3.54161
3.60635
3.50447
3.53077
3.59452
