3.54103
3.5373
3.53219
3.54032
3.54205
3.52028
3.53492
3.54874
3.52865
3.56826
3.55213
3.55403
3.58916
3.53413
3.53897
3.57827
3.54461
3.56638
3.57168
3.58811
3.55436
3.56006
3.54807
3.5554
3.5075
3.57063
3.48798
3.53661
3.57534
3.5717
3.55243
3.5568
3.56257
3.51578
3.4713
3.51664
3.54273
3.51772
3.53417
3.51123
3.57387
3.56796
3.5061
3.55186
3.518
3.55137
3.48387
3.53013
3.485
3.4888
3.58246
3.58266
3.52845
3.54991
3.54202
3.5274
3.53986
3.55996
3.5278
3.52818
3.52819
3.49722
3.5541
3.52657
3.52242
3.61012
3.53007
3.57915
3.53739
3.44659
3.53431
3.57966
3.57688
3.49485
3.46104
3.51641
3.55599
3.47945
3.54673
3.52252
3.53755
3.53438
3.51949
3.52534
3.52916
3.46432
3.57548
3.4877
3.51228
3.491
3.56086
3.53805
3.53812
3.45035
3.54204
3.59791
3.54745
3.55662
3.53706
3.50975
3.51056
3.51149
3.59169
3.56785
3.51801
3.5083
3.49217
3.50251
3.56238
3.52363
3.5839
3.50478
3.56827
3.5918
3.57851
3.63622
3.6441
3.56193
3.54156
3.52405
3.49185
3.59144
3.53618
3.55949
3.50157
3.54946
3.53656
3.63031
3.60736
3.5326
3.58802
3.52003
3.5694
3.55141
3.51942
3.54665
3.53157
3.55579
3.56871
3.48175
3.59263
3.47496
3.5657
3.50172
3.58755
3.57072
3.60934
3.54881
3.53337
3.47885
3.54256
3.63687
3.52635
3.5184
3.49583
3.4917
3.46619
3.50568
3.51722
3.58191
3.59299
3.57064
3.58144
3.54865
3.50158
3.54411
3.55081
3.56748
3.51707
3.51828
3.52022
3.57216
3.50935
3.4784
3.50876
3.5935
3.50216
3.54029
3.48734
3.50589
3.54177
3.5498
3.57169
3.56978
3.49277
3.61612
3.55583
3.5412
3.5092
3.48922
3.651
3.56529
3.52921
3.57627
3.52254
3.50397
3.54385
3.53008
3.51972
3.50848
3.51959
3.55043
3.51633
3.57056
3.56473
3.53022
3.49932
3.55169
3.52576
3.60022
3.59701
3.59076
3.56025
3.56502
3.54136
3.51484
3.53428
3.51429
3.56034
3.598
3.56683
3.58177
3.50005
3.45912
3.50599
3.65748
3.42108
3.59378
3.55865
3.44236
3.58265
3.53782
3.44621
3.57684
3.55627
3.58979
3.52444
3.55943
3.56954
3.59333
3.64537
3.53092
3.43364
3.50787
3.53351
3.57425
3.64984
3.5331
3.57438
3.51791
3.64434
3.56953
3.6139
3.55792
3.67381
3.55953
3.61852
3.59706
3.60721
3.62229
3.55177
3.55175
3.49933
3.59136
3.46211
3.45758
3.5919
3.53641
3.53267
3.56844
3.7376
3.58663
3.52458
3.53451
3.56834
3.56543
3.63031
3.58802
3.50907
3.67191
3.54006
3.47234
3.5499
3.58676
3.53989
3.52281
3.56651
3.58986
3.44347
3.56971
3.40063
3.56811
3.56584
3.53317
3.49805
3.50228
3.45069
3.51145
3.60326
3.49518
3.50407
3.55363
3.53628
3.52948
3.61847
3.52632
3.6168
3.48711
3.5643
3.51719
3.49188
3.57729
3.58748
3.48282
3.51627
3.55072
3.57183
3.61568
3.5373
3.68704
3.58773
3.43784
3.50351
3.56677
3.4999
3.50008
3.50973
3.62332
3.46136
3.62762
3.60783
3.50596
3.58068
3.51993
3.63682
3.52013
3.53594
3.57582
3.46298
3.67348
3.60165
3.53348
3.50216
3.50077
3.50448
3.65387
3.52771
3.48075
3.61754
3.58844
3.52762
3.48963
3.62195
3.63507
3.55339
3.57526
3.55142
3.47204
3.54773
3.52695
3.5456
3.64048
3.56985
3.58034
3.56395
3.548
3.50604
3.54699
3.5531
3.42928
3.56105
3.53086
3.5464
3.5239
3.53872
3.51314
3.54426
3.5297
3.61304
3.61509
3.58019
3.54623
3.60191
3.5579
3.51543
3.5166
3.53912
3.54391
3.55468
3.60411
3.56861
3.53163
3.55109
3.58741
3.60703
3.55895
3.53893
3.59458
3.53986
3.54458
