3.51515
3.52624
3.5467
3.55921
3.54797
3.57212
3.55158
3.58835
3.57406
3.6122
3.61173
3.59506
3.57361
3.60526
3.5785
3.5799
3.57755
3.60112
3.58663
3.60014
3.6282
3.58405
3.56114
3.6282
3.56527
3.59764
3.60251
3.58532
3.57095
3.59772
3.57736
3.56761
3.55729
3.58937
3.60526
3.52748
3.55982
3.5605
3.57122
3.58429
3.57101
3.61914
3.58351
3.56575
3.56896
3.58321
3.57185
3.56949
3.5713
3.59695
3.56331
3.56541
3.50771
3.56257
3.61609
3.60628
3.50411
3.60753
3.60287
3.59517
3.63163
3.53061
3.59858
3.5173
3.56856
3.55629
3.58475
3.55785
3.62509
3.51299
3.56163
3.58872
3.55198
3.58124
3.52694
3.56241
3.55776
3.49572
3.58899
3.56326
3.64337
3.53089
3.52249
3.61684
3.56929
3.57798
3.59446
3.55664
3.60561
3.50164
3.47726
3.57004
3.60378
3.55482
3.53978
3.54155
3.55487
3.52519
3.55901
3.52052
3.53595
3.63323
3.51716
3.61991
3.5656
3.63258
3.53913
3.54323
3.52365
3.58603
3.5113
3.49664
3.53408
3.49604
3.54449
3.51478
3.55199
3.50664
3.59015
3.63298
3.52364
3.61288
3.58611
3.47693
3.55326
3.57724
3.55704
3.63253
3.60153
3.53988
3.56573
3.67015
3.55001
3.58596
3.48162
3.55834
3.56554
3.59349
3.59334
3.52798
3.61002
3.58135
3.4997
3.5514
3.64618
3.52053
3.60061
3.57226
3.63371
3.52821
3.55603
3.63889
3.65802
3.57698
3.56936
3.66558
3.60898
3.63409
3.59197
3.57402
3.6335
3.60365
3.61058
3.54855
3.52056
3.55691
3.63091
3.61475
3.57355
3.5195
3.56219
3.58828
3.48779
3.62287
3.61884
3.59174
3.54186
3.53724
3.57265
3.51629
3.53582
3.54144
3.52635
3.61672
3.535
3.51962
3.53052
3.59493
3.57222
3.54675
3.60342
3.65411
3.61488
3.56468
3.49809
3.53425
3.59192
3.63668
3.52488
3.59898
3.51921
3.56249
3.52226
3.5935
3.57618
3.55868
3.53539
3.59007
3.59383
3.49103
3.48274
3.59284
3.61389
3.61322
3.55055
3.58878
3.52469
3.52123
3.54251
3.57175
3.52722
3.46672
3.58009
3.51172
3.57174
3.54609
3.53295
3.59422
3.61481
3.50926
3.48805
3.57511
3.60358
3.55122
3.55031
3.56001
3.58805
3.5674
3.55005
3.50623
3.5014
3.63137
3.51052
3.64693
3.52544
3.50329
3.49397
3.51291
3.52384
3.59855
3.61976
3.5926
3.51261
3.60481
3.50256
3.57483
3.46204
3.57105
3.71327
3.61264
3.55166
3.6762
3.4875
3.54313
3.54173
3.52765
3.53334
3.67551
3.57755
3.62495
3.52204
3.5022
3.55165
3.63188
3.55571
3.48234
3.5041
3.59488
3.40255
3.71049
3.566
3.4391
3.52296
3.57821
3.47954
3.634
3.53375
3.66595
3.58754
3.51034
3.52436
3.62254
3.62756
3.52049
3.39764
3.61199
3.52608
3.53305
3.57161
3.64213
3.6207
3.50323
3.56007
3.60645
3.49477
3.75952
3.56623
3.59084
3.58468
3.57476
3.53421
3.54811
3.55582
3.64322
3.47134
3.45209
3.50684
3.51879
3.57899
3.47813
3.66093
3.61452
3.59961
3.61216
3.55571
3.60521
3.57804
3.49864
3.48169
3.44767
3.47459
3.50033
3.53924
3.53204
3.59069
3.58225
3.57497
3.53335
3.53009
3.4956
3.54184
3.53358
3.57223
3.69431
3.49287
3.63133
3.55887
3.60401
3.56294
3.46575
3.55124
3.57362
3.59671
3.57832
3.56584
3.60456
3.57431
3.69786
3.5285
3.4892
3.54396
3.50432
3.48627
3.49359
3.60464
3.51271
3.58996
3.4561
3.61776
3.50305
3.42322
3.58899
3.64759
3.47872
3.61366
3.44449
3.50111
3.65386
3.43287
3.56086
3.49992
3.47028
3.49875
3.50045
3.56183
3.57549
3.60508
3.50256
3.47043
3.50829
3.4986
3.49611
3.53156
3.49662
3.58039
3.4723
3.50421
3.53591
3.57056
3.6484
