3.5378
3.48912
3.46542
3.45972
3.46308
3.48164
3.4693
3.50017
3.52443
3.52724
3.51994
3.51188
3.52072
3.55834
3.53486
3.54935
3.48692
3.56654
3.53586
3.5427
3.57883
3.64219
3.54403
3.57284
3.56886
3.59047
3.59561
3.54207
3.62218
3.61153
3.58151
3.60496
3.63683
3.59764
3.58846
3.58164
3.63368
3.53316
3.60397
3.49462
3.56551
3.57052
3.59267
3.57844
3.61802
3.61743
3.56191
3.61528
3.60428
3.55046
3.59169
3.57695
3.60924
3.62593
3.57883
3.549
3.61679
3.56488
3.57766
3.64109
3.58601
3.54271
3.56923
3.52916
3.54725
3.59491
3.57949
3.51532
3.61163
3.47966
3.5476
3.54125
3.61449
3.53751
3.56274
3.54978
3.57649
3.60617
3.58483
3.5136
3.53326
3.55854
3.56355
3.52597
3.55671
3.5177
3.53239
3.5465
3.60903
3.51414
3.51996
3.50084
3.60281
3.61163
3.55591
3.54883
3.54847
3.57337
3.52622
3.57789
3.49574
3.56719
3.53985
3.58249
3.60312
3.54418
3.53719
3.57756
3.54602
3.49053
3.51891
3.50851
3.55071
3.53194
3.64693
3.53686
3.49535
3.5071
3.50765
3.54382
3.58398
3.52764
3.56811
3.49
3.64114
3.5821
3.55904
3.58262
3.56679
3.51418
3.52579
3.54052
3.54295
3.55443
3.51509
3.54297
3.50571
3.55708
3.56235
3.57892
3.54014
3.50342
3.54531
3.5525
3.57112
3.49576
3.55862
3.54089
3.55816
3.58343
3.55502
3.53712
3.53342
3.48115
3.59644
3.54021
3.52774
3.54859
3.55623
3.57148
3.60188
3.48444
3.64108
3.57405
3.58825
3.58561
3.56505
3.61047
3.54407
3.58977
3.63097
3.58265
3.59148
3.61541
3.54043
3.58778
3.57975
3.60577
3.54119
3.59981
3.62921
3.58265
3.6345
3.51962
3.52819
3.60255
3.58538
3.62043
3.5101
3.52216
3.56779
3.62124
3.55565
3.59561
3.5999
3.51801
3.53045
3.55713
3.54939
3.6067
3.59903
3.60581
3.60645
3.66466
3.53204
3.59783
3.51
3.56987
3.5219
3.6363
3.62302
3.65741
3.5497
3.63388
3.59545
3.59836
3.59827
3.63062
3.55759
3.64257
3.62991
3.64356
3.69381
3.60762
3.54811
3.61066
3.72536
3.55186
3.57155
3.54021
3.56915
3.65993
3.63023
3.57868
3.55021
3.55166
3.6228
3.6155
3.64291
3.62148
3.63164
3.53596
3.57723
3.57133
3.59829
3.55144
3.54813
3.56937
3.57967
3.56342
3.55705
3.55411
3.61129
3.68927
3.54947
3.63738
3.60731
3.56927
3.71937
3.58108
3.62424
3.68758
3.64049
3.59589
3.60143
3.67313
3.54654
3.71902
3.55279
3.63734
3.5127
3.57103
3.53754
3.69769
3.5335
3.54896
3.5477
3.47322
3.60498
3.56181
3.57236
3.62488
3.56011
3.57736
3.64715
3.59817
3.48317
3.56734
3.52424
3.64885
3.54475
3.54827
3.56422
3.53497
3.54773
3.6914
3.49049
3.62654
3.59641
3.55365
3.56
3.51652
3.55226
3.61453
3.56209
3.52708
3.48784
3.44485
3.60286
3.58488
3.5928
3.58129
3.53176
3.58355
3.65457
3.61994
3.47824
3.60459
3.61689
3.5853
3.58435
3.5759
3.53404
3.55481
3.58654
3.6009
3.61559
3.47768
3.54255
3.5915
3.50052
3.55637
3.62545
3.59272
3.62292
3.56572
3.50373
3.57429
3.64648
3.68516
3.60649
3.62927
3.59256
3.53957
3.52742
3.55276
3.52073
3.50971
3.54699
3.57683
3.76522
3.7312
3.58033
3.57942
3.54208
3.46162
3.64228
3.52482
3.49773
3.66588
3.55345
3.52694
3.63761
3.48635
3.61564
3.60114
3.56091
3.55589
3.49306
3.62573
3.65864
3.57275
3.5425
3.53701
3.58538
3.58125
3.63642
3.55606
3.61182
3.62877
3.65192
3.59198
3.62811
3.57388
3.58708
3.54563
3.58679
3.57533
3.65785
3.59519
3.61666
3.5749
3.57819
3.6226
3.60637
3.6146
3.57435
3.58558
3.57142
3.56234
