4.65316
4.62212
4.58112
4.67341
4.64584
4.58924
4.64586
4.64878
4.58269
4.64856
4.62087
4.66542
4.807
4.66775
4.6824
4.69627
4.75325
4.75933
4.78644
4.67966
4.83272
4.66862
4.64384
4.90444
4.50351
4.59479
4.71353
4.75401
4.5468
4.82742
4.59029
4.617
4.82419
4.63432
4.56118
4.69254
4.70339
4.67517
4.68442
4.798
4.64894
4.69236
4.6289
4.86364
4.75939
4.69452
4.55317
4.71526
4.66616
4.65342
4.49747
4.74772
4.74087
4.64235
4.63942
4.51402
4.75331
5.0204
4.52618
4.76309
4.52076
4.57046
4.81731
4.63779
4.59942
4.59086
4.78762
4.67639
4.47826
4.71151
4.6769
4.90596
4.58581
4.49775
4.48458
4.68855
4.57213
4.5777
4.52237
4.69172
4.51071
4.83771
4.57205
4.61563
4.49042
4.69633
4.61107
4.58681
4.49632
4.77481
4.61761
4.54474
4.4147
4.63244
4.51407
4.63458
4.69733
4.67569
4.61403
4.50141
4.54167
4.65728
4.5079
4.58598
4.56535
4.85059
4.64168
4.51929
4.89779
4.52354
4.55583
4.84833
4.69943
4.67381
4.44809
4.80265
4.40425
4.66561
4.58444
4.46435
4.50707
4.67111
4.50934
4.6396
4.63031
4.66376
4.57977
4.58323
4.78003
4.58627
4.61094
4.45248
4.60436
4.54251
4.86465
4.68144
4.85106
4.8253
4.69276
4.79284
4.63158
4.6352
4.53502
4.74947
4.76275
4.67077
4.58427
4.55993
4.50513
4.40074
4.67284
4.78825
4.64042
4.52038
4.58007
4.5178
4.64599
4.79845
4.69254
4.63622
4.40217
4.51391
4.67375
4.46073
4.70434
4.75499
4.69229
5.05655
4.72353
4.77578
4.65153
4.63277
4.57371
4.78595
4.5973
4.6972
4.47284
4.64149
4.67058
4.69047
4.85682
4.66431
4.5832
4.95642
4.81902
4.45183
4.71289
4.61038
4.75495
4.56693
4.71862
4.74731
4.74138
4.68266
4.62986
4.76149
4.62262
4.63658
4.63671
4.73733
4.60536
4.77497
4.57948
4.59772
4.49822
4.63411
4.71569
4.5226
4.47259
4.53294
4.68869
4.59773
4.57461
4.53094
4.60361
4.68566
4.65673
4.62282
4.81969
4.71662
4.56928
4.74284
4.53539
4.58004
4.58515
4.73127
4.55405
4.70889
4.88235
4.77119
4.52597
4.76318
4.84245
4.81757
4.55756
4.83968
4.7012
4.54957
4.69078
4.68184
4.76751
4.5988
4.64394
4.75856
4.59599
4.56935
4.85753
4.70413
4.70734
4.6932
4.63941
4.65774
4.63257
4.65842
4.74391
4.61896
4.67145
4.65108
4.60615
4.48079
4.64931
4.61017
4.77838
4.57579
4.43583
4.76021
4.55677
4.57208
4.6085
4.50705
4.47352
4.6921
4.56566
4.60642
4.35938
4.49114
4.75033
4.80093
4.5628
4.48743
4.60798
4.52622
4.57527
4.84867
4.49552
4.55164
4.5289
4.66025
4.5085
4.81432
4.62931
4.62417
4.64335
4.45693
4.59583
4.86175
4.53544
4.52526
4.57744
4.87676
4.50715
4.53086
4.50091
4.72964
4.72849
4.45101
4.41945
4.52524
4.51246
4.48405
4.49227
4.58175
4.4208
4.66854
5.11159
4.89293
4.61945
4.73708
4.91641
4.92833
4.51528
4.38936
4.67169
4.57089
4.69974
4.54916
4.64482
4.57662
4.57112
4.55172
4.65956
4.7544
4.65146
4.61903
4.59445
4.54059
4.49361
4.5395
4.82386
4.71654
4.72662
4.4196
4.46169
4.5635
4.39273
4.84585
4.5784
4.58213
4.65861
4.49655
4.59954
4.53748
4.47846
4.53397
4.5846
4.51417
4.58263
4.49371
4.54468
4.61782
4.60564
4.573
4.5245
4.61893
4.54312
4.66377
4.52957
4.41624
4.61668
4.52466
4.59751
4.61292
4.61212
4.64408
4.57524
4.55782
4.54228
4.55044
4.73391
4.53383
4.54927
4.68122
4.59523
4.73239
4.66875
4.6062
4.49248
4.55333
4.61012
4.62506
4.72265
4.54574
4.56444
4.57322
4.62678
4.69654
4.6761
4.71027
4.67676
4.71347
