4.6166
4.67133
4.64023
4.66153
4.69171
4.63014
4.60103
4.5897
4.72766
4.53694
4.62409
4.55716
4.63471
4.69175
4.73314
4.64003
4.62554
4.56667
4.67235
4.66227
4.70923
4.74473
4.64183
4.62873
4.71635
4.51531
4.76835
4.54786
4.7332
4.57596
4.59654
4.62087
4.77377
4.61379
4.53974
4.73417
4.59898
4.84261
4.60532
4.72017
4.62004
4.48424
4.63756
4.60818
4.53343
4.59547
4.56632
4.59259
4.4999
4.82157
4.37638
4.4439
4.83623
4.52181
4.55786
4.66962
4.55135
4.53527
4.7457
4.62327
5.06205
4.81888
4.56865
4.72046
4.64513
4.80117
4.57368
4.73227
4.72315
4.54233
4.75501
4.55563
4.59231
4.71323
4.66356
4.75857
4.79913
4.65318
4.69721
4.79861
4.42798
4.67029
4.62307
4.58415
4.8877
4.52263
4.92674
4.93355
4.67442
4.65895
4.53929
4.82327
4.76497
4.70973
4.71174
4.72574
4.7474
4.58815
4.72533
4.48017
4.38762
4.53931
4.7703
4.50637
4.70027
4.55524
4.49957
4.62385
4.80845
4.87274
4.86715
4.56066
4.6949
4.54302
4.73874
4.73864
4.95171
4.65649
4.54842
4.60914
4.46798
4.58756
4.52791
4.63402
4.65043
4.49705
4.73666
4.62187
4.79049
4.59352
4.434
4.67044
4.97678
4.94506
4.49457
4.46691
4.51948
4.68694
4.48563
4.89149
4.62493
4.77036
4.73452
4.63124
4.60313
4.77264
4.54782
4.61409
4.7434
4.75026
4.995
4.79692
4.69598
4.44889
4.81189
4.49457
4.68383
4.73623
4.63452
4.61248
4.56369
4.53946
4.83378
4.54229
4.55858
4.50428
4.73877
4.44862
4.71168
4.63944
4.55659
4.48039
4.73159
4.87159
4.48176
4.66726
4.56607
4.71631
5.02881
4.64144
4.64375
4.78687
4.6134
4.61919
4.52835
4.6182
4.55649
4.68808
4.80415
4.8449
4.63984
4.64257
4.58106
4.63974
4.4711
4.73426
4.63508
4.63685
4.47816
4.64248
4.83412
4.63219
4.76735
4.5744
4.69728
4.78169
4.69037
4.71265
4.64532
4.62107
4.80144
4.508
4.71058
4.4358
4.85272
4.72165
4.53514
4.62101
4.70554
4.58672
4.52962
4.72657
4.48824
4.7658
4.72228
4.91009
4.7744
4.71716
4.63346
4.64624
4.74317
4.71522
4.71308
4.99432
4.7153
4.55372
4.72551
4.46288
4.50071
4.71198
4.77032
4.6949
5.02891
4.75223
4.76656
4.68469
4.67867
4.94868
4.86048
4.50099
4.72358
4.69682
5.11242
4.71685
4.80872
4.73146
4.68881
4.63112
4.64994
4.70227
4.55465
4.74514
4.99831
4.73367
4.3793
4.73578
4.47773
4.68871
4.59167
4.63233
4.6553
4.76865
4.66768
4.63239
4.66543
4.75717
4.53702
4.63017
4.53488
4.47968
4.65659
4.58461
4.79871
5.02675
4.7524
4.53844
4.7464
4.78207
4.5888
4.79682
4.65819
4.66172
4.44895
4.48931
4.96666
4.67683
4.51615
4.71631
4.93112
4.75337
4.92116
4.77376
4.76926
4.53277
4.8569
4.77003
4.61593
4.50362
4.67283
4.88198
4.72008
4.5594
4.58216
4.90826
4.60652
4.58433
4.77609
4.74727
4.81888
4.67226
4.63429
4.5981
4.55069
4.512
4.47498
4.57757
4.66808
4.60697
4.703
4.8041
4.87766
4.74951
4.9051
4.64063
4.64913
4.53096
4.70116
4.75528
4.82742
4.58943
4.51131
4.44166
4.46343
4.47212
4.64498
5.0212
4.60929
4.77369
4.55348
4.54069
4.64855
4.79459
4.61689
4.56267
4.774
4.71349
4.72189
4.99956
4.62847
4.79673
4.6449
4.47615
4.48938
4.60199
4.60679
4.89936
4.46077
4.58812
4.59757
4.71693
4.51822
4.70136
4.61146
4.59488
4.55338
4.6688
4.65689
4.73063
4.68456
4.57959
4.61806
4.6598
4.57888
4.59174
4.67252
4.52263
4.61381
4.60679
4.59362
4.62955
4.57971
4.64636
4.63203
4.54995
4.58936
4.59515
4.61704
4.70804
4.66112
4.7058
