4.66258
4.66248
4.69556
4.71879
4.73985
4.68384
4.69807
4.67256
4.52766
4.65228
4.7549
4.76704
4.78207
4.61045
4.61603
4.81458
4.68545
4.7797
4.71239
4.78897
4.69278
4.80273
4.63343
4.75585
4.71359
4.63548
4.71423
4.69813
4.70175
4.7929
4.72533
4.73739
4.85524
4.65726
4.96094
4.59724
4.64926
4.75438
4.63989
4.78366
4.93985
4.85361
4.68629
4.54009
4.65762
4.6872
4.69519
4.58183
4.75937
4.54982
4.69895
4.72942
4.66961
4.86765
4.77879
4.78852
4.55339
4.65653
4.71719
5.00615
4.53806
4.85043
4.75835
4.73403
4.62088
4.74897
4.72508
4.52409
4.86399
4.73413
4.56562
4.50141
4.72275
5.08116
4.60974
4.57802
4.64643
4.71037
4.80999
4.90924
4.43631
4.65066
4.64557
4.65132
4.51993
5.05727
4.5985
4.74783
4.58185
4.58232
4.53448
4.74253
4.58822
4.55961
4.85502
4.77122
4.68225
5.12367
4.65479
4.45742
4.57421
4.7119
4.759
4.67876
4.71159
4.79619
4.66049
4.51842
4.83203
4.8622
4.7963
4.47994
4.6648
4.68217
4.74856
4.8593
4.54254
4.64114
4.82827
4.62678
4.71283
5.12993
4.53545
4.9907
4.71689
4.70575
4.65238
4.83885
4.67455
4.75439
4.70569
4.57296
4.75053
4.66534
4.54622
4.72829
4.81589
4.66802
4.89096
4.81516
4.56446
4.8184
4.84193
4.54479
4.75363
4.58122
4.70202
5.06889
4.67927
4.71107
4.56289
4.62702
4.88489
4.67098
4.42488
4.62079
4.81877
4.67836
4.62067
4.61058
4.76125
4.88015
4.55626
4.668
5.17504
4.66764
4.89526
4.75799
4.89851
4.52012
4.73137
4.71518
4.80958
4.64763
4.68532
4.79843
4.77787
4.72384
4.51145
4.7994
4.69432
4.76995
4.68375
4.72147
4.76493
4.44893
4.67931
4.68982
4.59664
4.46
4.661
4.659
4.69192
4.82753
4.75813
4.60812
4.58487
4.66965
4.67257
4.68326
4.69696
4.63837
4.68489
4.6297
4.651
4.52023
4.68169
4.73179
4.75951
4.8557
4.81802
4.75687
4.63218
4.73443
4.71411
4.58845
4.70626
4.77918
4.79131
4.51629
4.50706
4.6726
4.75758
4.61932
4.59016
4.90422
4.65134
4.54446
4.68264
4.8281
4.81081
5.06158
4.50634
4.67931
4.54258
4.51497
4.71973
4.49933
4.64021
4.75997
4.58325
4.47089
4.75893
4.72085
4.74197
5.10668
4.67793
4.76523
4.68299
4.98622
4.77997
4.60719
4.7754
4.61475
4.55237
4.60751
4.55618
4.69656
4.61905
4.57513
4.97494
4.64897
4.69305
4.57502
4.90826
4.65917
4.85004
4.50839
5.15177
4.61935
4.91673
4.73806
4.55278
4.87555
4.79027
4.70631
4.81564
4.47466
4.55588
4.61102
4.61405
4.81344
4.94019
4.87618
4.82894
4.70151
4.76154
4.79488
4.68022
4.73852
4.9383
4.83759
4.69664
4.57932
4.74613
4.83687
4.54158
4.78934
4.59535
4.76214
4.7127
4.71608
4.64157
4.76204
4.75686
4.73448
4.61056
4.54643
4.54291
4.70931
4.60728
4.56503
4.82569
4.58055
4.43127
4.74404
4.65719
4.87957
5.14734
4.67172
4.8442
4.63207
4.71611
5.22154
4.61131
4.80459
4.67633
4.86327
4.93497
4.55193
4.77327
4.7683
4.6963
4.69022
4.75412
4.83134
4.69939
4.91207
4.65827
4.63357
4.85582
4.83966
4.87234
4.59577
4.85145
4.63537
4.86614
4.72729
4.78841
4.6131
4.61457
4.54038
4.60695
4.60355
4.65886
4.43514
4.76296
4.82315
4.57833
4.81261
4.70524
4.68279
4.72971
4.72741
4.6981
4.76658
4.6151
4.76841
4.61039
4.80348
4.65011
4.65189
4.83321
4.60264
4.64735
4.71569
4.76868
4.62015
4.71794
4.62724
4.65795
4.78356
4.76133
4.68232
4.79735
4.68946
4.89482
4.73628
4.67779
4.76875
4.71133
4.54918
4.60897
4.61137
4.68146
4.63343
4.63473
4.60555
4.62236
4.68533
