4.65948
4.61825
4.67655
4.63576
4.70983
4.6441
4.70686
4.6659
4.71091
4.84721
4.62264
4.57094
4.78301
4.66139
4.77684
4.73633
4.65941
4.70619
4.70914
4.63868
4.71779
4.72691
4.57886
4.74831
4.67476
4.73006
4.77483
4.66903
4.66607
4.54626
4.7244
4.72813
4.79294
4.70982
4.64249
4.65569
4.85087
4.63874
4.78632
4.74381
4.87844
4.50133
4.8544
4.58859
4.69585
4.65377
4.75011
4.64546
4.70518
4.80382
4.75083
4.95626
5.07956
4.7552
4.75252
4.60444
4.75221
5.26998
4.93819
4.56103
4.5923
4.75628
4.4219
4.49314
4.54619
4.59915
4.88182
4.62322
4.72362
4.65621
4.77113
4.50065
4.63592
4.67693
4.68996
4.60085
4.96089
4.51262
4.49455
4.67324
4.70781
4.5397
4.44192
4.69398
4.62965
4.73402
4.52317
4.58984
4.58248
4.80737
4.8691
4.59342
4.55294
4.53588
4.6701
4.62728
4.60316
4.56568
4.68403
4.56166
4.72313
4.74574
4.38612
4.66531
4.90573
4.78301
4.58807
4.73531
4.81684
5.00811
4.82231
4.72445
4.61565
4.70624
4.82397
4.84869
4.69667
4.49046
4.64268
4.72648
4.59627
4.60867
4.68671
4.56233
4.7197
4.7707
4.73071
4.67446
4.58628
4.69926
4.46504
4.76441
4.50101
4.5956
4.50558
4.56355
4.77355
4.8148
4.92311
4.57892
4.93805
4.61613
4.72508
4.58492
4.44623
4.57008
4.45391
4.56639
4.94907
4.81687
4.66484
4.57319
4.95837
4.64048
4.56634
4.79577
4.48963
4.75812
4.6199
4.50002
4.58184
4.79084
4.64388
4.64723
4.73797
4.8144
4.75778
4.79594
4.67675
4.65737
4.72952
4.59843
4.81699
4.84058
4.57255
4.88196
4.70006
4.51685
4.74225
4.6106
4.78766
4.67172
4.60429
4.67268
4.65171
4.5773
4.94294
4.66122
4.63725
4.60799
4.74201
4.448
4.65771
4.69543
4.66887
4.68573
4.8253
4.83013
4.64475
4.68973
4.63198
4.74188
4.79616
4.66321
4.82701
4.66725
4.82344
4.97062
4.72741
4.55247
4.56847
4.78345
4.72235
4.73604
4.5412
4.58277
4.60559
4.653
4.63891
4.57024
4.7491
4.63159
4.70549
4.86603
4.63424
4.67905
4.62822
4.82976
4.53208
4.9125
4.70581
4.54622
4.58957
4.55486
4.71307
4.96923
4.67721
4.83856
4.81401
4.82294
4.62798
4.86889
4.54265
4.73121
4.47577
4.84182
4.611
4.89013
4.71363
4.63983
4.6022
4.66364
4.77164
4.35282
4.82819
4.70018
4.56589
4.83266
4.68142
4.78441
4.53574
4.48054
4.71019
4.5612
4.6911
4.77522
4.71081
4.58938
4.70829
4.54038
4.75374
4.83539
4.72068
4.62784
4.66701
4.5182
4.6023
4.57622
4.9764
4.63161
4.9112
4.79582
4.43837
4.66516
4.68929
4.56065
4.72759
4.96424
4.37008
4.7847
4.62449
4.56667
4.76184
4.73669
4.76817
4.61868
4.59087
4.76981
4.85522
4.42762
4.53699
4.39657
4.54204
4.64106
4.82205
4.64035
4.65566
4.74223
5.08805
4.53707
4.57479
4.83412
4.84547
4.89225
4.99853
4.7811
4.29161
4.71918
4.69513
4.57888
4.83162
4.63714
4.58145
4.66006
4.62136
4.66756
4.72757
4.51159
4.48089
4.87096
4.69656
4.75578
4.46086
4.57977
4.85431
4.78731
4.70122
4.63703
4.46663
4.58761
4.66204
4.72342
4.60474
4.79142
4.69413
4.74218
4.7284
4.89557
4.71791
4.65348
4.70746
4.63062
4.88406
4.51735
4.54815
4.71592
4.6258
4.63529
4.71711
4.7753
4.63424
4.68435
4.76574
4.8184
4.84471
4.66955
4.58752
4.71884
4.98082
4.80752
4.74463
4.75332
4.81631
4.68554
4.69917
4.68824
4.68249
4.6882
4.86537
4.69825
4.73091
4.84017
4.76369
4.87009
4.69755
4.63174
4.68712
4.73681
4.68096
4.63156
4.76813
4.70518
4.63654
4.70707
4.65654
4.64105
4.70239
4.61339
4.62455
4.67731
