4.69634
4.71262
4.75657
4.74762
4.69378
4.66107
4.64512
4.6164
4.70728
4.63352
4.71034
4.76222
4.6579
4.68243
4.72597
4.67293
4.76916
4.77102
4.52937
4.5974
4.87658
4.55072
4.74414
4.66765
4.75997
4.86956
4.67938
4.67003
4.60134
4.78876
4.81926
4.53336
4.68361
4.91244
4.67432
4.59573
4.79156
4.6893
4.75134
4.6864
4.75272
4.84121
4.58983
4.67199
4.72551
4.73357
4.78029
4.84156
4.79397
4.83733
4.85404
4.76597
4.86341
4.88636
4.74482
4.81573
4.56702
4.82901
4.68345
4.79581
4.77587
4.96623
4.75948
4.79188
4.83386
4.92125
4.56882
4.81484
4.48008
4.79114
4.71434
4.76347
4.73906
4.89677
4.68821
4.92495
4.61898
4.76025
4.5863
4.5267
4.74504
4.57229
4.84605
4.58889
5.01514
4.81264
4.90012
4.47706
4.76924
5.07264
4.99968
4.82892
4.80434
4.75384
4.77727
4.60424
4.49618
4.87001
4.72626
4.68292
4.7254
4.60088
4.90279
4.98521
4.92939
4.74112
4.979
4.73779
4.79505
4.74961
4.72608
4.66976
4.94548
5.42114
4.65397
4.74641
4.86214
5.22943
4.87782
4.64625
5.0308
4.68737
4.94225
4.87833
4.75322
4.82671
4.72
4.86318
4.59573
4.72879
4.99027
4.89653
4.69155
4.95212
4.89527
5.11392
4.81064
4.59514
5.16612
4.90833
4.55215
4.76252
4.63546
4.91447
4.95938
4.84061
4.68594
4.87645
4.91634
4.64989
4.96945
4.69177
4.53132
4.57092
4.7289
4.89886
4.83375
4.67709
4.6547
4.52484
4.81381
4.63775
4.85029
4.85287
4.83767
4.78671
4.6451
4.76955
4.9859
4.85033
4.99356
4.652
4.84152
4.81184
4.84003
4.73693
4.97924
4.67579
4.91944
4.88486
4.6684
4.76605
4.83773
4.6119
4.75868
4.95803
4.82197
4.88743
4.79684
4.91342
4.93522
4.73246
4.89165
4.85641
4.78255
4.76522
4.71186
4.88413
4.74158
4.81498
4.73477
4.66809
4.70648
4.81548
4.6541
4.71417
4.5634
4.6872
4.63134
4.58007
4.76952
4.81222
4.73099
4.57385
4.84502
4.68848
4.8241
5.02355
4.96212
4.77312
4.68479
4.67862
4.76221
4.67787
4.92839
4.85222
4.71373
4.70865
4.87297
4.63521
4.82873
4.93178
4.97259
4.67426
4.60596
4.57868
4.80047
4.76883
4.85693
4.88333
4.66662
4.71318
4.88738
4.68125
4.70968
4.82597
4.79679
4.79619
4.86249
4.71591
4.846
4.67387
4.42943
5.0219
4.76103
5.03741
4.90884
4.66003
4.79448
4.58802
4.76462
4.9987
4.56513
4.83106
4.74995
4.7425
4.81854
4.80589
4.65532
4.77886
4.80144
4.89785
4.47465
4.55668
4.93693
4.94247
4.61927
4.76384
4.76178
4.60097
4.56776
4.74921
4.75933
4.98438
4.88694
4.78359
4.75085
4.5941
5.18282
5.08343
4.65724
4.65769
4.76491
4.7103
4.65557
5.08223
5.03615
4.65499
4.68131
4.75501
4.72488
4.40222
5.11148
4.91202
4.79872
4.79889
4.66598
4.60455
4.61415
4.72706
4.70574
4.75588
4.72519
4.85313
4.9485
4.8201
4.65511
4.88853
4.6866
4.46836
4.79455
4.71889
4.66552
5.01907
4.87545
4.75945
4.61478
4.51195
4.65969
4.59968
4.71195
4.72603
4.54548
4.7615
4.95493
4.75002
4.6843
5.18132
4.82055
4.66025
4.775
4.80891
4.73422
4.6139
4.81617
4.94339
4.80828
4.77253
4.87879
4.67497
4.64081
4.64014
4.83395
4.49883
4.72036
4.59478
4.83625
4.82151
4.70437
4.74879
4.74597
4.83867
4.9092
4.8612
4.84062
4.8001
4.72751
4.88927
4.82954
4.80596
4.65901
4.83355
4.89649
4.67758
4.62062
4.71922
4.86114
4.71016
4.74588
4.71914
4.73741
4.61031
4.75209
4.63346
4.53944
4.7139
4.66338
4.79399
4.78126
4.7932
4.58475
4.72137
4.65155
4.67002
4.64482
4.5711
4.61703
4.65549
4.63579
4.67285
