4.6892
4.65909
4.58605
4.64661
4.56814
4.55009
4.49862
4.5194
4.52263
4.58943
4.44304
4.49306
4.47851
4.67738
4.41093
4.47876
4.53622
4.46065
4.46843
4.50235
4.53593
4.37288
4.48633
4.43909
4.57199
4.4787
4.49741
4.52664
4.51142
4.5637
4.46187
4.5824
4.54932
4.5735
4.45906
4.49444
4.43586
4.4232
4.37144
4.37756
4.49823
4.43589
4.48285
4.33381
4.63812
4.72502
4.60918
4.46289
4.54582
4.51015
4.53941
4.57044
4.49442
4.4467
4.69289
4.52768
4.47581
4.51502
4.53598
4.43715
4.72457
4.48919
4.4478
4.51393
4.48191
4.43962
4.45754
4.5613
4.45104
4.55027
4.54759
4.69321
4.395
4.33507
4.45835
4.60284
4.70201
4.70974
4.53755
4.38772
4.50501
4.7242
4.59663
4.87061
4.42309
4.42736
4.78163
4.6447
4.47165
4.66262
4.42682
4.58221
4.537
4.65803
4.58672
4.5719
4.83339
4.62424
4.47853
4.70083
4.45055
4.4448
4.41645
4.59152
4.35153
4.54999
4.77859
4.72137
4.61
4.55308
4.70957
4.53282
4.65604
4.47233
4.38967
4.44984
4.92261
4.48716
4.71192
4.59928
4.74783
4.36881
4.46256
4.6259
4.42919
4.5002
4.51205
4.5642
4.30471
4.33146
4.83361
4.59881
4.37761
4.63159
4.52524
4.47091
4.76496
4.35366
4.54865
4.56353
4.5468
4.65849
4.66122
4.49816
4.50616
4.65033
4.36947
4.59873
4.55481
4.72346
4.49484
4.34844
4.52504
4.44635
4.6252
4.53159
4.74455
4.67313
4.64736
4.52402
4.66987
4.47073
4.56262
4.35999
4.66587
4.67929
4.54296
4.66212
4.51917
4.40393
4.5817
4.52524
4.51339
4.69734
4.54011
4.58329
4.72577
4.5572
4.54006
4.66681
4.45705
4.4012
4.73049
4.63222
4.65672
4.57415
4.68883
4.54017
4.61536
4.57822
4.5938
4.63738
4.57328
4.59011
4.62415
4.57721
4.68011
4.53443
4.54432
4.68023
4.51381
4.63137
4.49951
4.64544
4.45719
4.64438
4.56267
4.5741
4.76716
4.55439
4.50852
4.671
4.45648
4.51217
4.616
4.45435
4.52409
4.69703
4.44707
4.46602
4.50027
4.51244
4.56876
4.54342
4.69247
4.41728
4.78856
4.5647
4.53572
4.51943
4.50113
4.42189
4.53151
4.59204
4.52245
4.60364
4.44695
4.73155
4.52984
4.42391
4.46554
4.88965
4.60857
4.41629
4.73965
4.59008
4.75118
4.61196
4.96098
4.57239
4.43809
4.51678
4.62418
4.32517
4.57465
4.77619
4.54021
4.48737
4.6979
4.66661
4.66272
4.5745
4.57028
4.44259
4.39495
4.82746
4.50823
4.64971
4.74855
4.50967
4.41105
4.6322
4.50139
4.55049
4.56607
4.46466
4.57457
4.64483
4.69978
4.63313
4.49498
4.6795
4.62646
4.47409
4.85292
4.39913
4.61748
4.66378
4.57617
4.50564
4.6499
4.57073
4.57614
4.5583
4.52893
4.42248
4.37743
4.48473
4.45098
4.46895
4.7265
4.65805
4.6467
4.86162
4.47394
4.67626
4.66418
4.72954
4.45271
4.47822
4.54879
4.55768
4.60233
4.74631
4.59822
4.6985
4.6984
4.7027
4.70265
4.78862
4.89741
4.64366
4.49379
4.74806
4.57638
4.76757
4.66472
4.63017
5.1254
4.38461
4.71003
4.66846
4.61076
4.70109
4.44405
4.51134
4.6163
4.746
4.6327
4.71162
4.5994
4.64854
4.69034
4.68926
4.6021
4.84825
4.61171
4.99063
4.49049
4.50913
4.7579
4.61679
4.58917
4.75113
4.62447
4.62546
4.48965
4.41354
4.73494
4.67709
4.45363
4.69002
4.5268
4.56028
4.5887
4.55617
4.5988
4.93013
4.61504
4.70092
4.68412
4.42753
4.68482
4.54696
4.56578
4.44495
4.60837
4.58702
4.61391
4.57995
4.64842
4.58242
4.53683
4.68239
4.56341
4.56586
4.5629
4.60962
4.5005
4.5648
4.65939
4.52931
4.64962
4.64066
4.56609
4.57911
4.62689
4.64415
4.66072
4.68103
