4.71203
4.69398
4.69353
4.59971
4.67166
4.63593
4.62879
4.64281
4.58663
4.67442
4.63873
4.6815
4.62104
4.56375
4.65614
4.67316
4.53793
4.59429
4.51505
4.60614
4.51597
4.65941
4.64743
4.5756
4.48334
4.54614
4.54391
4.56802
4.5691
4.45157
4.61379
4.51487
4.48837
4.73631
4.65832
4.52656
4.68684
4.60072
4.53508
4.48073
4.64504
4.60733
4.45979
4.40619
4.48047
4.68038
4.61552
4.58675
4.60702
4.68531
4.62703
4.71753
4.64569
4.57024
4.76405
4.65031
4.72339
4.45729
4.71533
4.50146
4.45239
4.67761
4.65133
4.72182
4.65192
4.67141
4.60939
4.6521
4.46907
4.61466
4.46526
4.49495
4.65901
4.58241
4.54737
4.58536
4.81416
4.56098
4.47858
4.53952
4.52033
4.74095
4.83944
4.55202
4.65657
4.5187
4.67652
4.82859
4.60024
4.45091
4.74807
4.62186
4.54053
4.57208
4.72086
4.7148
4.83846
4.31216
4.56464
4.61929
4.66956
4.46028
4.82256
4.52841
4.43103
4.52779
4.79315
4.59264
4.56685
4.5439
4.53241
4.6397
4.77897
4.52768
4.62113
4.52936
4.59201
4.3584
4.50934
4.88568
4.66006
4.49398
4.56203
4.4
4.66471
4.67637
4.46774
4.55094
4.56693
4.51511
4.34253
4.53553
4.61719
4.65642
4.54634
4.73936
4.4647
4.55295
4.85119
4.78309
4.51805
4.63811
4.469
4.78823
4.52093
4.59025
4.72287
4.51505
4.40065
4.4652
4.73072
4.65842
4.46371
4.5057
4.63086
4.53018
4.65581
4.57922
4.46965
4.68061
4.57444
4.68248
4.47602
4.75198
4.64357
4.62327
4.41789
4.50997
4.54596
4.44672
4.62893
4.54563
4.59005
4.71631
4.46766
4.86434
4.36954
4.6195
4.75864
4.51531
4.60407
4.54956
4.49519
4.73013
4.77982
4.55102
4.6124
4.69163
4.5307
4.48792
4.85512
4.51574
4.60612
4.47598
4.65725
4.54041
4.66016
4.6298
4.57171
4.72949
4.72244
4.62929
4.70347
4.73572
4.60102
4.67422
4.64351
4.46641
4.64751
4.72583
4.7715
4.7513
4.89339
4.58398
4.61599
4.73442
4.91792
4.65461
4.6763
4.53835
4.48996
4.6803
4.78933
4.73333
4.48705
4.78231
4.77105
4.64179
4.5528
4.60066
4.8052
4.48744
4.72568
4.53591
4.47268
4.47392
4.57299
4.54961
4.94705
4.83774
4.56092
4.67401
4.69152
4.48317
4.83334
4.59161
4.53929
4.49692
4.6493
4.72347
4.78928
4.57334
4.75161
4.58471
4.67697
4.51358
4.55285
4.51232
4.60408
4.69526
4.74094
4.59643
4.62951
4.83739
4.63143
4.73834
4.62675
4.67997
4.56937
4.56722
4.63296
4.54807
4.63784
4.80727
4.60137
4.60142
4.51127
4.76593
4.49529
4.5789
4.66389
4.85966
4.66353
4.59773
4.78334
4.76147
4.53249
4.61277
4.56675
4.49986
4.91096
4.61682
4.65223
4.67872
4.57114
4.58819
4.43243
4.54266
5.05733
4.57213
4.63066
4.6068
4.58287
4.66065
4.51512
4.70969
4.61426
4.87222
4.81052
4.70084
4.45241
4.55697
4.62686
4.53075
4.60692
4.88634
4.71656
4.3431
4.75479
4.66085
4.47499
4.56497
4.84218
4.71849
4.48067
4.81382
4.57481
4.78585
4.62073
4.42938
4.51186
4.43403
4.65305
4.59442
4.465
4.87287
4.49659
4.79229
4.85138
4.69069
4.63494
4.58156
4.60071
4.45746
4.74834
4.55578
4.78552
4.68576
4.90309
4.71414
4.60058
4.6202
4.62726
4.77557
4.63351
4.68076
4.61095
4.58202
4.59725
4.69271
4.61596
4.69406
4.55141
4.88251
4.71985
4.68422
4.72199
4.68576
4.66137
4.63265
4.77
4.94286
4.7203
4.59576
4.5984
4.87567
4.67963
4.90939
4.67385
4.72191
4.56066
4.76104
4.5978
4.68972
5.0989
4.73666
4.72668
4.60411
4.54877
4.76645
4.70346
4.66481
4.70423
4.70403
4.70808
4.69378
4.69419
4.65715
4.64407
4.63584
