4.69445
4.60586
4.63767
4.61481
4.58255
4.64028
4.58061
4.65687
4.6678
4.75536
4.57515
4.5738
4.56734
4.57837
4.66972
4.61506
4.58961
4.71691
4.6364
4.65252
4.64481
4.60068
4.577
4.56012
4.6598
4.65653
4.64076
4.53671
4.64255
4.65916
4.64414
4.53971
4.60544
4.67256
4.67933
4.55406
4.75072
4.61301
4.53529
4.73928
4.86266
4.57879
4.81981
4.62827
4.73032
4.60259
4.75291
4.5176
4.59042
4.77261
4.58806
4.69593
4.71302
4.69735
4.73758
4.82133
4.62619
4.61082
4.55104
4.52446
4.56932
4.84761
4.72593
4.58836
4.64236
4.43489
4.54582
4.71547
4.35821
4.65692
4.40309
4.66674
4.62623
4.50005
4.91161
4.58079
4.51812
4.81272
4.75353
4.57802
4.66537
4.67237
4.54579
4.73075
4.61071
4.55229
4.56272
4.37872
4.48683
4.54502
4.69602
4.7415
4.58949
4.82366
4.57363
4.49105
4.77513
4.83142
4.63067
4.80145
4.39685
4.57159
4.7506
4.72896
4.66554
4.45788
4.57531
4.5571
4.31704
4.74419
4.49985
4.64386
4.36007
4.68063
4.61132
4.76266
4.86149
4.73924
4.77968
4.74877
4.78751
4.47792
4.61707
4.63549
4.67392
4.78028
4.85799
4.47116
4.66355
4.46015
4.69493
4.72841
4.77038
4.52336
4.61465
4.38988
4.5434
4.62228
4.62331
4.8282
4.62695
4.69607
4.66392
4.44787
4.58537
4.73694
4.84732
4.52954
4.64308
4.88526
4.49404
4.61353
4.51513
4.60602
4.90271
4.58713
4.52192
4.60776
4.50568
4.76193
4.83964
4.50351
4.71748
4.73467
4.40559
4.43211
4.43812
4.48508
4.52784
4.63317
4.74461
4.74313
4.43002
4.60399
4.71859
4.70162
4.44964
4.72186
4.6481
4.38145
4.78123
4.73698
4.66592
4.69603
4.61961
4.53385
4.51363
4.63969
4.6964
4.72332
4.67606
4.47549
4.67506
4.63587
4.7596
4.64245
4.68855
4.68623
4.63854
4.71164
4.6059
4.63359
4.85938
4.70785
4.75434
4.61725
4.71163
4.69738
4.69705
4.52742
4.62322
4.75063
4.6934
4.63046
4.65573
4.68783
4.65084
4.6833
4.56565
4.82964
4.66743
4.46834
4.97522
4.81547
4.4776
4.64563
4.65288
4.68859
4.41408
4.85922
4.78968
4.61399
4.68218
4.74868
4.6304
4.73315
4.51172
4.62489
4.5476
4.60091
4.64207
4.51809
4.56365
4.52038
4.5903
4.76671
4.43578
4.54303
4.49011
4.74646
4.70833
4.53576
4.67405
4.71259
4.77791
4.67297
4.42016
4.41185
4.86809
4.79852
4.33356
4.87573
4.83673
4.42949
4.51508
4.50702
4.43516
4.53872
4.85054
4.61034
4.46003
4.61986
4.70851
4.60264
4.677
4.62908
4.70566
4.54607
4.67989
4.59911
4.48416
4.57244
4.49876
4.60938
4.80779
4.79879
4.47475
4.5246
4.51035
4.73449
4.62823
4.69116
4.80352
4.63146
4.89289
4.52478
4.84671
4.54695
4.59011
4.63492
4.47163
4.86803
4.38427
4.63502
4.70826
4.82
4.62588
4.53964
4.48279
4.79919
4.65542
4.6057
4.67855
4.54231
4.53823
4.63395
4.63571
4.83606
4.67794
4.48484
4.61987
4.72397
4.70559
4.46873
4.40497
4.55736
4.48259
4.50689
4.62587
4.72025
4.78124
4.96141
4.765
4.93694
4.63989
4.6668
4.7487
4.60105
4.62357
4.67834
4.55323
4.8089
4.48551
4.66149
4.69183
4.94311
4.76599
4.54239
4.51616
4.7615
4.51041
4.64907
4.79645
4.65057
4.86696
4.7475
4.61582
4.5909
4.64695
4.85085
4.63412
4.71162
4.76493
4.57415
4.81492
4.56338
4.68488
4.48856
4.57745
4.74397
4.9697
4.74954
4.69968
4.60387
4.72902
4.65067
4.77787
4.67034
4.69173
4.86571
4.8674
4.65475
4.70344
4.8708
4.67239
4.77188
4.79218
4.74341
4.66804
4.73874
4.8029
4.74522
4.71439
4.67922
4.66263
4.70213
4.68556
4.65197
4.65351
4.6294
