3.52388
3.53315
3.5474
3.5388
3.56214
3.52111
3.54268
3.54616
3.56798
3.5274
3.55901
3.59011
3.59769
3.55888
3.56354
3.55076
3.60319
3.52221
3.60624
3.53696
3.56056
3.54382
3.547
3.5636
3.5515
3.56633
3.56651
3.56065
3.60128
3.56684
3.55516
3.65848
3.5664
3.53758
3.55797
3.54206
3.53772
3.5902
3.63124
3.62433
3.51583
3.51283
3.57097
3.63039
3.55619
3.54396
3.56483
3.58506
3.54159
3.54106
3.55696
3.57043
3.5385
3.56692
3.5704
3.50369
3.53076
3.55851
3.51446
3.55826
3.60918
3.49569
3.53804
3.52208
3.52975
3.5533
3.54742
3.55431
3.51865
3.60637
3.51019
3.55543
3.55063
3.60217
3.58705
3.61232
3.62477
3.5592
3.59547
3.60261
3.55133
3.54122
3.5108
3.54288
3.57017
3.57882
3.5648
3.6034
3.54326
3.5303
3.55365
3.58678
3.55328
3.5432
3.56886
3.40504
3.49456
3.59825
3.53808
3.61327
3.5278
3.47215
3.57465
3.61213
3.61421
3.57731
3.57096
3.55142
3.5439
3.60273
3.54427
3.5376
3.5293
3.59843
3.56181
3.47496
3.58645
3.61778
3.54596
3.53588
3.52287
3.54435
3.56603
3.5748
3.57725
3.62744
3.57871
3.56593
3.62262
3.68673
3.57979
3.53572
3.57739
3.62085
3.64131
3.59259
3.58083
3.51892
3.61758
3.622
3.53636
3.55172
3.53758
3.53959
3.63573
3.56479
3.54718
3.53812
3.50904
3.55397
3.56065
3.54607
3.61595
3.54135
3.58321
3.53624
3.60756
3.53263
3.508
3.55139
3.57939
3.61637
3.54957
3.58557
3.57828
3.52603
3.58557
3.57934
3.62192
3.56505
3.498
3.60809
3.51573
3.47052
3.60897
3.50302
3.58733
3.5374
3.53023
3.57397
3.55769
3.47022
3.57028
3.57357
3.61982
3.56173
3.62466
3.5356
3.60192
3.55243
3.59341
3.5325
3.54669
3.52299
3.56297
3.56796
3.51712
3.58788
3.56505
3.54214
3.62774
3.55089
3.59514
3.52394
3.6051
3.62448
3.53692
3.59358
3.5601
3.54389
3.55537
3.61573
3.55682
3.6724
3.6099
3.60229
3.55319
3.59554
3.53312
3.64334
3.4426
3.62283
3.57036
3.50054
3.66325
3.54987
3.51618
3.53145
3.53883
3.53789
3.49194
3.55183
3.53608
3.54349
3.56037
3.42882
3.58036
3.58312
3.55659
3.54428
3.55193
3.54911
3.60519
3.51566
3.57997
3.52613
3.58244
3.5183
3.53357
3.52777
3.57486
3.5115
3.44393
3.47755
3.55318
3.62898
3.50845
3.54121
3.48301
3.57569
3.56271
3.52715
3.57314
3.49608
3.58415
3.65262
3.50321
3.63511
3.67203
3.54772
3.54534
3.60556
3.53889
3.47546
3.54586
3.44204
3.4707
3.56335
3.61228
3.52176
3.48611
3.67744
3.57761
3.51246
3.65549
3.5723
3.5535
3.58487
3.50233
3.55246
3.42968
3.52064
3.50121
3.50409
3.39774
3.53717
3.55346
3.54255
3.49885
3.57763
3.53835
3.42951
3.64184
3.46658
3.48781
3.5231
3.59509
3.5449
3.53145
3.57302
3.47981
3.6503
3.4615
3.51598
3.5067
3.56219
3.55397
3.44312
3.55557
3.49044
3.58121
3.47697
3.4964
3.46723
3.61679
3.52649
3.50423
3.55208
3.46396
3.57125
3.48736
3.54058
3.58259
3.61522
3.52861
3.54537
3.51098
3.63542
3.62834
3.5338
3.64572
3.56118
3.60073
3.6845
3.68444
3.51503
3.50837
3.51704
3.41906
3.54733
3.51535
3.46431
3.56602
3.60689
3.62346
3.55829
3.59681
3.58987
3.52439
3.55679
3.53524
3.51289
3.55757
3.48305
3.50781
3.53697
3.57215
3.59416
3.59701
3.53008
3.46585
3.53615
3.65541
3.50524
3.55757
3.52393
3.52593
3.66643
3.59686
3.53009
3.60942
3.57694
3.58368
3.53529
3.51226
3.49742
3.59736
3.60095
3.58622
3.5869
3.53812
3.52265
3.51597
3.56488
3.54552
3.60455
3.55097
3.56056
3.53149
3.55052
