4.76201
4.73762
4.70322
4.64713
4.65049
4.68718
4.58623
4.61708
4.59838
4.5649
4.58589
4.63174
4.56336
4.6191
4.61612
4.57131
4.57976
4.56966
4.71947
4.52148
4.60148
4.60087
4.59748
4.62961
4.57066
4.49864
4.75764
4.47196
4.46947
4.48467
4.58403
4.6
4.5966
4.54789
4.51361
4.58088
4.47345
4.64246
4.62363
4.6003
4.5472
4.60804
4.69364
4.55283
4.56404
4.39514
4.52846
4.59736
4.47008
4.68304
4.58357
4.62192
4.57168
4.52817
4.44407
4.5399
4.61986
4.50903
4.56509
4.62454
4.60417
4.59941
4.3704
4.69939
4.5443
4.70294
4.5553
4.65225
4.56557
4.38158
4.5763
4.4
4.66309
4.51396
4.45913
4.57821
4.80553
4.65859
4.63231
4.70535
4.57965
4.43403
4.4751
4.59056
4.61832
4.83244
4.49332
4.63484
4.56509
4.50753
4.51341
4.7145
4.44314
4.46094
4.73989
4.58275
4.89913
4.68941
4.80172
4.59966
4.51792
4.66402
4.66719
4.54886
4.52038
4.63497
4.55042
4.6701
4.82642
4.76174
4.51945
4.57539
4.74771
4.5886
4.65662
4.48105
4.66394
4.51651
4.73218
4.47049
4.48738
4.57231
4.44658
4.41786
4.64775
4.67751
4.35525
4.63058
4.40564
4.55342
4.58902
4.58378
4.58046
4.64486
4.39115
4.62066
4.59684
4.64625
4.74521
4.6373
4.75839
4.79766
4.87029
4.77874
4.72581
4.43885
4.51887
4.69773
4.64212
4.76484
4.6196
4.81908
4.55284
4.69908
4.5938
4.56003
4.59679
4.51003
4.81316
4.87201
4.77583
4.58245
4.66953
4.77945
4.65221
4.48541
4.62687
4.64356
4.76957
4.58102
4.55103
4.73951
4.75784
4.83387
4.54997
4.53542
4.58902
4.71795
4.59398
4.67105
4.56001
4.50347
4.61841
4.55757
4.83187
4.59348
4.52335
4.66515
4.6784
4.62152
4.76343
4.53988
4.68663
4.48684
4.64866
4.51872
4.54247
4.64647
4.60776
4.50756
4.5456
4.71589
4.58054
4.5172
4.86083
4.73787
4.62022
4.75593
4.60048
4.79531
4.71807
4.60345
4.53115
4.51536
4.50472
4.65486
4.69554
4.58124
4.63949
4.58627
4.70876
4.78571
4.49571
4.51225
5.00127
4.91576
4.83271
4.67632
4.6794
4.61299
4.46392
4.75493
4.77269
4.44124
4.45561
4.39713
4.48148
4.60741
4.51193
4.78013
4.76847
4.85793
4.5498
4.70117
4.70149
4.44579
4.55933
4.66962
4.80723
4.7318
4.49109
4.52715
4.56087
4.78251
4.63441
4.70008
4.61735
4.72193
4.47684
4.46911
4.77201
4.74635
4.59822
4.73166
4.53641
4.97722
4.50669
4.61266
4.60983
4.6103
4.43668
4.62727
4.89785
4.51342
4.409
4.78063
4.5103
4.71524
4.70839
4.50934
4.78021
4.51943
4.4121
4.85128
4.72294
4.4332
4.68942
4.52853
4.53203
4.64771
4.55533
4.49268
4.52566
4.61345
4.77404
4.49421
4.47911
4.52872
4.39922
4.61711
5.00944
4.66529
4.59848
4.52186
4.83971
4.5804
4.65342
4.65821
4.64097
4.72419
4.63862
4.63296
4.59769
4.53631
4.50365
4.55397
4.63239
4.59522
4.7189
4.55017
4.66292
4.4692
4.63584
4.53109
4.54315
4.76788
4.54803
4.55689
4.7373
4.5394
4.51071
4.51778
4.41963
4.6749
4.60839
4.64782
4.60311
4.60111
4.70555
4.70048
4.64926
4.6957
4.71205
4.6892
4.54655
4.7418
4.65633
4.5991
4.64687
4.54859
4.52264
4.68497
4.69041
4.75653
4.62057
4.54176
4.65434
4.83315
4.44459
4.65296
4.62397
4.75689
4.59688
4.63201
4.44265
4.70201
4.71445
4.77145
4.6841
4.75407
4.76499
4.5766
4.62432
4.69364
4.78175
4.51001
4.62856
4.72995
4.65929
4.63574
4.59411
4.62607
4.58516
4.4897
4.52238
4.5448
4.69001
4.60335
4.66169
4.58308
4.58659
4.59989
4.60316
4.59151
4.56406
4.5605
4.62803
4.62834
4.65312
4.67921
