4.66881
4.70975
4.70665
4.67892
4.6404
4.6885
4.70979
4.68828
4.7659
4.78165
4.64064
4.76178
4.65917
4.64609
4.74314
4.78101
4.73067
4.69366
4.6894
4.62805
4.7393
4.74181
4.69911
4.72016
4.63853
4.64306
4.70668
4.61297
4.58014
4.60114
4.61868
4.53384
4.68739
4.72896
4.70763
4.69773
4.80601
4.6835
4.70788
4.6301
4.71935
4.71089
4.64944
4.59512
4.67326
4.44152
4.66378
4.67598
4.68582
4.54506
4.70999
4.6091
4.73263
4.92056
4.73617
4.38059
4.65666
4.59686
4.70775
4.55761
4.55955
4.72461
4.61749
4.74674
4.5861
4.59605
4.74844
4.83196
4.53987
4.6305
4.58231
4.49523
4.54639
4.56894
4.60969
4.52065
4.57849
4.58826
4.85942
4.72242
4.60535
4.41727
4.66432
4.65615
4.44858
4.71819
4.6803
4.48488
4.58303
4.50057
4.66752
4.61909
4.70275
4.50655
4.65485
4.76312
4.46117
4.89907
4.59754
4.98058
4.72023
4.55599
4.82
4.8063
4.42154
4.79142
4.4025
4.77111
4.71042
4.93985
4.45571
4.53461
4.6756
4.41016
4.81548
4.78354
4.43076
4.91065
4.73566
4.65516
4.5451
4.8411
4.64443
4.55496
4.83808
4.72744
4.62777
4.58276
4.65174
4.41534
4.5801
4.63142
4.829
4.71955
4.68697
4.74289
4.70405
4.59658
4.61827
4.5843
4.76444
4.609
5.01785
4.83745
4.75564
4.58429
4.76557
4.43423
4.64112
4.63953
4.67608
4.69308
4.62408
4.57323
4.42027
4.58046
4.38131
4.60912
4.74996
4.65434
4.45429
4.46241
4.62712
4.86829
4.6905
4.55697
4.77268
4.81241
4.54503
4.59342
4.55457
4.75
4.53926
4.54206
4.95644
4.64819
4.43996
4.45242
4.61796
4.59879
4.75253
4.51387
4.6768
4.75711
4.71135
4.85842
4.58908
4.61049
4.76732
4.60479
4.7701
4.69721
4.49202
4.57766
4.61745
4.43057
4.66847
4.66551
4.48409
4.66638
4.60762
4.64883
4.77587
4.7163
4.57723
4.46865
4.50332
4.61424
4.57731
4.73226
4.72038
4.65164
4.59013
4.61573
4.49285
4.47055
4.57584
4.60917
4.82775
4.79395
4.72509
4.60211
4.86794
4.5932
4.69367
4.7148
4.76216
4.60349
4.44409
4.73523
4.67007
4.68538
4.62912
4.49066
4.51315
4.66643
4.61955
4.71709
4.71301
4.4333
4.62197
4.30202
4.67452
4.63439
4.47729
4.72705
4.96233
4.72342
4.64314
4.94413
4.59731
4.68736
4.77401
4.80942
4.62699
4.61219
4.66565
4.55885
4.80087
5.06926
4.5867
4.57124
4.57513
4.63999
4.67688
4.74038
4.88215
4.49292
4.73763
4.61087
4.5043
4.57049
4.48133
4.54896
4.65814
4.61807
4.87519
4.60555
4.75037
4.58737
4.48362
4.49102
4.4562
4.54632
4.50172
4.56629
4.70018
4.55368
4.81735
4.5184
4.70747
4.84977
4.36577
4.70516
4.56222
4.41998
4.83349
4.52214
4.55508
4.55886
4.55754
4.50615
4.56774
4.51323
4.5965
4.53536
4.72156
4.68456
4.73832
4.72752
4.88243
4.57764
4.43005
4.79624
4.67852
4.56393
4.59228
4.70102
4.66212
4.73357
4.66259
4.52899
4.4704
4.60683
4.74844
4.71451
4.70418
4.6572
4.63357
4.30389
4.48274
4.53774
4.62158
4.68346
4.65258
4.48801
4.62914
4.82428
4.74978
4.83739
4.71357
4.53606
4.41579
4.8687
4.60544
4.68364
4.74099
4.74175
4.73813
4.65481
4.651
4.80856
4.82415
4.54739
4.66896
4.71679
4.5599
4.4906
4.63115
4.43247
4.66259
4.81362
4.71379
4.74373
4.63475
4.72843
4.81018
4.70013
4.60342
4.69444
4.64818
4.83782
4.61273
4.63825
4.61082
4.63128
4.74723
4.85
4.73868
4.76278
4.66451
4.70248
4.73447
4.75649
4.63877
4.71824
4.81057
4.64822
4.70638
4.77998
4.66624
4.7156
4.58011
4.72684
4.6525
4.65475
4.65928
4.57656
4.62735
4.60618
