4.64798
4.68908
4.65567
4.64137
4.67808
4.68985
4.6901
4.7145
4.72431
4.64964
4.84481
4.70255
4.73566
4.61472
4.74873
4.63835
4.8106
4.733
4.9554
4.7735
4.60424
4.55471
4.86158
4.70586
4.72678
4.75849
4.53497
4.69009
4.72417
4.77732
4.91706
4.58327
4.71462
4.74083
4.8189
4.73549
4.59364
4.62715
4.68156
4.56118
4.77579
4.72306
4.67987
4.6154
4.61813
4.7236
4.77869
4.97064
4.71708
4.84303
4.45802
4.84155
4.69736
4.8812
4.65753
4.64095
4.46506
4.77988
4.69893
4.67721
4.7238
4.61394
4.95333
4.6745
4.62163
4.71842
4.52668
4.78749
4.58382
4.45592
4.409
4.90772
4.5806
4.51506
4.80499
4.72037
4.69497
4.62777
4.67059
4.74754
4.75777
4.59141
4.49181
4.77047
4.92166
4.79764
4.75934
4.56068
4.73057
4.78123
4.73526
4.70937
4.8242
4.61955
4.88418
4.58573
4.6419
4.57939
4.90054
5.02232
4.75476
4.88253
4.72618
4.8553
4.63487
4.93992
5.20481
4.91077
4.71304
4.55947
4.75177
4.8455
4.68603
4.642
4.58097
4.60279
4.47885
4.7225
4.65663
4.60549
4.5932
4.83664
4.66345
4.72007
4.93629
4.70159
4.58785
4.64708
4.98662
4.71746
4.62604
4.88099
4.55942
4.80994
4.76409
4.75898
4.61752
4.78545
4.53971
4.51277
4.53129
4.71661
4.68724
4.64195
4.73192
4.55003
4.84838
4.73981
4.60606
4.64653
4.62783
4.81103
4.55422
4.66829
4.43749
4.95568
4.68961
4.72685
4.67098
4.90565
4.71991
4.61213
4.71502
4.63402
4.7425
4.78897
4.75669
4.61547
4.72645
4.59182
4.73465
4.68717
4.73247
4.67958
4.61018
4.84317
4.60545
4.70513
4.57496
4.64408
4.71505
4.69148
4.90719
4.55645
4.6979
4.89129
4.59716
4.7337
4.75921
4.81277
4.55888
4.69128
4.74092
4.6568
4.82391
4.7759
4.71938
4.82078
4.66147
4.68389
4.58402
4.7801
4.74585
4.64418
4.54319
4.8489
4.5721
4.58122
4.60623
4.69484
4.63883
4.76596
4.5698
4.78198
4.58799
4.60989
4.50907
4.71494
4.69466
4.50225
4.47862
4.71652
4.81453
4.79613
4.8437
4.79944
4.45237
4.54244
4.56671
4.78875
4.8029
4.8035
4.62295
4.57054
4.61771
4.65907
4.8244
4.38045
4.81485
4.55917
4.64641
4.84305
4.82839
4.63758
4.63909
4.37398
4.62118
4.71936
4.68234
4.6667
4.93989
4.5169
4.72733
4.89227
4.49884
4.58155
4.51666
4.79509
4.50307
4.58214
4.65095
4.43311
4.59778
4.7829
4.86797
4.61059
4.8383
4.67893
4.78668
4.39369
4.41629
4.58641
4.90039
4.69108
4.82575
4.59204
4.53767
4.56368
4.79292
4.78057
4.52446
4.72535
4.80459
4.46732
4.64155
4.62739
4.64917
4.48158
4.66668
4.50835
4.41753
4.71421
5.07951
4.46313
4.89907
4.77616
4.43747
4.80399
4.42746
4.89757
4.53778
4.8843
4.75366
4.87281
4.59483
4.88673
4.29742
4.65101
4.76788
4.63408
4.69606
4.83114
4.49142
4.60322
4.64852
4.90319
4.71568
4.56945
4.52504
4.50518
4.6292
4.64467
4.47802
4.84915
4.67242
4.49086
4.77828
4.57704
4.67971
4.61773
4.97935
4.56641
4.7737
4.69454
4.80164
4.55174
4.7893
4.60611
4.53274
4.51986
4.92667
4.74381
4.5954
4.92877
4.58328
4.63795
4.64918
4.51724
4.57861
4.71412
4.62075
4.69144
4.58829
4.68724
4.74737
4.75217
4.80539
4.62278
4.86417
5.08344
4.62412
4.68887
4.65438
4.67003
4.71956
4.90811
4.57229
4.71481
4.71568
4.85642
4.61857
4.65188
4.63865
4.72975
4.70298
4.69783
4.72183
4.63373
4.66485
4.87697
4.84154
4.67678
4.59521
4.77374
4.64412
4.73171
4.67978
4.66891
4.76141
4.81759
4.67271
4.7361
4.74197
4.68233
4.72545
4.65757
4.70214
4.68809
4.65989
4.58804
