4.68473
4.71005
4.68288
4.70998
4.75522
4.75015
4.71119
4.70846
4.81984
4.8451
4.81024
4.65673
4.74479
4.68363
4.95956
4.65825
4.67212
4.69019
4.83809
4.86173
4.79602
4.87404
4.81819
4.68966
4.91208
4.76522
4.75457
4.78236
4.85035
4.67772
4.78172
4.72607
4.66834
4.77453
4.61138
4.78657
4.70647
4.61878
4.79964
4.69972
4.86777
4.73903
4.52619
4.63409
4.7023
4.63142
4.78505
4.65177
4.81797
4.8923
4.63984
4.62489
4.74831
4.79492
4.73969
4.72957
4.86681
4.66666
4.54643
4.99754
4.84482
4.82171
4.67267
4.884
4.79776
4.49278
4.72562
4.76821
4.64323
4.58655
4.73067
4.62516
4.7995
4.69823
4.76706
4.71505
4.89153
4.67438
4.54736
4.99654
4.50457
4.53234
4.53777
4.70372
4.90824
4.72473
4.63788
4.62564
4.76792
4.57666
4.7359
4.64325
4.71514
4.75102
4.67596
4.74147
4.56793
4.68171
4.68767
4.94829
4.66892
4.49489
4.59834
4.6375
4.65036
4.95889
4.57003
4.70727
4.6701
4.62258
4.70631
4.73542
4.76397
4.90245
4.67952
4.84845
4.75659
4.94458
4.6958
4.62241
4.75813
4.84208
4.70152
4.68291
4.64546
4.59173
4.7342
4.8836
4.82537
4.85621
4.60541
4.7
4.88974
4.68006
4.8047
4.71182
4.65876
4.75208
4.69011
4.89431
4.60758
4.75859
4.71904
4.70352
4.56175
4.73593
4.74117
4.75412
4.7814
4.79837
4.65084
4.81647
4.55911
4.63608
4.85074
4.76739
4.91724
4.65309
4.72493
4.66781
4.90216
4.734
4.80012
4.93003
4.68509
4.77791
5.05912
4.61742
4.49817
4.74936
4.62101
4.6666
4.54061
4.91943
4.64602
4.59831
4.85196
4.76782
4.75119
4.8444
4.69925
4.69128
4.94165
4.9452
4.59694
4.89187
4.86799
4.69255
4.75178
4.89393
4.74345
4.76049
4.64784
4.82829
4.65871
4.61126
4.74745
4.75254
4.58337
4.43466
4.64055
4.77628
4.62505
4.61183
4.63151
4.71625
4.65255
4.67743
4.62962
4.62847
4.89683
4.66864
4.82861
4.74571
4.59208
4.57727
4.61724
4.7804
4.75051
4.67369
4.98919
4.60372
4.5051
4.59401
4.71242
4.70274
4.64859
4.45468
4.76295
4.78728
4.59634
4.71263
4.82758
4.73455
4.58908
4.73611
4.60771
4.75799
4.72918
4.47657
4.68548
4.71979
4.68651
4.61521
4.55835
4.53626
4.72069
4.70962
4.66945
4.80236
4.63699
4.62006
4.78712
5.00365
4.62926
4.71474
4.84932
4.64478
4.4794
5.00473
4.65482
4.50765
4.76488
4.99613
4.52507
4.57803
4.70558
4.73915
4.9318
4.85186
4.63399
4.43577
4.6042
4.8185
4.65664
4.73424
4.76546
4.51293
4.56082
4.66517
4.82329
4.70233
4.57986
4.70514
4.69328
4.57938
4.54623
4.6874
4.78756
4.52115
4.57118
4.54174
4.42204
4.68917
4.71977
4.68945
4.62869
4.60351
4.54073
4.6272
4.78214
4.905
4.66461
4.73511
4.56928
4.70172
4.7011
4.50273
4.60412
4.66028
4.58716
4.805
4.57988
4.59533
4.68239
4.54243
4.80258
4.63125
4.87293
4.73304
4.93356
4.46962
4.56312
4.78941
4.51637
4.65475
4.99062
4.49762
4.69046
4.63125
4.58577
4.46462
4.6754
4.67991
4.53841
4.69626
4.67337
4.59314
4.79821
4.59679
4.70448
4.67703
4.7916
4.67998
4.71809
4.58536
4.79821
4.66417
4.5326
4.63593
4.90205
4.57848
4.7012
4.70321
4.6447
4.74985
4.70025
4.65391
4.73029
4.76493
4.5186
4.62613
4.69958
4.79784
4.70921
4.63437
4.84294
4.76598
4.4697
4.47725
4.77029
4.60855
4.84196
4.72163
4.58101
4.45982
4.68595
4.60568
4.68119
4.68917
4.57326
4.59067
4.60071
4.62094
4.62209
4.6152
4.58492
4.47451
4.64616
4.63461
4.69447
4.5785
4.57446
4.57501
4.60017
4.52854
4.51721
4.52656
4.57275
4.64332
