4.6703
4.64961
4.66579
4.71282
4.66132
4.68912
4.644
4.68891
4.67934
4.74597
4.56527
4.6986
4.71549
4.76721
4.64165
4.52174
4.55923
4.73552
4.79081
4.76512
4.72064
4.65522
4.71345
4.6076
4.71872
4.73593
4.54932
4.61168
4.51836
4.73803
4.56242
4.72735
4.80939
4.63432
4.68556
4.71672
4.67985
4.60224
4.70221
4.61515
4.65127
4.61549
4.70769
4.64329
4.77397
4.69371
4.56611
4.59615
4.6147
4.50666
4.93331
4.46032
4.63178
4.96846
4.69538
4.56171
4.6717
4.5926
4.62808
4.7276
4.51314
4.86563
4.5748
4.55201
4.55662
4.77733
4.54518
4.72217
4.60577
4.66128
4.67746
4.64459
4.80518
4.66151
4.51651
4.6227
4.41555
4.93391
4.53224
4.77387
4.79008
4.66984
4.63082
4.56227
4.546
4.66982
4.61949
4.74557
4.58051
4.60014
4.85001
4.57039
4.73074
4.67754
4.65931
4.68415
4.69492
4.73027
4.66109
4.6624
4.69903
4.53337
4.65948
4.67862
4.63012
4.46845
4.71874
4.68168
4.92724
4.59658
4.67882
4.77398
4.9279
4.48304
4.59921
4.69907
4.56533
4.54854
4.54134
4.67063
4.53087
4.54117
4.70779
4.63924
4.58897
4.59863
4.52498
4.72199
4.47419
4.68216
4.65118
4.73042
4.73936
4.80501
4.87033
4.57739
4.43726
4.69591
4.89621
4.62461
4.65469
4.50443
4.62396
4.51727
4.99363
4.83881
4.79224
4.82427
4.83112
4.49267
4.84492
4.6495
4.70666
4.54652
4.45589
4.74241
4.78446
4.47808
4.60599
4.57882
4.92122
4.55627
4.78
4.52754
4.66949
4.70819
4.63093
4.65199
4.56522
4.68385
4.57545
4.82176
4.47005
4.57789
4.64803
4.76502
4.73961
4.54059
4.66019
4.6456
4.70178
4.58599
4.67376
4.6787
4.57329
4.46956
4.62698
4.76455
4.74308
4.75011
4.71038
4.69038
4.60857
4.83977
4.63807
4.63921
4.81124
4.70245
4.59413
4.60667
4.67884
4.66688
4.73003
4.57012
4.53714
4.62111
4.56949
4.74556
4.7065
4.71078
4.60666
4.78671
4.63337
4.69367
4.53108
4.52594
4.67449
4.71835
4.65138
4.76156
4.69934
4.64228
4.6827
4.61502
4.67482
4.72809
4.67232
4.62381
4.61221
4.6378
4.62017
4.66963
4.72446
4.46961
4.77998
4.60146
4.81357
4.7576
4.63053
4.64352
4.79899
4.8187
4.87556
4.5648
4.57061
4.81967
4.58877
5.06521
4.68907
4.82668
4.54094
4.41257
4.59877
4.74627
4.65769
4.42923
4.83302
4.53508
4.4425
4.73514
4.465
4.58795
4.64503
4.59881
4.62157
4.88434
4.70266
4.64822
4.54289
4.83154
4.79019
4.53481
4.79806
4.85535
4.74121
4.60351
4.61671
4.8081
4.57172
4.85026
4.76434
4.51696
4.57952
4.48947
4.53243
4.70343
4.58482
4.70937
4.87386
4.466
4.62805
4.75038
4.7847
4.75698
4.59253
4.33661
4.54522
4.92458
4.74109
4.62072
4.4738
4.50201
4.49553
4.68956
4.78084
4.61717
4.46413
4.56013
4.63612
4.69251
4.62621
4.8002
4.44944
4.69089
4.48498
4.67374
4.7145
4.60656
4.47058
4.89088
4.65892
4.78463
4.71728
4.63145
4.58204
4.55034
4.79599
4.65368
4.7967
4.79242
4.45133
4.83338
4.67039
4.75778
4.74052
4.76338
4.76775
4.72626
4.66135
5.03065
4.70103
4.82843
4.73186
4.62496
4.62694
4.74721
4.57452
4.62224
4.73551
4.57468
4.72091
4.63153
4.82456
4.71934
4.58357
4.56835
4.63215
4.79626
4.59118
4.68567
4.60002
4.6005
4.57942
4.81799
4.73179
4.72902
4.6238
4.77777
4.82198
4.76988
4.63619
4.68504
4.69135
4.74802
4.66078
4.69789
4.91818
4.54888
4.80863
4.62786
4.67555
4.63418
4.65037
4.73248
4.58269
4.75182
4.73601
4.73545
4.68641
4.87994
4.67667
4.65876
4.70788
4.65552
4.73054
4.71133
4.74665
4.70057
4.61303
4.67229
