4.70448
4.68105
4.70722
4.66468
4.74973
4.75921
4.63745
4.70722
4.65319
4.65089
4.75524
4.65395
4.73876
4.75501
4.76045
4.77293
4.68818
4.78561
4.74093
4.67125
4.70798
4.86462
4.69567
4.64598
4.69624
4.7056
4.61854
4.78915
4.69448
4.77457
4.74621
4.81917
4.8014
4.76732
4.75203
4.5753
4.83981
4.60932
4.61334
4.5954
4.79557
4.63895
4.54466
4.77945
4.57373
4.54497
4.82948
4.77929
4.89349
4.61566
4.64341
4.6474
4.62937
4.8522
4.7909
4.67672
4.69131
4.79508
4.89647
4.65285
4.88065
4.86824
4.5939
4.74593
4.93315
4.64831
4.84792
4.80992
4.53352
4.53445
4.82541
4.82116
4.65257
4.83109
4.61555
5.01691
4.51868
4.76772
4.47031
4.68383
4.85084
4.67368
4.78406
4.6235
4.80395
4.56894
4.97266
4.83049
4.5381
4.70175
4.52972
4.72249
4.56529
4.77653
4.68938
4.91433
4.69009
4.56489
4.62799
4.96719
4.52123
4.61702
4.60409
4.72388
4.60722
4.99443
4.87775
4.77453
4.79488
4.88186
4.73184
4.79804
4.52391
4.61145
4.7096
4.78448
4.67288
4.60791
4.51111
4.61617
4.7925
4.89128
4.78203
4.66833
4.52617
4.70076
4.59395
4.70907
4.65123
4.76798
4.48272
4.61115
4.87751
4.68546
4.78454
4.85129
4.73795
4.7848
4.73691
4.50388
4.68368
4.74388
4.39663
4.46626
4.77723
4.85338
4.6146
4.80651
4.48476
4.5531
4.88118
4.55005
4.62542
4.49887
4.55442
5.24011
4.66727
4.64106
4.84027
4.69747
4.6233
4.74571
4.55886
4.73764
4.87488
4.74092
5.11464
4.59524
4.64943
4.64358
4.60718
4.916
4.98924
4.52145
4.88257
4.67815
4.68923
4.80231
4.73742
4.86441
4.6076
4.80572
4.67503
4.68548
4.73287
4.73143
4.66568
4.65345
4.5498
4.69791
4.80593
4.72759
4.66874
4.76499
4.75227
4.78539
4.71417
4.70463
4.7175
4.84934
4.68647
4.59888
4.74661
4.79167
4.67174
4.51097
4.68422
4.77685
4.56424
4.86483
4.61852
4.83448
4.71761
4.68879
4.58271
4.4492
4.59589
4.53642
4.93114
4.67351
4.70416
4.7435
4.69373
4.55942
4.9161
4.55587
4.94547
4.70184
4.71699
4.57077
4.59765
4.61867
4.6738
4.67985
4.83188
4.92862
4.79536
4.61979
4.85093
4.8223
4.93024
4.70091
4.53726
4.83
4.61174
4.50724
4.77575
4.63273
4.70452
4.72615
4.7642
4.62105
4.60534
4.49772
4.7328
4.65512
4.56978
4.81571
4.90639
4.59437
4.66333
4.80258
4.69134
4.64342
4.79583
4.81331
4.93281
4.5934
4.65543
4.87549
4.63576
4.57911
4.81319
4.73369
4.77673
4.65683
4.6334
4.95821
4.63836
4.5248
4.67233
4.46052
4.85632
4.63671
4.8524
4.78542
4.94152
4.72217
4.74957
4.75687
4.633
4.71806
4.84228
4.68331
4.8308
5.03051
4.70193
4.5284
4.71285
4.88753
4.51851
4.69346
4.91298
4.65068
4.54193
4.80749
4.51734
4.76814
4.81214
4.81325
4.83186
4.7063
4.59572
4.58912
4.37815
5.08592
4.70215
4.85669
4.51666
4.58438
4.75604
4.88444
4.69539
4.79052
4.68035
4.75405
4.91977
4.67144
4.59488
4.5685
4.83148
4.70161
4.74249
4.69562
4.95098
5.08709
4.82493
4.97323
4.75934
4.82299
4.51812
4.67406
5.01128
4.49735
4.57354
4.80229
4.79913
4.8421
4.64968
4.48336
4.53401
4.75904
5.04371
4.76557
4.57113
4.67658
4.8163
4.71742
4.79677
4.58022
4.71562
4.8347
4.85201
4.97772
4.79632
4.68511
4.59203
4.74501
4.71656
4.81287
4.89832
4.82391
4.84759
4.80343
4.71169
4.64524
4.61514
4.64719
4.63046
4.7363
4.68512
4.77873
4.63332
4.70308
4.66097
4.7635
4.66416
4.74171
4.59191
4.75668
4.63673
4.72413
4.65208
4.59706
4.60885
4.58175
4.61326
4.64472
4.6582
4.68152
