4.67302
4.70138
4.67623
4.8024
4.75612
4.76824
4.81737
4.80056
4.88289
4.76727
4.79607
4.81762
4.76581
4.56948
4.78513
4.81334
4.7061
4.82265
4.69228
4.66086
4.84829
4.77272
4.63556
4.85487
5.00355
4.71687
4.94803
4.85601
4.68306
4.81562
4.93147
4.75063
4.73614
4.81947
4.95857
4.70926
4.60023
4.70164
4.83614
4.82502
4.77088
5.02028
4.83163
5.03456
4.90367
5.03022
4.64738
4.81119
4.75098
4.6634
4.79345
4.68323
4.88691
4.65642
4.79879
5.00018
4.64108
4.76599
4.81668
4.86039
4.66445
4.469
4.58896
4.74452
4.60339
4.90919
4.73099
4.59442
4.91561
4.71054
4.64078
4.80151
4.92799
5.15188
4.85076
4.94787
4.90071
4.62639
4.63756
4.79293
4.70927
4.76922
4.77706
4.63377
4.79691
5.12205
4.93931
4.60135
4.4883
4.63039
4.86268
4.54163
4.65455
4.92565
4.79072
4.88807
4.97956
4.69657
4.89985
4.69752
4.71371
4.74023
4.58688
4.69364
4.83811
4.73715
4.7499
4.61182
4.69797
4.62433
4.54727
5.01902
4.6656
4.5736
4.90643
4.67691
5.03296
4.75648
4.70946
4.68188
4.8061
4.76227
4.56728
4.75592
4.61847
4.77074
5.22889
4.92364
4.80547
4.84141
4.68644
4.84905
4.82677
5.15732
4.90033
4.84571
4.68621
4.80892
4.89784
4.79417
4.85741
4.48245
4.59509
5.01879
4.83617
5.00059
4.78363
4.72975
4.71635
4.71957
4.60878
4.82739
5.01849
4.7087
4.78199
4.9451
4.78303
4.86479
4.87147
4.66291
4.50103
4.90369
4.71917
4.63048
4.70389
4.72226
4.67192
4.7624
4.89858
4.85956
4.58499
4.53386
4.83107
4.58264
5.04294
4.75381
4.80564
4.92623
4.82234
4.77503
4.88713
4.6961
4.9869
4.70507
4.63162
4.74416
4.77969
4.84551
4.77674
5.0078
4.74909
4.71918
4.74703
4.56042
4.71225
4.57224
4.71746
4.73205
4.72605
4.77095
4.68759
4.84965
4.67659
4.74787
4.65152
4.66379
4.75575
4.74435
4.8375
4.78915
4.62089
4.80586
4.69725
4.65387
4.7782
4.65572
4.98226
4.65659
4.75373
4.71249
4.67626
4.76583
5.01178
4.73275
4.60733
4.61941
4.60394
4.70738
4.85713
4.85461
4.64067
4.78277
4.82003
4.79991
4.73177
4.71895
4.73401
4.9039
4.78338
4.74835
4.69496
4.9288
4.71626
4.54983
4.45875
4.78345
4.55251
4.79252
4.61345
4.79656
4.66387
4.50516
4.79547
4.52837
4.82933
4.77752
4.54614
4.62717
4.72844
5.21238
4.74328
4.53101
4.58198
4.73649
4.68644
4.76041
4.89948
4.60826
4.69827
4.56406
4.64746
4.70904
4.93997
4.82371
4.90329
4.67826
4.71065
4.72867
4.88518
4.62673
4.81748
4.50924
4.86448
4.74919
4.75701
4.68963
4.76541
4.52165
4.79408
4.81087
4.62458
4.95495
4.56875
4.96654
5.05863
4.8246
4.92196
4.72498
4.71058
4.74033
4.82052
5.01521
4.92989
4.63493
4.6993
4.54197
4.87704
4.70979
4.66986
4.67543
4.68114
4.90461
4.63473
4.84069
4.44463
4.63842
4.7981
4.87755
4.6622
4.66085
4.71703
4.6783
4.60217
4.92447
4.83731
4.63549
5.31172
5.02015
4.69237
4.59845
4.90771
4.67596
4.75044
4.78833
4.6689
4.71185
4.94427
4.94549
4.48452
4.96202
4.94851
4.80348
4.82098
4.79537
4.70234
5.03757
4.61653
4.79295
4.91235
4.63292
4.75393
4.58902
4.77522
4.81816
4.67976
4.79395
4.59981
4.77446
4.65418
4.76757
4.90971
4.72154
4.81386
4.9398
4.73747
4.79966
4.73687
4.96819
4.8949
4.76239
4.77166
4.73312
4.79399
4.99669
4.72704
4.82505
4.59871
4.82018
4.92136
4.73535
4.70542
4.68716
4.92038
4.53369
4.73397
4.60635
4.75271
4.72582
4.68478
4.63048
4.53742
4.58411
4.70061
4.64772
4.66018
4.62169
4.61865
4.53935
4.56808
4.66942
