3.50761
3.52943
3.54114
3.57222
3.56838
3.57134
3.59441
3.57645
3.59735
3.61839
3.58755
3.61144
3.62258
3.59086
3.60498
3.5869
3.57123
3.64018
3.5795
3.56726
3.61066
3.59332
3.61686
3.5795
3.6224
3.62045
3.60259
3.61064
3.56896
3.59915
3.57901
3.59036
3.56559
3.55605
3.63671
3.58259
3.57546
3.59624
3.55841
3.55132
3.58031
3.58729
3.5167
3.55281
3.49258
3.58611
3.58793
3.57846
3.56553
3.52303
3.53676
3.49242
3.54176
3.51164
3.54309
3.49159
3.52591
3.58464
3.54283
3.60464
3.52251
3.4991
3.53163
3.55256
3.50676
3.55975
3.56739
3.53178
3.54811
3.61861
3.50489
3.4871
3.54751
3.52277
3.5534
3.49355
3.55846
3.65828
3.57784
3.58442
3.49054
3.56649
3.5035
3.56824
3.54457
3.61794
3.51982
3.53879
3.5068
3.59481
3.52695
3.5726
3.55588
3.55604
3.56235
3.53201
3.57309
3.62071
3.55622
3.58067
3.44596
3.49719
3.53927
3.60351
3.5712
3.63108
3.53478
3.5685
3.65201
3.54968
3.55994
3.53629
3.53199
3.59466
3.61392
3.55715
3.48063
3.5721
3.55336
3.60989
3.62114
3.56331
3.52738
3.62047
3.61651
3.58854
3.54401
3.59751
3.58734
3.55177
3.52705
3.67696
3.54123
3.47906
3.60142
3.56571
3.56483
3.60433
3.64592
3.5738
3.57344
3.55953
3.55149
3.63416
3.55256
3.52931
3.60284
3.59192
3.64123
3.60553
3.61271
3.58402
3.58133
3.61084
3.65337
3.54353
3.5267
3.60935
3.59572
3.5909
3.56087
3.66023
3.55923
3.50686
3.50694
3.56769
3.57306
3.58375
3.52049
3.52159
3.56279
3.5495
3.61168
3.60947
3.52767
3.58032
3.64372
3.51999
3.56968
3.49651
3.51136
3.61134
3.59723
3.51579
3.69251
3.6589
3.6126
3.52813
3.54777
3.58982
3.58941
3.55357
3.6184
3.58495
3.58092
3.51339
3.59474
3.58053
3.59059
3.59034
3.57684
3.51461
3.53804
3.57348
3.63441
3.55649
3.50234
3.63304
3.5246
3.55358
3.55312
3.52976
3.53141
3.55522
3.61228
3.53166
3.58577
3.50225
3.66273
3.5401
3.60857
3.59094
3.5497
3.61155
3.474
3.49665
3.57342
3.53475
3.4723
3.56463
3.6101
3.57107
3.60792
3.52238
3.49923
3.58266
3.6069
3.58773
3.5261
3.51106
3.53812
3.63947
3.46873
3.53704
3.4913
3.55518
3.48383
3.6187
3.4815
3.578
3.49029
3.53673
3.51782
3.58587
3.47303
3.54043
3.53824
3.57535
3.5161
3.50367
3.47288
3.53528
3.54995
3.56073
3.55027
3.56338
3.50361
3.51063
3.49474
3.45591
3.61502
3.5783
3.55707
3.62365
3.46633
3.51537
3.58841
3.54983
3.5827
3.49251
3.61579
3.55747
3.52077
3.5199
3.44519
3.57374
3.47387
3.69809
3.48431
3.55666
3.55851
3.60499
3.48733
3.55965
3.54356
3.6363
3.58145
3.50256
3.62363
3.55209
3.59915
3.55572
3.48391
3.53263
3.51769
3.40245
3.52933
3.5202
3.4971
3.54256
3.4723
3.64967
3.60485
3.61152
3.50906
3.57596
3.58881
3.57504
3.60783
3.53204
3.48857
3.63069
3.50747
3.51942
3.59181
3.59664
3.54334
3.56236
3.62025
3.51807
3.6617
3.49068
3.53137
3.61767
3.53908
3.50544
3.58459
3.53943
3.66453
3.57527
3.5891
3.69523
3.50952
3.47075
3.52678
3.54907
3.54444
3.58001
3.55743
3.53792
3.5588
3.58458
3.50052
3.54727
3.47896
3.65708
3.52306
3.6243
3.61774
3.55603
3.51262
3.61101
3.58108
3.57754
3.55202
3.62525
3.55084
3.57635
3.57824
3.5592
3.5486
3.57418
3.63378
3.60358
3.56187
3.53099
3.59406
3.54252
3.54314
3.62707
3.59146
3.56441
3.59408
3.56004
3.59788
3.54815
3.6063
3.59142
3.57777
3.61563
3.57899
3.64666
3.5556
3.55175
3.56332
3.48289
3.53752
3.53266
3.59146
3.59285
