4.41512
4.40681
4.43004
4.33993
4.40286
4.39997
4.3726
4.38482
4.38089
4.40426
4.36869
4.41202
4.34151
4.39253
4.4052
4.39928
4.33607
4.35464
4.35798
4.4189
4.3202
4.42731
4.39632
4.36378
4.34218
4.38645
4.44769
4.31582
4.67431
4.39458
4.28165
4.41253
4.30741
4.32073
4.35643
4.32999
4.4695
4.38702
4.39608
4.28752
4.3305
4.55192
4.43295
4.50211
4.41013
4.33732
4.33744
4.33517
4.54553
4.30027
4.39948
4.36345
4.40322
4.45946
4.31995
4.30822
4.3987
4.42608
4.62052
4.44546
4.38016
4.34383
4.42716
4.5228
4.38949
4.56128
4.5067
4.30942
4.33094
4.41745
4.33926
4.49706
4.35363
4.45571
4.37464
4.46288
4.36123
4.52789
4.16813
4.22194
4.48427
4.37875
4.22135
4.42804
4.4
4.39676
4.54945
4.34599
4.42524
4.39926
4.26996
4.43804
4.32498
4.37553
4.28035
4.29334
4.27487
4.24722
4.33744
4.33128
4.31986
4.47216
4.29192
4.40136
4.35086
4.37417
4.49863
4.49811
4.32757
4.33939
4.53204
4.46396
4.47469
4.21516
4.45565
4.32943
4.18225
4.44265
4.39482
4.25585
4.59213
4.3157
4.37114
4.37286
4.47241
4.27619
4.38397
4.29655
4.39698
4.21136
4.31241
4.57606
4.39489
4.27622
4.65087
4.70773
4.42439
4.42151
4.37652
4.38764
4.4912
4.43487
4.25899
4.51302
4.46715
4.32185
4.39697
4.41857
4.59012
4.38821
4.43037
4.32845
4.27637
4.39135
4.35722
4.25719
4.62226
4.38982
4.31452
4.45411
4.36981
4.32423
4.54117
4.49357
4.327
4.43453
4.31239
4.30757
4.39634
4.28353
4.45153
4.43913
4.39304
4.35859
4.47739
4.23847
4.30498
4.42074
4.36093
4.22794
4.33768
4.33645
4.26797
4.37757
4.24912
4.40388
4.34727
4.61623
4.44137
4.18452
4.46136
4.38104
4.27413
4.42818
4.35395
4.40548
4.28394
4.27471
4.32158
4.56919
4.4189
4.37026
4.34145
4.26086
4.34022
4.36978
4.33092
4.45641
4.32747
4.40743
4.63221
4.40856
4.3534
4.30438
4.48343
4.33526
4.48772
4.32687
4.47116
4.32561
4.57458
4.57746
4.38922
4.29635
4.36673
4.48486
4.34536
4.56492
4.5055
4.45905
4.29139
4.50339
4.1968
4.39491
4.42178
4.19963
4.33863
4.33892
4.35697
4.31944
4.33214
4.44379
4.36726
4.38237
4.50133
4.28607
4.3574
4.38882
4.36616
4.18385
4.56384
4.46737
4.39602
4.3951
4.48061
4.47695
4.63304
4.35696
4.54634
4.48042
4.30554
4.5153
4.38562
4.29949
4.3197
4.51853
4.55241
4.43421
4.47439
4.46199
4.3215
4.48943
4.51467
4.34162
4.30746
4.4288
4.44341
4.39681
4.58688
4.42926
4.4266
4.21792
4.42855
4.34205
4.32171
4.47885
4.46843
4.46523
4.45755
4.28475
4.54338
4.39644
4.41174
4.31027
4.40976
4.43263
4.30596
4.48787
4.31101
4.34533
4.23964
4.3851
4.39886
4.55651
4.28146
4.50468
4.52647
4.21764
4.31049
4.14887
4.40944
4.24617
4.40492
4.51777
4.2329
4.23536
4.27026
4.3957
4.3024
4.29197
4.29126
4.221
4.57528
4.4022
4.52014
4.30981
4.26633
4.49224
4.55972
4.34707
4.41816
4.31383
4.2543
4.4519
4.47249
4.42208
4.44614
4.37505
4.2675
4.43597
4.42661
4.3731
4.29609
4.29788
4.34486
4.21693
4.37525
4.33917
4.17504
4.53646
4.20527
4.38779
4.45809
4.36084
4.35095
4.35521
4.33486
4.46485
4.60449
4.43963
4.29087
4.35266
4.40399
4.3515
4.34583
4.37689
4.35347
4.47183
4.3446
4.43273
4.32026
4.36659
4.3717
4.2955
4.46801
4.41133
4.35037
4.29124
4.36412
4.32638
4.37447
4.45303
4.39899
4.27767
4.4215
4.36975
4.3893
4.32791
4.37132
4.43168
4.41005
4.3841
4.35784
4.35157
4.44585
4.35437
4.42731
4.3725
4.36355
4.40755
