4.44284
4.38565
4.42079
4.39564
4.39401
4.44656
4.39581
4.50241
4.42128
4.41175
4.49257
4.4202
4.43125
4.41684
4.4467
4.40422
4.58946
4.54419
4.37698
4.43378
4.41784
4.55175
4.65772
4.37329
4.38981
4.35272
4.58595
4.51616
4.39279
4.31259
4.43565
4.49952
4.53961
4.52011
4.27076
4.50308
4.37771
4.27323
4.36858
4.37534
4.36596
4.46363
4.42723
4.55548
4.38186
4.43496
4.47793
4.26459
4.54056
4.52988
4.34524
4.68195
4.57108
4.5239
4.49712
4.31679
4.5076
4.29629
4.40581
4.42308
4.34089
4.4342
4.38388
4.56142
4.21391
4.30632
4.29576
4.5338
4.5084
4.38034
4.30329
4.33228
4.51371
4.67451
4.35934
4.33104
4.58059
4.45547
4.52145
4.37799
4.54831
4.50755
4.4004
4.54913
4.40405
4.4182
4.60121
4.61901
4.47641
4.44204
4.42145
4.38247
4.4344
4.55785
4.3093
4.67521
4.39587
4.2665
4.60114
4.4307
4.58917
4.58981
4.3587
4.33158
4.36318
4.25011
4.3035
4.36268
4.30947
4.26396
4.33496
4.56673
4.369
4.50163
4.11598
4.81936
4.22774
4.56624
4.41815
4.42873
4.29458
4.35049
4.35794
4.23871
4.44371
4.34874
4.22451
4.3948
4.23429
4.24102
4.38758
4.55924
4.51176
4.56956
4.49398
4.20856
4.42211
4.28437
4.58815
4.37742
4.45755
4.36186
4.56659
4.35123
4.36375
4.22336
4.57731
4.33967
4.47062
4.43721
4.37687
4.49248
4.31387
4.28123
4.56175
4.37897
4.52904
4.48292
4.37471
4.23923
4.59129
4.65742
4.556
4.28494
4.47694
4.49085
4.39499
4.49291
4.46094
4.64615
4.31568
4.46382
4.58696
4.42157
4.55148
4.61386
4.27735
4.41304
4.55202
4.29467
4.49718
4.55222
4.49912
4.39444
4.33551
4.46242
4.30845
4.35485
4.44651
4.41556
4.30749
4.35519
4.43651
4.30299
4.44168
4.38176
4.35387
4.45971
4.37514
4.42316
4.36792
4.48861
4.53494
4.21285
4.45527
4.3196
4.50214
4.38894
4.37378
4.35671
4.24371
4.24848
4.38074
4.30534
4.35014
4.38807
4.49619
4.45438
4.4327
4.32416
4.32404
4.41647
4.33411
4.60541
4.56667
4.44817
4.4139
4.26515
4.24297
4.47324
4.41517
4.48185
4.45114
4.17483
4.26423
4.30898
4.42268
4.40338
4.25531
4.44606
4.38195
4.39232
4.46597
4.30481
4.57842
4.26974
4.35015
4.65931
4.57215
4.24128
4.52278
4.22056
4.52083
4.32531
4.37794
4.34141
4.48198
4.33063
4.55998
4.3679
4.39662
4.57345
4.55262
4.45311
4.45101
4.48039
4.67781
4.2895
4.27725
4.3205
4.54409
4.49701
4.30951
4.55736
4.6418
4.4094
4.56088
4.36138
4.3754
4.59665
4.2992
4.36482
4.73378
4.53332
4.38466
4.32263
4.36478
4.26273
4.27192
4.84545
4.30801
4.33782
4.4388
4.36148
4.31169
4.36349
4.41063
4.53983
4.4578
4.35224
4.4286
4.45256
4.27958
4.46372
4.38685
4.31927
4.39736
4.37934
4.34142
4.23907
4.24805
4.32878
4.42041
4.24312
4.32006
4.26521
4.53976
4.44926
4.43769
4.4957
4.55591
4.40366
4.2542
4.46494
4.33816
4.25056
4.47668
4.41677
4.49091
4.4997
4.37272
4.53166
4.35428
4.5276
4.45141
4.50051
4.27608
4.48229
4.33135
4.39572
4.40248
4.4205
4.41365
4.49815
4.52419
4.51364
4.52646
4.26768
4.55756
4.58629
4.48699
4.40353
4.54868
4.47546
4.38758
4.30999
4.42992
4.31654
4.30349
4.42226
4.44277
4.34111
4.31784
4.39743
4.32956
4.36088
4.34565
4.28481
4.45493
4.49346
4.41952
4.43178
4.33718
4.37105
4.44058
4.44868
4.33834
4.42905
4.54327
4.3474
4.3836
4.3603
4.48399
4.44807
4.37235
4.44654
4.3985
4.46095
4.36188
4.37284
4.36693
4.34266
4.41562
4.3963
4.41096
4.35971
4.38935
4.40401
4.37901
4.39112
