4.4193
4.44614
4.47605
4.42019
4.49548
4.42283
4.42613
4.42609
4.47144
4.47708
4.41723
4.57757
4.40983
4.5156
4.43011
4.42272
4.46912
4.45248
4.4249
4.4692
4.58855
4.42854
4.52542
4.4786
4.40402
4.46693
4.33313
4.37968
4.50122
4.46982
4.6821
4.42976
4.52886
4.46779
4.29941
4.40665
4.48364
4.57928
4.46488
4.39837
4.40601
4.64401
4.56108
4.55532
4.45761
4.50777
4.49987
4.48558
4.67055
4.48268
4.30686
4.24915
4.36174
4.56008
4.41853
4.43841
4.45859
4.42287
4.47579
4.67324
4.51566
4.63841
4.39409
4.38961
4.45698
4.51122
4.44119
4.38277
4.4602
4.45954
4.29378
4.59311
4.3671
4.37059
4.42599
4.38516
4.48761
4.4504
4.70531
4.48579
4.55458
4.1481
4.5139
4.37155
4.55496
4.43016
4.55388
4.44127
4.5166
4.32926
4.65624
4.41774
4.49462
4.4862
4.3748
4.48638
4.46498
4.41415
4.40891
4.50311
4.45659
4.48161
4.48507
4.32286
4.69738
4.5144
4.32158
4.53957
4.26435
4.3211
4.6198
4.51668
4.347
4.34112
4.4742
4.27561
4.40078
4.37294
4.5957
4.36072
4.4592
4.61334
4.3134
4.38077
4.59892
4.26965
4.44226
4.33173
4.59523
4.41297
4.31962
4.54699
4.57813
4.30027
4.29533
4.52062
4.37653
4.55688
4.35239
4.3989
4.30526
4.46217
4.33315
4.50313
4.29924
4.51865
4.54265
4.41369
4.35251
4.46529
4.27274
4.50405
4.51555
4.34721
4.36153
4.31028
4.5105
4.54036
4.52149
4.31734
4.40333
4.25097
4.40213
4.55933
4.53555
4.49208
4.57164
4.60374
4.47189
4.4958
4.36733
4.36507
4.40122
4.50017
4.59204
4.44856
4.48322
4.45982
4.49969
4.38358
4.45773
4.33021
4.32144
4.51909
4.4602
4.47098
4.48145
4.45604
4.38785
4.49534
4.32841
4.60564
4.42232
4.53101
4.59538
4.56533
4.38027
4.47727
4.55718
4.44802
4.49222
4.38571
4.45763
4.50384
4.37466
4.36609
4.37333
4.38748
4.57584
4.58981
4.41898
4.65263
4.37437
4.40928
4.52017
4.70813
4.45306
4.42667
4.28279
4.47069
4.42897
4.44841
4.67361
4.66854
4.52149
4.70472
4.52476
4.2638
4.54859
4.37741
4.69784
4.43666
4.56374
4.54689
4.52022
4.3721
4.53334
4.33788
4.44869
4.4436
4.4016
4.45177
4.50191
4.50018
4.54139
4.42241
4.39042
4.4677
4.22826
4.37434
4.47028
4.38101
4.40875
4.53566
4.39348
4.21968
4.4511
4.50764
4.58952
4.50469
4.38866
4.59095
4.47655
4.52236
4.4697
4.55292
4.38107
4.40839
4.4218
4.41602
4.39331
4.42235
4.28173
4.46541
4.47869
4.35713
4.39595
4.45233
4.2951
4.51622
4.39023
4.35642
4.58797
4.30336
4.40359
4.73801
4.29119
4.68136
4.44081
4.62148
4.24358
4.36958
4.4061
4.61368
4.53254
4.61107
4.43591
4.54525
4.36543
4.42473
4.65574
4.35137
4.51922
4.53297
4.2568
4.40096
4.43611
4.48284
4.39565
4.42811
4.53185
4.4322
4.59763
4.29383
4.50771
4.39845
4.36258
4.36259
4.55434
4.44361
4.50247
4.41056
4.41481
4.52616
4.47382
4.4057
4.49005
4.48941
4.37418
4.23222
4.34493
4.42259
4.39113
4.43049
4.38874
4.50353
4.45979
4.42046
4.49123
4.34145
4.47158
4.45062
4.35549
4.46919
4.44855
4.37674
4.23444
4.44124
4.39547
4.44035
4.42975
4.52613
4.52861
4.34415
4.3792
4.4727
4.41174
4.47951
4.43604
4.33848
4.40693
4.42747
4.29263
4.35106
4.42907
4.33015
4.49576
4.40839
4.53903
4.42351
4.51897
4.43841
4.37444
4.33621
4.48279
4.49737
4.54936
4.30333
4.48557
4.32333
4.40311
4.41624
4.3822
4.54375
4.48684
4.44475
4.41688
4.40072
4.3847
4.3819
4.40975
4.44437
4.44152
4.3526
4.41607
4.36038
4.38713
4.34335
4.3951
4.38645
