4.46294
4.43805
4.41214
4.40161
4.36826
4.45233
4.38829
4.51886
4.42874
4.38937
4.42075
4.41492
4.42816
4.38683
4.38163
4.4433
4.42544
4.37113
4.43465
4.47374
4.41164
4.54801
4.54318
4.45441
4.59215
4.45973
4.46389
4.49605
4.4337
4.42413
4.47904
4.42078
4.75989
4.50464
4.41429
4.40321
4.52841
4.36624
4.36169
4.46278
4.46321
4.51331
4.40543
4.44829
4.37329
4.52263
4.5152
4.48225
4.38773
4.4374
4.39727
4.45377
4.49788
4.46363
4.41458
4.38068
4.49001
4.61207
4.49178
4.3726
4.28591
4.29766
4.381
4.5355
4.52531
4.37864
4.22052
4.41889
4.67668
4.50309
4.63379
4.31099
4.58774
4.55723
4.5938
4.42474
4.51462
4.45549
4.32659
4.48659
4.56581
4.56919
4.26082
4.55261
4.33873
4.46226
4.49743
4.30842
4.38896
4.62911
4.3613
4.42248
4.44822
4.44355
4.44376
4.21099
4.46713
4.47743
5.00298
4.53926
4.30083
4.49574
4.30043
4.57543
4.3871
4.31893
4.50939
4.26689
4.45089
4.70576
4.62574
4.3911
4.66208
4.24815
4.38691
4.3823
4.44843
4.54387
4.43092
4.51324
4.38714
4.41711
4.54092
4.64208
4.4538
4.45856
4.37186
4.33689
4.47932
4.44279
4.29574
4.54016
4.45219
4.57825
4.48392
4.2727
4.4748
4.37382
4.46584
4.44341
4.59579
4.43404
4.41106
4.28697
4.52783
4.42884
4.38513
4.48342
4.36506
4.46789
4.34855
4.25372
4.33104
4.35648
4.45116
4.35045
4.47891
4.46697
4.41577
4.84
4.60303
4.35973
4.72123
4.44231
4.32383
4.36775
4.43699
4.5089
4.5413
4.59307
4.58522
4.36905
4.40619
4.38752
4.46947
4.32048
4.35595
4.25168
4.47995
4.45365
4.26481
4.39588
4.47472
4.33547
4.32252
4.56861
4.41293
4.4743
4.5633
4.48247
4.32663
4.4174
4.42732
4.41041
4.5699
4.5404
4.41974
4.31281
4.49798
4.49114
4.45538
4.44524
4.61161
4.4651
4.67226
4.59785
4.61289
4.51633
4.30613
4.39077
4.37573
4.43228
4.55864
4.44626
4.49477
4.42668
4.33539
4.45435
4.44428
4.45949
4.41324
4.43359
4.60195
4.55241
4.41269
4.47416
4.39551
4.54985
4.29666
4.25551
4.31232
4.49766
4.68446
4.51926
4.45362
4.44322
4.43388
4.59062
4.44309
4.47929
4.37768
4.4591
4.33394
4.39497
4.32115
4.52429
4.35492
4.49632
4.34756
4.4168
4.56164
4.46071
4.38867
4.47057
4.3038
4.47784
4.24539
4.52422
4.4244
4.47483
4.35653
4.30899
4.33368
4.57081
4.48538
4.48301
4.31466
4.5006
4.40502
4.55728
4.40492
4.53125
4.37267
4.48701
4.55455
4.16886
4.53685
4.40634
4.38926
4.28869
4.18856
4.45405
4.3325
4.41667
4.40584
4.51659
4.63384
4.27367
4.40291
4.55524
4.23435
4.50955
4.224
4.32546
4.39312
4.54557
4.50408
4.41009
4.31331
4.40958
4.59248
4.54637
4.274
4.44532
4.37762
4.58867
4.25592
4.27368
4.51699
4.42742
4.4317
4.40412
4.28137
4.61663
4.60071
4.48833
4.4984
4.51557
4.48658
4.50679
4.51319
4.26971
4.58485
4.36477
4.45643
4.35198
4.39271
4.45134
4.27751
4.67518
4.39348
4.52524
4.39192
4.45234
4.36307
4.41841
4.28705
4.33976
4.37821
4.55934
4.50766
4.36497
4.46865
4.30818
4.29529
4.67052
4.31081
4.45779
4.33918
4.36853
4.39456
4.39014
4.36457
4.49347
4.40692
4.2182
4.46798
4.49694
4.63661
4.41645
4.52094
4.56738
4.30292
4.44597
4.41564
4.61531
4.44026
4.40141
4.40713
4.59742
4.59231
4.39066
4.42101
4.45725
4.45567
4.62293
4.34584
4.42101
4.48319
4.46642
4.36408
4.51529
4.53697
4.52117
4.50154
4.64078
4.45667
4.55745
4.42743
4.46822
4.43926
4.50672
4.40593
4.47275
4.40674
4.43094
4.48146
4.41884
4.39374
4.36472
