 9717.546100
 9746.177707
 9520.166051
 9451.073320
 9325.417775
 917.848766
 899.720856
 858.026228
 858.024136
 898.438430
 907.976641
 869.936122
 864.984467
 867.983519
 843.108549
 2267.397820
 2229.809466
 2137.960459
 2130.319544
 2286.344425
 2244.964690
 2246.130381
 2161.043506
 2246.707928
 2228.036063
 2161.888749
 2163.848696
 2138.234582
 2244.741762
 2143.058105
 2090.834214
 2127.834065
 2141.620790
 2148.950650
 2096.658600
 3774.223179
 3674.113200
 3571.345497
 3558.574833
 3811.143009
 3756.457454
 3708.836609
 3587.030256
 3737.175006
 3732.115370
 3591.474818
 3602.851736
 3595.261794
 3719.505251
 3570.495997
 3481.995009
 3518.418752
 3532.699938
 3547.743807
 3492.560471
 7852.661086
 8262.775382
 8095.401314
 7921.794359
 7870.483415
 7757.265630
 676.475435
 653.526682
 627.616956
 637.572485
 609.987380
 706.558737
 675.793643
 672.791970
 692.526940
 663.230499
 626.626962
 637.334637
 638.548223
 629.404414
 599.344606
 1712.131934
 1670.583669
 1606.542278
 1621.149560
 1568.605149
 1751.432380
 1821.948699
 1744.057868
 1731.628656
 1783.031255
 1680.299530
 1783.845476
 1693.598410
 1592.677394
 1625.841687
 1602.584369
 1702.134360
 1684.647528
 1618.841918
 1621.101139
 1624.424964
 1703.775747
 1593.947963
 1619.565662
 1531.766284
 1570.061193
 1758.503411
 1647.283532
 1600.673238
 1534.954874
 2896.373346
 2829.250055
 2741.765951
 2735.280462
 2692.676271
 2995.898597
 3136.038528
 2982.658450
 2964.496220
 3030.608904
 2881.631725
 3027.281246
 2868.343240
 2704.539877
 2746.052432
 2733.691919
 2858.081498
 2834.715222
 2732.991826
 2768.378225
 2755.477905
 2875.036743
 2698.534992
 2748.809412
 2609.507452
 2728.009119
 3004.751587
 2869.703698
 2748.093137
 2662.336246
 1762.653282
 1760.190615
 1769.259244
 1773.800949
 1780.769490
 877.471068
 883.698718
 889.640158
 889.030112
 881.007186
 877.180455
 885.552554
 891.040882
 888.911217
 894.726748
 370.758996
 370.986889
 373.840703
 374.399280
 371.295197
 372.098217
 373.855788
 373.469004
 374.172571
 376.042494
 1779.351844
 1751.655061
 1761.188838
 1774.830739
 1785.721749
 1781.695767
 741.814421
 746.345642
 753.377435
 750.318682
 762.231324
 732.162213
 740.696797
 743.481369
 738.909838
 744.213638
 750.594801
 751.778803
 746.929730
 754.447031
 761.601863
 295.234476
 296.960964
 299.378853
 299.557870
 301.257065
 293.504876
 295.580616
 296.196321
 295.372317
 296.738040
 299.805491
 298.553855
 300.089500
 300.193256
 302.758194
