3.33021
3.42402
3.44431
3.4619
3.49645
3.54286
3.55442
3.6537
3.63664
3.58316
3.77062
3.61904
3.63625
3.70921
3.6607
3.76737
3.63675
3.71363
3.65875
3.66121
3.8439
3.77253
3.73027
3.55988
3.53516
3.81033
3.80808
3.77755
3.77157
3.78875
3.7402
3.55654
3.78394
3.45997
3.69224
3.37347
3.7717
3.5302
3.77323
3.79115
3.64964
3.69185
3.73962
3.78392
3.89824
3.6921
3.57662
3.54182
3.93703
3.80124
3.87471
3.76775
3.81823
3.66105
3.82003
3.78822
3.81244
3.85505
3.8917
3.86807
3.78783
3.69392
3.7226
3.72235
3.96975
4.0549
3.96358
3.72935
3.69178
3.5927
3.85017
3.51211
3.63391
4.00484
3.52426
3.85269
3.71717
4.21557
3.82908
3.82779
3.74764
3.50961
3.82396
3.99835
3.86708
3.6162
3.74445
3.70532
3.42421
3.6573
3.69718
3.61678
3.77459
3.84581
3.72567
3.41225
3.76335
3.50234
3.86486
3.59803
3.87658
3.68846
3.84791
3.63315
3.67412
3.79486
3.61421
3.59534
3.98459
3.69998
3.8538
3.69722
3.8867
3.78068
3.60148
4.38041
3.58215
3.4781
3.64076
3.77972
3.68196
3.59634
3.5766
4.04464
3.85013
3.67894
3.87579
4.02935
3.50454
3.75292
3.62185
3.73
3.50566
3.27666
3.77291
3.56073
3.66208
3.34971
3.84956
3.3809
3.6167
3.61573
3.5088
3.85797
3.78246
3.72227
3.96322
3.96018
3.8542
3.64823
3.57284
3.63508
3.69157
3.59339
3.74531
3.68678
3.60049
3.81295
3.98939
3.79601
3.6412
3.4919
3.54106
3.66167
3.50957
3.68843
3.69004
3.75465
3.37455
3.69332
3.61657
3.5727
3.75643
3.62695
3.90306
3.41054
3.91913
3.86494
3.87752
3.72046
3.55202
3.63204
3.61311
3.77087
3.77644
3.81783
3.73647
3.40345
3.70187
3.72099
3.47331
4.05611
3.6495
3.64643
3.81954
3.53362
3.80264
3.32253
3.51212
3.59797
3.57008
3.62139
3.78697
3.67701
3.48726
3.91992
3.57826
3.91698
3.87413
3.71732
3.7745
3.36751
3.7027
3.66658
3.63558
3.80872
3.55613
3.61939
3.83952
3.48372
3.72619
3.50158
3.78521
3.67729
3.89038
3.4163
3.85337
3.59084
3.54159
3.86208
3.62395
3.78414
3.77841
3.66534
3.48418
3.38323
3.58649
3.43948
3.50636
3.4484
3.65565
3.9081
3.8101
4.0826
4.06798
3.7487
3.79771
3.72476
3.89134
3.6573
3.62379
3.65365
3.81574
3.87245
3.66614
3.72197
4.06612
3.83425
3.84551
3.70201
4.02592
4.14463
4.00433
3.94742
3.94397
3.61861
3.60128
3.6001
3.75913
3.74353
4.09777
3.64462
3.92529
4.73996
4.01306
3.71941
4.22958
3.68223
3.92034
3.86891
3.77459
3.6471
3.75686
3.34111
3.68165
4.0529
3.75217
3.58507
3.5799
3.3435
3.23579
3.53353
3.73097
3.76399
3.42178
4.01161
4.01709
3.8214
3.97328
3.67803
4.46898
3.86269
3.84007
3.42919
3.92766
3.73114
3.85864
3.94063
3.67707
3.80041
3.75876
3.33579
3.65866
4.02552
4.66178
3.41264
3.65572
3.78326
inf
3.47241
3.62339
3.68279
3.75749
3.88423
3.65488
3.90401
3.60026
3.40854
3.58267
4.04015
3.77477
3.62161
4.67683
3.52365
4.14368
3.52884
3.54296
3.53156
3.60711
4.39024
3.66524
4.35069
3.44397
3.78195
3.55125
3.86341
3.98229
3.40712
3.72022
3.9753
3.89711
3.57778
3.29346
4.11807
3.97899
3.8653
4.23759
3.55694
3.55957
3.70367
3.74542
3.57711
3.58403
3.78363
3.99417
3.49453
3.82747
3.51479
3.59763
3.73295
3.93763
4.44221
3.82238
3.96205
3.78082
3.64643
3.74005
3.53084
3.75639
4.06845
4.03346
4.03565
3.57787
3.63514
3.84479
3.61411
3.93158
3.72912
3.67313
3.4842
3.60553
3.99516
3.56349
3.6914
3.80244
3.84345
3.69016
3.725
3.60038
3.70222
