4.53974
4.48775
4.28602
4.17546
4.07835
3.95684
3.97061
3.84605
3.88421
3.83472
3.90406
3.7591
3.61898
3.7748
3.80372
3.7849
3.70422
3.96818
3.61709
3.66548
3.93304
3.53435
3.84856
3.85146
3.66498
3.44102
3.646
3.68953
3.57638
3.77455
3.69678
3.79828
3.7072
3.94927
3.75565
3.6599
3.53838
3.92056
3.75544
3.93932
4.27238
3.70325
4.09224
3.68113
4.03139
4.00117
3.4476
3.87956
3.80989
3.72735
3.89922
3.72348
3.75105
3.87423
3.83105
3.80548
4.15544
3.63712
3.72429
3.80938
3.46184
4.27677
3.58129
3.78482
3.77186
3.95135
4.10326
3.84561
4.39541
3.99956
3.69647
3.98126
3.55996
3.86638
3.94089
3.8054
4.28157
4.18601
3.84276
3.97519
4.05541
4.29889
3.80874
3.90121
3.9234
3.6365
3.82218
3.68468
3.84144
3.47282
3.90972
4.02755
3.84769
3.93967
4.58414
4.23508
3.80341
4.088
3.9309
3.81186
3.63054
4.21434
3.8278
3.81113
3.88361
3.6484
3.98741
4.03879
3.84282
4.38474
3.75095
4.41255
3.85539
3.84672
3.84803
3.74576
4.06242
3.75358
3.96863
3.52559
4.17474
4.18666
3.80732
3.99985
4.50082
3.66332
3.93775
3.75893
3.97385
3.88972
3.8425
3.82936
4.14584
4.06462
3.65917
4.03512
3.75391
3.95352
3.91642
4.12824
3.90236
3.95795
3.88509
4.02435
3.94315
4.45053
3.76383
3.84213
3.64713
3.89506
3.97475
3.81701
3.95812
3.98054
4.04656
3.9439
3.78288
3.9151
4.1884
3.92875
4.52664
3.71727
3.88629
3.67094
3.63071
3.58181
3.8195
4.07112
3.85482
3.74071
4.29166
3.90501
3.71299
4.17287
3.82709
4.27265
3.95489
3.78341
4.06064
3.89256
4.0963
3.96761
3.93205
3.76311
4.09697
3.75088
4.34083
3.66415
3.63208
3.76216
3.82882
4.02715
3.83087
3.97863
4.03504
3.71467
3.66948
3.95508
4.04265
3.74407
3.54765
4.1252
4.06345
3.90572
3.56077
3.94761
3.83335
3.85187
3.87542
3.87753
3.66309
3.86618
3.7103
4.43901
3.87997
4.30645
4.01755
3.76371
4.0303
3.68165
3.68025
3.94111
3.50954
3.96831
4.18224
4.15643
4.14262
4.01894
4.51448
3.87872
3.76934
3.82474
4.04456
4.1866
4.25214
4.0773
3.80791
3.72828
4.5399
3.88217
4.24671
4.07244
4.17274
3.98205
3.64099
4.50686
3.83488
3.80333
4.15052
3.74544
4.07936
3.79976
3.99057
3.97001
4.13188
3.70544
3.9435
4.14942
3.99216
4.54406
4.19174
4.19025
3.78877
3.82138
3.8598
3.84979
4.18682
3.76666
3.90718
3.87053
3.88152
3.89962
4.16517
4.48687
3.79304
3.83488
4.18002
3.51084
4.19604
3.75268
3.85207
3.91863
3.99137
3.97864
4.2065
3.71451
4.28588
4.01479
4.33708
3.77578
4.11719
3.86509
3.78546
3.90242
3.97907
4.0228
3.68567
4.02575
4.17349
3.28554
3.84441
4.08746
4.1147
3.98117
4.00353
3.95815
3.68271
4.10283
3.79786
3.71432
3.78284
4.53637
3.55888
3.88835
3.8783
3.76732
3.86962
4.32975
3.84631
3.68877
3.93425
4.23462
3.51765
4.02383
4.16941
4.03046
3.80489
3.80121
4.30794
3.69899
4.06804
3.92666
3.75643
3.78351
3.96022
4.23456
4.04875
4.09931
3.92392
4.17695
3.86925
3.52955
3.57592
4.12019
3.89263
4.143
4.06223
3.44623
3.95288
4.04763
3.63291
3.65584
3.93061
3.85089
4.16532
4.17627
3.67907
3.51812
4.02014
3.84328
3.76482
3.87045
3.83137
3.65228
4.02992
4.4544
3.54777
3.55439
3.5965
3.52843
3.50675
3.78915
3.77226
3.78125
3.74994
3.72906
3.77793
4.00981
3.823
3.62361
3.75425
3.85621
3.7536
3.64556
3.83799
3.8186
3.96456
3.89569
3.85754
3.77912
3.74819
3.90227
3.90427
4.07297
3.89958
3.99123
3.9595
3.91402
4.01276
4.19233
