5.62489
6.42093
5.2735
5.24041
5.71122
inf
5.107
5.47116
4.94862
inf
4.84803
inf
inf
inf
5.12604
inf
4.60988
5.03333
4.95162
inf
inf
inf
4.50822
4.54945
4.87224
inf
4.17131
4.37971
4.37676
4.75011
4.1765
4.37811
4.80504
4.84148
4.33272
inf
4.40117
4.38761
4.03191
3.60573
4.26141
4.2931
4.72981
4.31439
4.08843
4.04086
3.88005
4.06329
4.73698
4.74959
3.8567
4.7065
3.63559
3.86346
4.20891
3.85351
3.72496
3.80046
4.66238
4.63795
3.8455
3.92366
3.64771
4.2679
3.71671
3.98195
inf
4.28356
3.64114
4.2289
3.72112
4.20732
3.77604
3.44874
4.67625
4.24899
4.04779
3.74771
3.55761
3.71881
4.71515
3.69464
4.11193
3.8227
4.08434
3.65726
3.78477
3.62639
4.19667
3.79195
3.88864
3.65271
3.94853
3.95266
3.81546
4.13246
4.09938
3.67669
4.38441
3.56649
3.25601
3.83192
4.12126
3.94591
3.81394
4.4319
3.83166
3.66174
3.84352
4.05915
3.73701
4.32378
4.01693
3.7505
4.08926
3.59981
4.25661
3.86014
inf
3.48189
4.04657
3.62477
3.86781
3.91235
4.05913
4.04195
4.25691
4.11321
3.88078
4.14853
4.56461
3.64528
4.1223
3.92094
3.7515
4.05293
3.50055
4.16919
4.05557
3.96982
4.11053
3.44169
4.02757
4.0648
3.99087
4.55992
4.33376
3.66194
4.6379
4.13154
3.9398
3.94566
3.94682
3.85992
3.96646
4.09543
3.80255
3.74792
4.43801
3.63003
4.1266
4.06155
4.10081
4.27117
3.94486
3.95532
3.62796
4.00644
4.09851
3.88186
3.9398
4.15135
3.8831
3.90655
4.04681
4.056
4.10607
4.06336
4.29154
4.02748
3.73339
4.39487
4.16925
4.06238
4.56746
4.60816
3.92531
3.9343
4.07968
3.85893
4.37687
4.04676
4.33785
4.00987
3.72842
3.88733
4.25792
3.95276
3.84753
3.9735
3.81152
4.22946
4.12028
4.2014
4.12009
4.18495
4.03729
4.1788
3.66973
3.66523
4.25033
3.93973
4.05087
4.0732
3.87475
3.8149
4.65575
3.72115
4.5483
3.90853
3.81716
3.69234
3.954
3.91804
3.99505
4.40958
3.77843
4.00249
4.08152
4.11014
4.28267
4.19385
4.61238
3.91909
4.51702
5.0278
4.23437
4.38676
4.17739
3.744
4.15719
4.6057
3.90215
3.66539
4.02445
3.96552
3.81466
4.05133
4.30851
4.54465
3.93149
3.91168
3.92415
3.81385
3.94107
4.24696
3.96606
5.15823
4.18935
3.94543
4.16717
4.18451
4.39712
4.10433
4.17139
3.99159
4.10547
3.9728
3.99009
4.30623
4.06026
3.97295
4.15318
4.16036
4.14477
4.06598
4.76218
4.16744
4.08097
4.42249
4.1356
4.12826
4.49526
4.5738
3.91061
4.32276
4.6708
4.04803
3.88029
4.22836
4.73469
4.27243
4.4909
3.91002
4.515
4.00435
4.99138
3.99162
3.83488
3.87418
3.62356
4.78653
3.95199
3.96864
4.09533
3.80181
4.02906
4.1631
4.36407
4.54017
3.92942
4.54123
5.2176
5.09824
4.09062
4.44447
4.47961
5.10759
4.16617
4.50282
4.38363
4.12899
3.84383
4.08092
4.5649
3.99252
4.09154
4.44409
4.73093
4.38837
4.78136
3.92897
4.27894
4.50261
3.98371
4.28582
4.15851
4.03968
4.16551
4.42615
4.0506
4.05103
4.4513
4.11544
3.88908
4.65474
4.34444
4.06357
4.20019
4.39822
4.06325
3.98226
4.09404
4.20254
4.22784
4.16271
4.02286
4.10707
4.44818
4.27978
4.03832
4.53916
3.98503
4.1275
4.11525
4.32507
4.29403
4.16563
4.57181
4.16773
4.32608
4.26661
4.24145
4.26636
4.1853
4.2287
4.32709
4.5049
4.42699
4.23188
4.21377
4.2246
4.18806
4.19811
4.19332
4.29687
4.50701
4.25059
4.11177
4.24149
4.2056
4.09612
4.55296
4.09468
4.08506
4.08904
4.16852
4.07456
4.11831
3.95057
