4.65541
4.62248
4.51857
4.40578
4.3394
4.43105
4.3632
4.28303
4.42392
4.09142
4.37158
4.23572
4.09822
4.08113
4.44145
4.42218
4.22471
4.28389
4.04565
4.11148
4.03993
4.1494
4.21834
4.51865
3.96155
4.20338
4.06376
3.8011
4.02525
4.5358
4.06221
3.91723
4.18748
3.97534
3.93732
4.22761
4.39109
4.02535
4.03279
4.10638
4.28483
4.40439
4.42109
3.80333
4.33008
3.85379
3.71014
4.32607
4.13353
4.05757
4.17343
4.26453
3.79361
3.83174
4.06599
4.12189
4.05334
4.48197
3.9382
4.04774
4.61369
4.07042
3.83036
4.59753
3.99119
4.00543
3.96929
4.40708
inf
4.17685
3.9845
4.29579
4.34016
3.8719
3.84196
4.59814
3.79952
4.27444
3.72802
4.46435
3.85012
4.31332
3.92276
4.01949
4.04891
4.1473
4.18196
4.19946
4.1699
4.13004
4.02586
4.56944
3.88921
4.59943
3.97252
4.23754
4.30629
4.05203
4.04979
4.58902
3.93701
4.04453
4.10677
4.07864
3.90534
4.10883
3.87695
4.49188
4.15373
4.04736
4.07988
4.13751
4.12834
4.58205
3.5921
4.42892
4.66493
3.97773
3.8316
4.31322
4.30956
4.73842
3.89973
4.20461
3.63452
3.79817
4.11521
4.58371
4.44028
3.87702
4.25836
3.86448
4.74576
3.98496
3.90751
4.28958
3.78397
4.23778
4.00924
3.92726
4.19908
3.90579
4.1508
4.01231
4.37867
4.12346
4.40271
4.37405
4.2804
4.29865
4.41975
3.84176
4.38191
4.42737
3.94778
4.19935
4.26958
4.28342
4.24577
4.02782
4.65863
3.91115
4.02815
4.4489
4.11808
4.14396
4.19424
4.04025
4.26267
4.27864
4.57832
4.69892
4.89297
4.20718
5.18314
3.94527
4.15514
4.27244
4.03567
4.49603
4.17204
3.79678
4.01729
4.07876
4.39949
4.19659
4.13172
4.5751
5.03482
3.89513
4.36008
4.04243
4.18939
3.97537
3.90368
3.97042
4.01664
3.95107
3.89619
4.2949
4.26583
3.97071
4.37206
3.95086
3.87404
4.13839
3.81107
4.41235
4.16021
4.26941
3.97986
4.23005
4.19837
4.50053
4.51522
3.86943
4.22902
4.16798
4.23794
4.06842
4.46117
4.47798
4.05145
4.18134
3.65252
4.15479
4.01723
4.20602
4.33639
4.301
4.183
4.21188
4.44945
3.79453
4.12811
4.53502
4.0153
4.24687
4.10982
4.07935
4.35759
4.57453
3.72069
4.01148
4.13062
4.21842
4.16012
4.39206
4.08838
4.56286
4.84675
3.97343
4.15879
4.83044
4.10742
4.52436
4.21817
3.97847
3.61474
4.44256
4.39488
3.96212
4.05281
3.85882
4.22301
4.2864
4.04772
4.06131
4.2273
4.52102
3.67585
3.91714
3.93996
3.97766
4.01476
3.89695
3.95724
4.04332
4.1113
4.09867
3.95123
4.02571
4.36316
4.14809
4.06334
3.98242
3.96456
4.01195
4.57699
4.42205
4.02896
4.31893
4.08471
4.03014
3.83627
4.03211
4.35994
4.04323
4.03131
3.69672
4.84438
3.88109
4.20037
3.84838
3.82105
3.94121
3.98814
4.38312
3.96564
4.14368
4.14268
4.00929
4.47377
3.8461
4.25313
4.28161
5.15011
3.90646
3.84141
4.38627
4.32006
4.30082
3.7224
4.10372
3.88186
4.12153
3.9038
3.91601
4.35443
3.55616
3.93364
3.51429
4.04493
3.80366
4.28728
4.61013
4.06124
3.56484
4.17009
3.675
4.32181
3.8887
4.44688
4.21524
3.80889
3.96912
4.06452
3.90945
3.99664
4.12398
4.69484
3.71014
4.31045
4.05179
3.77829
4.04826
3.77299
3.98109
4.05549
3.7707
3.88717
4.01627
3.74281
4.07298
3.86572
4.07807
4.03066
4.54337
3.98526
4.25944
3.90168
3.95119
4.13446
3.82838
4.28116
3.97611
4.14734
4.00931
4.1233
4.18634
4.0145
4.10006
4.14434
4.11018
4.06168
4.11072
4.11099
4.1008
3.81782
4.10327
4.12765
4.06408
4.26461
4.06424
4.01046
3.9854
4.08676
4.11047
4.13185
4.0243
