4.94469
5.26006
5.55059
4.69886
5.18762
4.83061
4.63418
4.91633
4.88434
4.76279
4.63927
5.46512
4.96573
inf
5.24143
5.0345
5.05724
5.29368
inf
inf
5.09661
inf
inf
inf
inf
inf
inf
inf
inf
inf
inf
inf
4.90823
inf
inf
inf
inf
inf
inf
5.0076
inf
inf
4.83239
inf
inf
inf
inf
inf
inf
inf
inf
4.49863
inf
4.90284
inf
inf
inf
inf
inf
inf
inf
4.56836
inf
inf
inf
inf
inf
inf
inf
inf
inf
inf
inf
inf
inf
inf
inf
inf
inf
4.8707
inf
4.93048
inf
inf
inf
4.41403
inf
4.65561
inf
inf
inf
4.81987
inf
inf
inf
inf
inf
4.48604
4.32987
inf
inf
inf
inf
inf
inf
inf
inf
inf
inf
4.48148
4.67612
4.8306
inf
4.69363
4.5195
4.65739
inf
4.28175
inf
inf
inf
inf
inf
inf
4.46314
inf
4.22164
inf
4.91174
4.82555
inf
inf
inf
4.63729
inf
inf
4.6085
inf
4.51951
inf
inf
inf
4.42468
inf
4.90592
inf
inf
4.5568
4.71518
4.02406
4.54796
inf
4.59877
4.35108
5.05937
4.98877
inf
4.43927
4.79439
inf
inf
4.34305
4.41638
4.25533
inf
inf
4.82422
inf
inf
inf
4.66154
4.77611
inf
4.09553
inf
4.72006
inf
inf
4.31004
4.38086
4.94777
4.38491
4.69734
inf
4.55189
4.96433
inf
4.29002
4.27247
4.66499
4.78952
4.55434
4.46745
4.97875
4.33393
4.60605
5.20378
4.75782
4.96593
4.6204
5.05666
4.74064
4.95682
4.67882
5.12045
4.5365
4.77487
4.53723
4.88387
4.43088
4.56633
4.77667
5.28898
4.22246
4.91257
5.20349
4.91329
4.62872
5.00854
4.90813
inf
inf
5.20934
5.10835
inf
4.53472
4.20599
4.52035
4.1831
4.92891
4.67102
4.84177
4.69128
4.9927
5.26486
4.86741
4.81796
inf
4.67071
inf
4.48017
inf
5.1949
inf
4.20808
4.10135
5.09323
4.11896
4.80669
5.16791
4.11177
4.25185
4.63105
inf
4.85638
4.89044
3.9477
4.26915
4.9452
4.1838
4.24662
4.43792
4.81863
4.77534
inf
4.27188
4.44658
5.08179
inf
4.4829
4.11545
4.99688
4.5169
4.95473
4.86564
4.98409
4.29291
inf
4.9936
inf
5.12595
4.13503
4.55149
4.79784
4.43728
4.66612
4.4024
4.96487
5.01571
4.44548
4.43879
4.20336
4.9959
4.30758
4.39083
4.8621
4.87981
4.30409
4.95568
inf
3.92405
4.8993
inf
4.65782
4.68022
4.93767
inf
4.40266
4.25148
4.32533
4.23512
inf
4.99168
inf
4.66176
5.05294
4.45564
5.11894
4.58176
5.25188
4.4329
inf
5.02795
5.12171
4.2091
4.66312
4.296
4.13277
4.14669
5.12609
5.0795
4.5255
4.7268
5.23003
4.74431
4.86609
4.36608
5.01979
inf
4.39248
4.70848
5.24255
4.2802
4.34463
4.45312
5.39455
4.46593
4.70871
5.17496
5.41257
inf
5.24781
4.40983
4.93593
inf
4.64255
4.9928
4.30416
4.77573
4.36321
5.27439
inf
4.85181
4.89791
5.04445
4.23402
4.60141
5.00262
5.54872
4.3382
5.16033
5.07912
4.95107
4.78184
inf
4.79815
5.15777
inf
4.6609
4.53907
4.91704
4.84887
4.32933
4.9883
4.4039
4.48359
5.44888
4.26553
4.44648
4.46493
4.63233
4.47428
4.53512
4.32439
4.48849
4.48692
4.26991
4.2887
4.2719
4.05889
