4.47553
4.48899
4.57564
4.58231
4.70977
4.78401
4.66033
4.46651
4.33045
4.22587
4.56111
4.40354
4.34114
4.19152
4.18421
4.46669
4.64336
4.40414
4.3388
4.31246
4.57128
4.05386
4.44757
4.32616
5.25348
4.42467
4.11037
4.43175
4.38191
4.38928
4.75653
4.74301
4.72617
4.32072
4.48377
4.37327
4.66687
4.32761
4.25659
4.208
4.23739
4.45635
4.56223
4.46232
4.28753
4.7078
4.47051
4.21461
4.77797
4.22225
5.03435
5.33655
4.6508
4.44359
4.19195
4.55444
4.20487
3.8006
4.33342
4.63755
4.38926
3.82802
4.4676
4.45088
4.2615
5.29366
4.59717
5.19651
4.49876
4.20235
4.47859
4.282
3.95774
4.05066
4.54521
4.30898
3.97796
4.01741
4.51013
4.64561
4.04319
4.79989
4.17976
4.89674
4.16398
4.21688
4.29071
4.5204
4.31424
3.83709
4.00313
3.92501
4.28326
3.96508
3.98909
4.48641
4.32546
4.24383
4.58665
4.15144
4.18438
4.192
4.49239
4.08576
4.21937
4.72814
4.31858
4.22028
4.61832
4.04784
4.44668
4.08516
4.7853
4.70325
4.66584
4.68692
4.0918
3.98011
4.06415
3.90998
4.80933
4.16685
4.51589
3.96475
4.34
4.28659
4.2011
3.87417
4.77427
3.98826
5.05808
3.88771
4.47373
4.19732
4.79075
4.35412
5.15047
4.17539
4.44121
4.35962
4.24944
4.37789
4.41698
4.20051
4.51088
4.48659
5.2109
4.54011
4.49978
inf
4.18736
4.1333
4.32132
4.61848
3.99042
3.72568
4.00926
4.06757
4.86521
4.24564
4.18743
4.60165
4.09369
4.44417
4.78246
4.40063
4.51809
4.62278
3.99582
4.92389
4.58565
4.58991
4.31173
4.00554
4.12022
3.82309
3.8543
4.30718
5.19771
4.48995
3.75672
3.93517
4.60581
4.049
4.20276
4.17892
4.28922
4.25989
4.24891
4.56703
4.0591
4.65041
4.41302
4.10852
4.29013
4.52422
4.40092
4.88402
4.49932
4.39696
4.28979
4.15893
4.57019
4.52157
4.44335
4.59158
4.21432
4.303
4.66036
4.58315
4.25767
4.0717
4.44277
4.20523
4.33175
5.43504
4.17045
4.48039
3.9553
3.77371
4.6215
3.8892
4.57035
4.24561
4.1068
4.40503
4.70932
4.83084
4.76649
4.32752
4.14082
4.54744
4.57698
inf
4.50556
4.01026
4.22702
4.61779
3.90448
4.46184
4.38483
4.47948
4.7494
4.36562
4.42043
4.16416
4.69978
4.7152
4.45972
4.68749
4.60105
4.20331
5.06924
4.35402
4.12615
4.12011
3.93676
4.35429
3.92129
3.9026
3.97041
4.08917
4.6543
4.38403
4.40725
4.40714
4.39354
4.06242
4.13486
5.04893
4.41121
5.17248
4.50486
4.37874
4.62375
4.44333
4.67429
5.07661
4.70611
4.19558
4.15278
4.19038
4.98997
4.13488
4.05004
4.09886
4.17434
4.61411
4.55591
4.22466
4.73263
3.75979
4.94374
4.1481
4.24518
4.94416
4.47588
4.46945
4.03852
4.59411
4.12451
3.94984
5.03738
3.91433
4.98213
4.00199
4.09926
4.94449
4.23249
3.7855
4.7333
3.93603
4.44962
3.86404
4.12815
4.75063
4.48411
3.75896
4.05188
4.33126
4.16888
4.24356
4.01702
4.48781
4.19867
4.73516
4.43686
4.66485
4.12866
4.24001
5.15763
4.22718
5.11509
5.06845
4.14476
3.94154
4.16649
4.47923
3.91202
inf
4.15005
4.32498
5.18009
4.40428
4.17985
4.54744
4.23477
4.54593
4.30105
4.22622
4.47528
4.15008
4.24274
4.18565
4.19195
4.18592
4.97486
4.03281
4.35934
4.84143
4.57186
5.36678
4.32272
4.59256
4.76913
4.3191
4.5238
4.42976
4.13491
4.26433
4.53935
4.58894
5.03199
4.37327
4.26184
4.21507
4.59534
4.38638
4.97027
4.74762
4.36397
4.48875
4.43999
4.50202
4.4118
4.4877
4.44124
3.97168
4.26619
4.18874
4.51569
4.55415
4.39113
4.31526
4.74152
4.43841
4.31171
4.32411
4.22079
4.11395
