4.07291
3.93621
3.77415
3.71259
3.72302
3.5861
3.60721
3.48736
3.53809
3.45082
3.4043
3.46801
3.40808
3.46571
3.50759
3.53124
3.41623
3.38404
3.26791
3.28447
3.49648
3.29033
3.4154
3.34941
3.31738
3.25722
3.21923
3.28517
3.23104
3.26238
3.35234
3.35731
3.36813
3.24889
3.36199
3.20801
3.403
3.25653
3.33609
3.3256
3.20105
3.2379
3.35026
3.1707
3.29161
3.36052
3.23112
3.06644
3.24613
3.13717
3.28976
3.19025
3.207
3.3324
3.2511
3.21681
3.09745
3.27342
3.15222
3.30147
3.15126
3.34865
3.29744
3.4627
3.28765
3.39502
3.19614
3.1495
3.26631
3.26871
3.42713
3.17824
3.18756
2.9806
3.23588
3.14867
3.40192
3.19946
3.34212
3.28327
3.2078
3.13515
3.24
2.98629
3.00892
3.3167
3.21894
3.16969
3.34601
3.27951
3.13494
3.30631
3.23326
3.26184
3.24955
3.02764
3.3499
3.26456
3.29352
3.09426
3.12352
3.0408
3.31139
3.044
3.20416
3.16905
3.30981
3.28185
3.17276
3.07829
3.06317
3.15606
3.14765
3.34333
3.03784
3.11936
3.23691
3.1982
3.11005
3.17239
3.19249
3.23743
3.53063
3.24509
3.1237
3.16536
3.20566
3.18545
3.16636
3.39296
3.25471
3.23152
3.22175
3.04471
3.07521
3.33207
3.11026
3.31383
3.26695
3.4107
3.23508
3.06916
3.1428
3.31307
3.42839
3.1397
3.18504
3.21829
3.24588
3.20713
3.49005
3.2584
3.1802
3.21345
3.11989
3.31354
3.18982
3.10014
3.1832
3.32904
3.2292
3.03308
3.20406
3.17617
3.10391
3.18787
3.22997
3.12353
3.31552
3.20256
3.17675
3.20197
3.33724
3.35212
3.16972
3.2181
3.24083
3.20932
3.23942
3.00608
3.16743
3.06999
3.27339
3.32307
3.41867
3.10118
3.1434
3.03332
3.09995
3.26085
3.14112
3.1344
3.16436
3.109
3.05172
3.09783
3.18445
3.12428
3.05561
3.17517
3.01832
3.24235
3.13403
3.26126
3.06617
3.10775
3.27583
3.08746
3.06875
3.43807
3.1839
3.28572
3.06275
3.31232
3.42922
3.12825
3.22583
3.22409
3.17932
3.17738
3.17961
3.29634
3.10317
3.39678
3.30485
3.29541
3.22292
3.22864
3.24098
3.04461
3.37139
3.1226
3.15269
3.2967
3.2488
3.30032
3.24878
3.36284
3.18932
3.37487
3.0416
3.37728
2.99879
3.15107
3.32253
3.1997
3.1552
3.19669
3.26579
3.08279
3.28216
3.37238
3.28756
3.12203
3.29968
3.11247
3.29889
3.40682
3.08674
3.00406
3.26283
3.1874
3.34147
2.99112
3.11718
3.14637
3.14709
3.15213
3.26463
3.07769
3.18218
2.99942
3.29473
3.18354
3.14361
3.2209
3.12811
3.08087
3.25053
3.22596
3.23321
3.34517
3.15472
3.1926
3.01064
3.17186
3.13384
3.19942
3.30022
3.16246
3.23165
3.33913
3.33461
3.22424
3.46037
3.38429
3.0917
3.34569
3.20448
3.19832
3.18236
3.26142
3.22868
3.18316
3.16387
3.05429
3.04157
3.26324
3.38305
3.19584
3.40292
3.00881
3.30655
3.31881
3.17228
3.17754
3.42214
3.0831
3.31357
3.2351
3.1492
3.23052
2.84309
3.25773
3.11971
3.1418
3.33458
3.27281
3.24935
2.83744
3.11692
3.13788
3.21072
3.0514
3.335
3.14911
3.18868
3.07123
3.40078
2.91623
3.17612
3.1399
3.10744
3.0891
3.25941
3.14697
3.0186
2.97469
3.2462
3.25129
3.09248
2.98125
3.2383
3.12969
3.27938
3.1722
3.23164
3.1865
3.08856
3.11861
3.23101
2.98405
3.43412
3.18154
3.23505
3.17475
3.19315
3.13513
2.94431
2.86835
3.03706
3.33023
3.05201
3.03259
3.3085
3.11327
3.09043
3.1517
3.15503
3.24732
3.18189
3.263
3.21016
3.26051
3.40606
3.22917
3.16884
3.2094
3.13381
3.19271
3.12324
3.25633
3.10843
3.01377
3.10413
3.13223
3.13682
3.21674
3.10699
3.21089
