3.36826
3.51595
3.59603
3.54458
3.61789
3.5618
3.55965
3.62591
3.61835
3.61178
3.55173
3.64145
3.6987
3.61054
3.71465
3.62106
3.75199
3.62631
3.69498
3.85817
3.78078
3.56145
3.81107
3.7234
3.63215
3.66446
3.63089
3.70538
3.60409
3.67375
3.6309
3.66124
3.72937
3.94662
3.8043
3.78302
3.69259
3.66993
3.47065
3.93113
3.70403
3.68324
3.57819
3.75849
3.82374
3.81591
3.77734
3.66202
3.65481
4.00548
3.68711
3.67321
3.76321
3.81998
3.63507
3.7232
3.46014
3.77064
3.73505
3.49194
3.89739
3.87972
3.84866
3.70412
3.48745
3.94307
3.55575
3.6341
3.67502
3.71315
3.7246
3.95156
3.71989
3.65998
3.74015
3.46744
3.47936
3.62372
3.46358
3.52173
3.76393
3.44418
4.13526
3.7812
3.90809
3.64646
3.69176
3.50577
3.71146
3.76598
3.57535
3.86127
3.71143
3.9152
4.11055
3.6896
4.0586
3.83073
3.82783
3.61628
3.6077
3.58209
3.71054
3.39675
3.70893
3.57181
3.80128
3.52936
3.92403
3.48786
3.59471
3.71278
3.92643
3.98546
3.80976
3.88487
3.96354
3.83158
3.61232
3.90492
3.62995
3.73908
3.61783
4.02212
3.77314
4.05991
3.85986
3.64167
4.04879
3.74439
3.79083
3.58742
3.67057
3.72356
3.68326
3.65357
3.4838
3.37727
3.64668
3.80308
3.7404
3.59508
3.72433
3.81982
3.62014
3.99628
3.75481
3.4364
3.79946
3.73633
3.59006
3.48318
3.67585
3.86083
3.69899
3.60572
3.84534
4.04193
3.57672
3.45056
3.6182
3.55223
3.5803
3.53515
3.49538
3.7247
3.76028
3.74049
3.70486
3.65378
3.45827
3.46384
3.65212
3.48595
3.6852
3.39224
3.41369
3.49602
3.50823
3.62184
3.73084
3.78622
3.5336
3.76779
3.89541
3.8093
3.6686
3.69349
3.83266
3.6392
3.38872
3.62967
3.74549
3.51614
3.625
3.56231
3.48263
3.61511
3.29036
3.57514
3.82522
3.38539
3.61881
3.70328
3.49725
3.81943
3.85667
3.95138
3.84626
3.55946
3.76161
3.65252
3.68747
3.91124
4.03458
3.69644
3.48222
3.61968
3.63591
3.72943
3.55313
4.04094
3.79045
3.44598
4.23715
3.96184
3.37575
3.96995
3.66753
3.66724
3.61928
3.65571
3.6387
3.86283
3.75762
3.5824
4.16747
3.65421
3.77446
3.2326
3.75073
3.67962
3.81101
3.72038
3.85224
3.66072
3.73
3.47376
3.44523
3.78573
3.41362
3.71619
3.22549
3.72345
3.69714
3.51877
3.46564
3.89696
3.38679
3.36927
3.86578
3.64178
3.37699
3.77036
3.6428
3.57188
3.60122
3.79195
3.86538
3.56478
3.6066
3.35208
3.75321
3.65469
3.42689
3.47766
3.43627
3.60858
3.85839
3.47859
3.45646
3.99783
3.76567
3.49005
3.68579
3.47039
3.59806
3.41131
3.56565
3.65353
4.54468
3.28021
3.652
3.37905
3.51566
3.49542
3.69008
3.37922
3.40286
3.70697
3.90689
3.52909
3.77649
3.41503
3.65139
3.58743
3.67138
3.60824
3.50747
3.70821
3.64764
3.6523
3.5941
3.49355
3.39937
3.3177
3.53452
3.40644
3.44473
3.53419
3.68123
3.18914
3.75594
3.7172
3.8468
3.56718
3.41497
3.34576
3.80159
3.41839
3.40741
3.25578
3.75017
3.82504
3.65864
3.82525
3.56711
3.58384
3.36203
3.65765
3.40806
3.20869
3.41862
3.60208
3.33375
3.46103
3.96333
3.71526
3.36548
3.37231
3.42562
3.63368
3.31872
3.23029
3.58687
3.372
3.60581
3.38586
3.31913
3.2298
3.35265
3.3672
3.46523
3.26726
3.551
3.64532
3.36711
3.27485
3.24096
3.39912
3.28904
3.58924
3.37525
3.70456
3.1942
3.69408
3.61692
3.3417
3.3365
3.3058
3.43793
3.57787
3.44011
3.64494
3.25152
3.43188
3.51092
3.50609
3.41875
3.62176
3.74752
3.58131
3.62052
3.57619
3.60687
3.53742
3.59639
3.49355
3.4746
3.5695
