4.4783
4.22746
4.02449
3.97445
3.81076
3.82413
3.69779
3.65727
3.673
3.54379
3.56362
3.38793
3.51106
3.41513
3.43166
3.31397
3.44631
3.38918
3.25354
3.38966
3.37366
3.28965
3.32745
3.37121
3.34665
3.33999
3.37186
3.41856
3.27396
3.47712
3.32208
3.35648
3.35746
3.27256
3.27471
3.31209
3.22207
3.30854
3.29469
3.54986
3.22279
3.46187
3.40024
3.45373
3.26575
3.39833
3.36492
3.32615
3.38757
3.27087
3.33096
3.51667
3.30752
3.31057
3.34879
3.26387
3.21237
3.29099
3.25156
3.25788
3.28173
3.19923
3.29078
3.24899
3.19336
3.19854
3.24044
3.20729
3.30525
3.19608
3.16437
3.25186
3.1216
3.23587
3.09958
3.31751
3.20783
3.24846
3.23631
3.15218
3.0796
3.18857
3.36015
3.17651
3.20634
3.30913
3.14768
3.28595
3.17712
3.30478
3.235
3.25604
3.22295
3.14237
3.13636
3.27352
3.26534
3.21897
3.30693
3.31087
3.36538
3.33664
3.44282
3.30496
3.36766
3.16969
3.11518
3.30946
3.26989
3.34221
3.13191
3.09321
3.07257
3.31514
3.12572
3.03205
3.11813
3.19865
3.06499
3.21571
3.23967
3.15624
3.35463
3.3522
3.14939
3.20586
3.13152
3.24223
3.046
3.15172
3.06051
3.13838
3.314
3.25924
3.1095
3.01427
3.19285
3.10239
3.12438
2.98791
2.95162
3.07356
3.27552
2.96226
3.16748
3.09659
3.08775
3.00069
3.37837
3.11781
2.93737
3.07577
3.10026
3.27667
3.07037
3.03789
3.10601
3.03466
3.03254
2.95557
3.04006
2.92594
2.91793
2.96869
3.07347
2.95855
3.15011
3.1275
3.08878
3.22745
2.98547
3.25948
3.17353
3.08536
3.10381
2.91518
3.12788
3.06897
3.08057
2.99429
3.13363
2.94913
3.29252
2.84577
3.02461
3.18003
3.04788
2.90882
2.9995
2.84782
3.00766
3.03725
2.96271
2.92494
2.89665
2.93232
2.83492
2.85104
2.93411
2.96705
2.96211
2.96398
3.04959
3.06349
2.88682
2.88281
2.99091
2.91233
2.88037
2.83192
3.01987
2.98013
2.84055
3.06211
2.93324
3.00053
2.89202
2.88816
2.97207
3.20629
3.05576
2.87613
2.94466
2.82356
2.80095
2.83408
2.76365
3.00525
2.7971
3.01916
3.10531
2.78451
2.98288
2.83446
2.79412
2.6459
3.00489
3.03354
2.81138
2.84428
2.7959
2.76208
2.98613
2.87374
2.67166
2.76905
2.80243
2.79466
2.99334
2.96427
2.97735
2.88864
2.88357
2.85213
2.81496
3.01621
2.78132
2.85994
2.8118
2.77111
2.88358
2.909
2.68544
2.97596
2.57141
2.88775
2.80012
2.99404
2.8939
2.84197
3.06267
2.96548
2.80789
2.74854
2.77752
2.81844
3.02481
2.62843
2.9488
2.84795
2.82971
2.80499
2.87396
2.86302
2.8685
2.8454
2.75988
2.91656
2.98269
2.90979
2.75339
2.87577
2.77755
2.67557
2.66177
2.84889
2.77381
2.71475
2.7981
2.92297
3.09959
2.82955
2.80848
2.95628
2.9922
2.91697
2.94389
2.89368
2.81805
2.99831
2.73639
2.75325
2.8647
2.66079
2.94997
3.01823
2.88234
2.89877
2.9234
2.92211
3.00179
3.1047
2.93553
2.84955
2.95214
2.7706
2.90621
2.99373
2.91546
2.89875
2.67877
2.79616
2.81246
2.689
2.75258
2.91723
3.00191
2.83437
3.07239
2.86793
2.89338
2.97097
2.80812
3.01924
3.01509
3.12545
3.00181
3.0177
2.86068
2.96856
3.1012
2.81876
2.94044
2.76393
3.02492
2.78056
3.1587
3.17942
3.10152
3.13527
3.07915
2.99539
2.95899
3.00146
3.00752
3.0161
2.97634
3.38389
2.86909
2.70263
2.87371
3.08981
2.79257
2.83708
3.12984
3.04262
3.03766
2.98654
3.07023
3.1145
3.06111
2.93104
3.04889
3.16349
2.89082
3.15673
3.23489
3.13704
2.88554
3.16535
2.9914
3.04697
3.13644
2.94046
3.06477
2.88653
3.05179
3.0052
3.0312
2.90182
