3.7651
3.70079
3.69358
3.65551
3.6557
3.54632
3.51627
3.70805
3.50654
3.58143
3.51351
3.48886
3.75896
3.60524
3.43944
3.59232
3.50311
3.50058
3.48334
3.5429
3.52564
3.50525
3.33865
3.49004
3.55127
3.50238
3.49679
3.46673
3.42372
3.43616
3.35059
3.27649
3.58302
3.50986
3.4323
3.45485
3.46155
3.48096
3.38583
3.20006
3.55227
3.55321
3.46834
3.40631
3.4348
3.55374
3.44531
3.3505
3.24626
3.44371
3.53905
3.38232
3.52358
3.54365
3.34533
3.32973
3.22257
3.3703
3.56014
3.58651
3.30172
3.62015
3.38465
3.39324
3.39018
3.2843
3.43043
3.46619
3.32933
3.35749
3.28333
3.32111
3.34292
3.57454
3.34235
3.46958
3.45497
3.44451
3.63556
3.36002
3.31754
3.40904
3.41109
3.46231
3.27248
3.23835
3.22825
3.72986
3.33519
3.41681
3.4169
3.55945
3.26645
3.34963
3.4251
3.29669
3.31672
3.37331
3.24852
3.54521
3.68228
3.32046
3.49747
3.44383
3.29664
3.47139
3.30057
3.28995
3.47595
3.17088
3.55455
3.45041
3.325
3.47274
3.29999
3.3417
3.38239
3.17769
3.38937
3.19474
3.48215
3.43737
3.28826
3.28434
3.3484
3.46591
3.42098
3.3405
3.47839
3.36978
3.39339
3.26748
3.30247
3.33283
3.48288
3.24341
3.29708
3.24195
3.21895
3.34545
3.26057
3.12154
3.45261
3.3163
3.3064
3.27777
3.29751
3.16726
3.4523
3.31352
3.54731
3.43897
3.29998
3.20312
3.17179
3.03156
3.30716
3.10477
3.24886
3.50643
3.24641
3.34262
3.19626
3.25096
3.54989
3.20416
3.3527
3.37781
3.39982
3.20449
3.35915
3.39365
3.44659
3.33175
3.24456
3.27277
3.27614
3.25478
3.16638
3.42499
3.48806
3.55557
3.45338
3.38992
3.25919
3.48574
3.27318
3.29603
3.33963
3.39197
3.08825
3.10594
3.26545
3.4783
3.20479
3.35527
3.21711
3.27424
3.19987
3.31742
3.25583
3.02137
3.11914
3.25192
3.04836
3.28066
3.42113
3.38791
3.76774
3.22658
3.40855
3.23678
3.17881
3.36505
3.17431
3.4438
3.30081
3.15933
3.27043
3.31665
3.18841
3.13327
3.11155
3.25154
3.41563
3.30953
3.28481
3.09891
3.18062
3.45785
3.33234
3.0338
3.36069
3.22038
3.30246
3.19223
3.17395
3.42613
3.37898
3.17874
3.32157
3.37678
2.97857
3.15116
3.29622
3.23248
3.11762
3.24553
3.19318
3.24464
3.00284
3.22289
3.29511
3.15491
3.29174
3.38261
3.33171
2.95387
3.27886
3.0213
3.16233
3.16934
3.12727
3.31569
3.18451
3.45335
3.34413
3.00732
3.34057
3.07465
3.22126
3.04415
3.10108
3.2842
3.13196
3.32898
3.3701
3.1863
3.08364
3.37171
3.16222
3.3668
3.06505
3.06237
3.25044
3.14551
3.35634
3.16657
3.23159
3.45083
3.09458
3.04376
3.15705
3.02543
3.33963
3.17091
3.06985
2.99637
3.04178
3.23348
3.26586
3.13143
3.24357
3.52038
3.29089
2.99841
3.42391
3.19513
3.13858
3.19298
2.97821
3.37412
3.06068
2.99182
2.95576
3.26365
2.94961
3.18153
3.10009
2.97257
3.03469
3.04239
3.15989
2.99477
3.30882
2.99079
2.75268
3.44712
3.2203
3.08987
3.02659
2.89917
2.86482
3.02476
2.99917
3.25052
3.03533
3.09538
2.90787
2.96027
3.1352
2.94291
3.02459
2.90683
3.29131
3.27439
3.20505
3.46629
3.1258
2.95573
2.99279
2.99901
3.05464
3.40813
3.0379
3.02506
2.97819
3.02905
3.25653
3.05668
3.12416
2.95066
3.11466
2.9
3.15162
2.93027
3.10947
3.03197
2.90302
3.02898
2.99186
2.96407
2.91429
2.9704
2.95239
2.99939
2.87331
3.07906
2.84093
3.00577
2.88205
2.90707
2.76997
3.0756
2.96545
2.97744
2.77733
3.21581
2.90777
3.03306
3.01013
3.04248
2.93973
3.11384
2.95007
3.09437
3.06034
3.01417
3.03203
3.07723
