3.24125
3.42226
3.42943
3.53178
3.50473
3.53593
3.5752
3.59226
3.72453
3.61607
3.68973
3.76439
3.7853
3.89176
3.76072
3.75163
3.7756
3.69653
3.84862
3.91231
3.77343
3.80185
3.82637
3.86988
3.81495
3.75912
3.86568
4.11712
3.85563
4.05297
4.06562
4.01597
3.80204
4.08364
3.88779
3.92717
4.14293
3.97529
3.86532
4.20639
3.97104
3.92147
3.82914
4.04229
3.90064
3.78179
3.72568
3.7352
3.87462
4.13654
4.0936
3.99528
3.69348
4.15397
3.71304
3.83336
3.99639
4.09741
3.82596
3.87318
3.76303
4.11182
4.09626
3.89693
4.24417
3.91983
3.81424
3.82692
3.90002
3.71116
4.05691
4.09421
4.019
4.05743
4.24708
3.88383
3.83342
4.03938
4.09628
3.97884
4.4163
3.57367
4.14433
3.92067
3.92185
3.80312
3.70095
3.8338
3.65586
3.874
4.01481
4.22175
4.45235
3.88048
4.22257
3.64605
4.32421
4.24557
3.61187
3.85249
3.69473
4.16745
3.77523
3.73413
3.99856
3.64725
4.08283
3.96217
3.92992
3.91883
3.91406
3.77596
3.96591
3.86114
3.74109
3.9442
3.78947
3.72492
3.86665
4.02715
4.01617
3.96771
3.84992
3.81867
3.94499
3.72202
3.51221
4.0067
4.00668
3.96502
3.91004
4.27112
3.74527
3.68482
3.77809
3.93085
3.92781
3.74673
3.79389
3.88695
4.13455
3.76059
3.931
3.89511
3.8726
3.85131
4.04798
4.03674
4.05046
3.71222
3.81718
3.83274
3.7464
3.9112
4.15347
4.03086
3.85389
3.72394
3.88428
3.86775
4.34432
3.95854
3.71692
3.74468
3.96943
3.94686
3.9483
3.84267
3.94051
4.23363
4.00056
3.73237
4.1395
4.04931
3.614
4.00868
3.7193
4.11164
3.92467
3.67463
3.90279
3.77878
3.92375
3.88587
4.08523
3.71251
3.89182
3.8208
3.7969
3.78831
4.08591
3.84172
3.88338
3.97694
3.67778
3.91512
4.23512
3.73466
4.01825
3.7997
4.03941
3.90315
3.79436
3.79125
3.91579
3.70256
4.09016
3.91629
4.01105
3.69332
3.74025
3.73804
4.09658
4.212
4.04031
4.34811
3.50282
3.64603
3.82977
3.81576
3.73491
4.17772
3.93928
3.63667
3.95082
3.99878
4.28983
3.83211
3.83608
3.60267
4.16704
3.89669
3.95081
4.75188
3.89756
3.96324
3.96461
3.7973
3.50179
3.70883
4.10311
4.19422
3.6097
3.86852
4.12049
3.9764
3.99626
4.24963
3.51655
3.95476
3.7409
3.69536
3.68006
4.10149
3.91939
4.11951
4.00895
3.86201
3.45456
3.88462
3.59999
4.18564
4.4261
4.00928
3.6
4.01332
3.81385
inf
4.09857
4.16043
3.69315
4.05431
3.89079
4.08172
3.90063
4.10535
4.29925
4.3077
3.85796
3.56154
3.71303
3.89441
3.8451
3.96991
3.87396
3.59527
3.84486
4.56484
4.69479
3.96132
4.01314
3.76086
3.77229
3.9188
4.56303
4.49449
3.83744
inf
3.85509
inf
4.08974
inf
4.0622
4.52801
4.53987
3.28228
4.42401
inf
3.95054
3.80516
3.96029
4.3952
4.40211
4.3633
3.57946
4.02995
4.37272
inf
3.67123
3.60279
inf
4.15752
3.51888
3.94687
4.09759
inf
3.88453
4.35048
inf
3.54079
inf
3.87337
inf
inf
3.93104
4.22646
4.16105
4.09586
4.19021
inf
4.22285
3.88601
3.85695
4.17071
4.00847
4.25861
4.21423
inf
inf
3.56523
4.16368
4.21236
4.1709
inf
inf
4.07094
inf
4.22601
inf
inf
inf
4.26999
inf
4.27417
inf
inf
inf
inf
inf
inf
4.27796
inf
inf
4.3058
inf
inf
inf
inf
4.33314
inf
inf
inf
inf
inf
inf
inf
inf
inf
inf
inf
inf
inf
inf
inf
inf
inf
inf
inf
inf
inf
