3.61838
3.56715
3.58502
3.52243
3.58234
3.48322
3.56345
3.49415
3.49668
3.5007
3.41241
3.57134
3.61856
3.46096
3.54681
3.37651
3.40008
3.62075
3.5741
3.40512
3.40587
3.66737
3.49732
3.48095
3.49183
3.44816
3.42476
3.38525
3.45432
3.29886
3.47564
3.50652
3.31567
3.53796
3.4907
3.63252
3.4947
3.72733
3.24575
3.4875
3.83667
3.58344
3.44437
3.58132
3.60926
3.52508
3.37274
3.52973
3.32388
3.42592
3.59015
3.49074
3.41786
3.36635
3.57734
3.43843
3.53896
3.47549
3.49316
3.19806
3.43328
3.63082
3.55335
3.41351
3.7189
3.56159
3.39146
3.41609
3.35599
3.50803
3.51904
3.75458
3.50507
3.64171
3.44213
3.55457
3.56582
3.47752
3.52624
3.28693
3.51635
3.55302
3.53277
3.2866
3.34717
3.38204
3.6604
3.56083
3.47656
3.6223
3.42413
3.50433
3.47022
3.57579
3.36704
3.59388
3.55501
3.41186
3.42934
3.42642
3.41787
3.52096
3.31915
3.1292
3.52856
3.61931
3.68577
3.36575
3.6339
3.57078
3.40287
3.42281
3.35281
3.47471
3.65265
3.33662
3.42869
3.43996
3.60409
3.38532
3.38701
3.21607
3.34929
3.36496
3.38836
3.47985
3.31958
3.54
3.45188
3.31706
3.58285
3.20625
3.52076
3.35315
3.50665
3.4148
3.44194
3.31023
3.46867
3.29748
3.40221
3.53225
3.40688
3.53194
3.64769
3.46274
3.2656
3.63614
3.61674
3.67455
3.94476
3.28929
3.41131
3.4205
3.31172
3.40255
3.44335
3.30295
3.43365
3.60953
3.54497
3.29441
3.46817
3.54604
3.23496
3.42385
3.32158
3.27642
3.45313
3.34658
3.48779
3.39979
3.26284
3.32727
3.37779
3.41261
3.47153
3.42079
3.42108
3.33387
3.41419
3.40228
3.20755
3.47506
3.38147
3.56939
3.30174
3.33666
3.3924
3.19305
3.19039
3.471
3.32361
3.65755
3.2424
3.31342
3.5075
3.35805
3.21795
3.21878
3.32781
3.26725
3.50976
3.28994
3.63087
3.50994
3.33804
3.5099
3.27157
3.24736
3.26865
3.26067
3.24921
3.43106
3.48653
3.47451
3.62801
3.27424
3.2442
3.12979
3.60916
3.34068
3.32154
3.40511
3.65429
3.49231
3.17308
3.21759
3.36355
3.54296
3.55986
3.3232
3.22396
3.33576
3.4051
3.22989
3.34294
3.40476
3.31776
3.53798
3.47848
3.36169
3.32129
3.31092
3.19427
3.29251
3.53763
3.38319
3.27743
3.36938
3.20445
3.44853
3.48515
3.4024
3.5632
3.22616
3.39991
3.38757
3.35936
3.4828
3.71424
3.13037
3.32377
3.96088
3.37522
3.47387
3.32594
3.37358
3.17758
3.27186
3.42039
3.52958
3.554
3.56952
3.47089
3.19189
3.44602
3.44367
3.65735
3.31536
3.34646
3.36447
3.27822
3.14387
3.30882
3.56627
3.38172
3.24626
3.3916
3.15909
3.47674
3.3547
3.40203
3.10003
3.79039
3.4565
3.15395
3.4315
3.30123
3.44029
3.0657
3.40254
3.45102
3.24577
3.22071
3.4898
3.43591
3.11696
3.63698
3.30789
3.29603
3.14917
3.45692
3.32725
3.33312
3.4821
3.25612
3.3443
3.71682
3.5686
3.71725
3.37688
3.60088
3.18938
3.20058
3.36468
3.22037
3.35256
3.28363
3.55107
3.33903
3.31776
3.25325
3.27165
3.43872
3.0677
3.42081
3.0641
3.9995
3.1996
3.35615
3.23836
3.17064
3.33347
3.43333
3.25061
3.52776
3.02232
3.28696
3.52078
3.33818
3.56597
3.34843
3.44907
3.26889
3.33396
3.4976
3.26544
3.40029
3.06815
3.14406
3.76209
3.33115
3.32265
3.33078
3.40102
3.31399
3.27942
3.19285
3.17405
3.2813
3.14788
3.15446
3.21398
3.10164
3.30565
3.31813
3.3273
3.21444
3.23789
3.49544
3.29639
3.27892
3.31431
3.3144
3.30434
3.3168
3.09936
3.31914
3.08051
3.25171
3.27211
3.40196
3.44824
3.4222
3.39328
3.36109
3.35268
3.51296
3.34146
