3.27796
3.46493
3.53845
3.59929
3.55182
3.63617
3.72056
3.69685
3.6437
3.80815
3.98294
3.78341
3.68379
3.83214
3.91452
3.94373
3.78435
3.72236
3.75625
3.66635
3.90599
3.9484
3.74474
3.7892
3.84827
3.90313
3.76916
3.95509
3.7578
3.95604
3.7702
3.6435
3.95511
4.11731
4.15524
4.09701
3.87229
3.7918
3.69528
4.05431
3.80359
3.83421
3.69419
3.74209
3.85051
3.90167
3.6876
3.69206
4.20907
3.80938
3.68096
3.6975
3.66507
3.75921
3.90867
3.80183
3.98012
3.81306
3.88848
4.0425
3.53182
4.01837
4.01173
3.7663
3.76517
3.83633
3.66435
3.67334
3.92468
4.03614
3.81366
3.7144
3.6979
3.81018
3.75924
3.72463
3.94357
3.64737
4.02154
3.87111
3.57913
3.84469
3.70527
3.79117
4.04807
3.6192
3.8634
4.04779
3.63521
3.93583
3.87819
3.71403
4.01211
3.61643
3.92554
3.93733
4.01648
3.88932
3.99056
3.73201
3.75433
3.91306
3.56982
3.90004
3.61676
3.78068
3.74665
3.94014
3.89385
3.85133
4.0021
3.93885
4.3369
3.89207
3.78458
3.82574
4.00184
3.6699
3.73866
3.63905
4.04331
3.51397
3.88018
3.85155
3.97952
3.96775
3.52512
3.67909
4.16828
4.17233
3.88185
3.6309
3.7638
3.81818
4.08762
3.8778
3.60759
3.93512
3.53496
3.66197
3.88932
3.89083
4.09645
3.73053
3.7292
4.07058
3.63998
3.66645
3.73655
4.131
3.86402
3.76218
3.85404
3.90845
3.95511
3.99568
3.76603
4.60012
3.61105
3.83759
3.8903
3.77299
3.82215
3.72527
4.14954
3.6674
3.73537
3.9908
4.73744
3.881
3.83746
3.86518
3.99021
3.68131
3.74901
3.62571
3.66046
3.77346
3.83124
3.80531
3.80058
4.28937
4.12012
3.87808
3.63673
3.51774
3.61035
3.87891
3.76486
3.53411
3.71038
3.89185
4.10321
3.59081
4.03272
3.61851
3.60354
3.67659
3.53435
3.63565
3.70785
3.49986
3.81615
3.38636
3.57856
3.70779
3.45986
3.90782
3.93649
3.98428
3.96126
3.77073
3.83122
3.63698
4.67226
3.51841
3.83419
3.58997
3.41111
3.62934
3.90594
4.14858
3.69314
3.85635
3.58734
3.54095
4.09757
3.72154
3.25849
3.81685
4.22547
3.43463
3.71366
4.03796
3.48761
3.84437
3.53276
4.27216
3.95085
4.24021
3.62303
3.66203
3.4553
3.75544
3.52994
3.716
4.13177
4.18848
3.97824
3.96245
3.5062
3.54456
3.31098
3.4015
3.47773
3.72164
3.96196
3.81973
3.54433
3.89219
3.97132
4.25448
3.58241
4.3374
3.73432
3.99548
4.32921
3.44804
3.56559
3.625
3.6541
3.42574
3.82667
3.92391
3.78524
4.44961
4.1245
4.26015
3.80274
3.91169
3.69898
4.64512
3.85544
3.66068
4.04886
inf
4.07724
4.1374
inf
4.2065
3.39509
3.76861
4.22465
3.98634
4.46627
3.63786
4.22772
3.80578
3.83096
4.61562
4.19196
4.15796
4.1875
3.80516
4.04441
4.3904
4.03822
3.14195
4.50544
4.0956
3.87016
4.53441
3.84997
4.10648
4.06738
3.6646
4.19182
3.63932
3.84843
4.10969
4.47908
inf
3.4945
3.61659
4.03395
inf
inf
4.46357
4.34022
4.40702
3.9548
3.71593
4.44144
4.43068
3.5798
4.2459
3.73947
3.71511
3.61026
4.41227
3.94834
3.75393
4.38905
4.35276
3.97122
3.94148
3.63143
3.93902
4.34677
3.87174
4.3652
4.31008
inf
3.68776
3.70003
inf
4.25865
3.66466
3.88666
4.3893
inf
4.40492
4.38254
inf
3.53829
3.99076
3.55745
3.98232
3.72721
inf
4.02228
3.58618
inf
3.7637
inf
4.45205
3.62874
3.78766
3.78939
4.06254
3.83389
3.68805
3.65451
4.50059
4.13654
3.89382
3.76719
3.3476
3.7902
3.80472
4.00623
3.73453
3.66797
3.95052
4.38311
3.56014
3.37601
3.66354
3.65622
3.1499
