3.15482
3.34612
3.40183
3.46871
3.59348
3.68472
3.80049
3.6426
3.66746
3.79756
3.78761
3.80872
3.91715
3.87844
3.83104
4.00872
4.13757
4.00538
4.11204
3.9302
4.16004
3.94924
4.21388
4.15336
4.31873
4.04093
3.97331
4.1258
4.24693
4.08564
4.04565
4.31231
4.60334
4.22602
3.99799
4.5062
4.07462
4.09586
3.99569
4.02915
4.13482
4.00188
4.22672
3.95838
4.32205
4.43387
4.01907
3.93514
4.02259
4.21151
4.22751
4.41923
4.02269
3.97294
4.40358
4.16104
4.38253
4.22616
4.01419
4.28858
3.92374
4.12165
3.92719
3.90344
3.95599
4.54148
3.6692
3.95198
4.01233
3.99061
4.14421
4.66457
4.16151
4.07784
4.29262
4.30028
4.41266
4.61323
4.13252
4.05542
4.42136
3.99233
4.22193
4.04725
4.08482
4.207
4.27654
4.09517
4.07094
3.93519
4.18575
4.3407
4.13402
4.00912
4.15031
4.47191
4.01753
3.98799
4.05753
4.04277
3.93639
4.27593
3.95061
4.24028
3.88651
3.99083
4.31467
4.75487
4.3534
4.13519
4.50469
4.32914
4.22634
4.24729
4.02911
4.50383
4.2001
4.45775
3.92174
4.03106
3.99428
3.96767
3.6917
4.13492
4.12745
4.52768
3.91239
4.60767
5.43096
4.25512
4.42818
4.24443
4.80816
4.13886
4.43478
4.45907
4.36036
4.12518
4.2969
4.70291
4.19541
4.41416
4.3004
4.55067
5.1831
4.46734
4.77713
4.25268
4.32426
4.01235
4.16324
3.70975
4.78056
4.58075
3.9867
4.46587
4.08469
4.07985
4.65531
3.75184
4.89022
4.17821
4.40205
5.04978
4.13683
4.39267
4.19378
4.62683
4.26384
4.01289
3.83071
4.22625
4.14036
4.1319
4.92982
4.26705
4.48379
4.84703
4.38371
4.49864
inf
4.43601
inf
4.47319
inf
4.85829
4.37853
4.85313
4.84576
inf
inf
4.14454
inf
inf
4.35067
inf
inf
inf
4.76523
4.72225
inf
4.63156
inf
inf
inf
inf
inf
inf
inf
inf
inf
inf
inf
inf
inf
inf
inf
inf
4.37322
inf
4.39667
inf
inf
inf
inf
inf
inf
inf
inf
inf
4.31915
inf
inf
inf
inf
inf
inf
inf
inf
inf
inf
inf
inf
inf
inf
inf
inf
inf
inf
inf
inf
inf
inf
inf
inf
inf
inf
inf
inf
inf
inf
inf
inf
inf
inf
inf
inf
inf
inf
inf
inf
inf
inf
inf
inf
inf
inf
inf
inf
inf
inf
inf
inf
inf
inf
inf
inf
inf
inf
inf
inf
inf
inf
inf
inf
inf
inf
inf
inf
inf
inf
inf
inf
inf
inf
inf
inf
inf
inf
inf
inf
inf
inf
inf
inf
inf
inf
inf
inf
inf
inf
inf
inf
inf
inf
inf
inf
inf
inf
inf
inf
inf
inf
inf
inf
inf
inf
inf
inf
inf
inf
inf
inf
inf
inf
inf
inf
inf
inf
inf
inf
inf
inf
inf
inf
inf
inf
inf
inf
inf
inf
inf
inf
inf
inf
inf
inf
inf
inf
inf
inf
inf
inf
inf
inf
inf
inf
inf
inf
inf
inf
inf
inf
inf
inf
inf
inf
inf
inf
inf
inf
inf
inf
inf
inf
inf
inf
inf
inf
inf
