4.04926
4.14552
4.22114
4.03563
4.1782
4.15509
4.13351
4.08627
4.18961
4.26496
4.13418
4.10713
4.03684
3.96685
4.08484
4.20243
4.31782
4.47953
3.99184
4.61623
3.95711
4.15077
4.10862
4.35124
4.37465
4.13131
4.39139
3.95671
4.53925
4.29359
4.04056
4.8658
3.89066
4.4109
3.89535
4.284
4.23449
4.49284
4.81382
4.07095
4.19816
4.09474
4.2991
4.19793
3.8281
4.39553
4.66788
3.88184
4.02689
4.12455
4.39222
4.25426
3.92169
4.06522
4.10601
4.11099
4.57391
4.85127
3.96116
4.19193
4.20348
4.56275
4.01484
4.36089
4.19157
4.25655
4.35005
4.24819
3.87799
3.76583
3.99364
4.10161
4.40208
4.52623
4.00492
4.65123
4.24816
4.66967
4.08053
4.06351
4.86436
4.73227
4.51856
3.8049
4.25041
4.28417
4.2668
3.84622
4.07601
3.81744
3.9219
4.3361
3.87901
4.40187
4.11813
4.08462
5.09212
3.75661
3.97469
4.71251
4.01273
4.32167
4.49005
3.87372
4.17476
4.78085
4.23303
4.3206
4.01198
4.20965
3.76359
4.09037
3.85414
4.72425
4.03707
4.1119
4.26057
4.56006
4.35639
inf
4.06416
3.94882
4.15189
4.0785
inf
5.07901
4.17694
4.20277
4.21523
4.5797
4.2335
3.94867
4.16448
4.36105
4.18536
4.05466
5.04387
4.19674
4.33392
4.72737
4.5046
5.18608
4.7996
5.08832
5.2398
4.74288
4.09627
4.35821
3.80339
4.43208
3.9265
4.14495
4.33565
4.19494
4.21187
4.50758
4.78057
4.21391
4.78199
4.35867
4.13214
4.26885
3.7607
3.87052
4.1438
4.15805
4.05223
4.22328
4.33346
3.80778
4.39905
4.22648
4.52522
4.17121
4.17973
3.87455
4.28998
4.09518
4.62807
4.04783
4.08901
4.05414
4.65815
3.98383
4.4987
4.4257
3.99298
4.49574
4.27627
4.39612
4.01971
4.01767
4.45363
4.50234
4.28145
4.50147
4.1462
4.22319
4.04465
3.98196
4.36344
4.29262
3.86016
4.69897
4.31057
4.30069
4.38566
4.58112
4.4405
3.86013
4.59676
3.98317
4.52775
4.01294
4.5249
4.40518
4.13328
4.17628
4.13499
4.07236
4.94474
4.47171
3.9069
4.04964
4.32122
4.68346
4.51654
4.4187
4.13243
3.81293
4.41009
3.98005
3.94555
4.62192
4.27875
4.14292
4.27063
4.52538
4.18334
4.13335
4.27468
4.44108
3.86735
3.68463
4.23643
4.5869
5.13273
4.06559
4.56591
3.93308
4.19318
4.14158
4.34368
4.37553
4.41547
4.72508
4.2416
4.31182
4.1594
3.89766
4.37033
3.99215
3.88399
3.98475
4.02025
3.90983
4.33591
3.88654
4.2174
4.14616
4.32975
4.13419
3.72258
3.99441
4.53473
4.02205
4.33321
3.71875
4.27469
4.63729
4.08058
3.80445
5.28187
4.40492
3.96847
4.08611
5.04267
4.77251
4.27054
4.17959
4.78885
3.94126
4.15362
4.10462
4.86722
3.83341
3.84101
4.04305
4.26121
3.7609
4.06209
4.06552
4.12142
4.08885
3.99453
4.32008
4.12156
4.28347
3.90455
4.11589
3.73619
3.93119
4.05186
4.20542
4.00826
3.9647
3.84713
4.12136
4.06447
4.3539
3.83989
3.99538
4.03933
4.61763
4.37879
3.71747
4.45633
3.6316
3.9111
4.68777
3.79036
4.00964
3.98737
4.2524
4.18026
3.87179
4.0399
3.82269
4.03366
4.59684
4.31043
3.96321
4.08476
3.80846
4.69236
4.07974
4.01769
4.34063
4.11575
3.87031
4.02803
4.2872
4.12951
4.1252
4.47034
4.20248
4.2622
3.90281
3.77995
4.07307
4.02607
4.00524
4.09373
3.96024
3.93419
3.95554
3.8765
4.04352
3.96192
3.89316
3.88337
3.94506
3.98702
3.92515
4.03401
3.86567
4.01147
3.96614
3.92904
4.15844
4.35437
3.94249
4.06421
4.29816
4.1158
4.10178
4.00024
4.35827
4.21555
4.15592
4.45591
4.37903
4.34659
4.41501
4.34472
4.36875
4.66132
4.52888
4.78155
5.09459
