4.0291
4.21148
4.3925
4.2603
4.4823
4.36839
4.39326
4.56164
4.32333
4.19219
4.34298
4.14372
5.3272
4.93039
4.47761
4.38279
4.49828
4.76662
4.47807
4.54517
4.59589
4.31744
4.59866
4.94282
4.04833
4.01355
4.48161
4.4206
4.55684
4.83253
4.30168
4.92337
4.18222
4.8685
4.64906
5.07101
4.30198
4.11544
4.03737
4.41574
4.81189
4.69225
4.71276
4.39849
4.16021
4.75994
4.64482
4.89838
4.31925
4.31702
4.36826
4.94193
4.33995
4.95469
4.76925
4.39251
4.16265
4.83337
4.04627
4.75292
4.18029
4.20094
4.34413
4.44776
4.34913
3.90931
4.58594
3.96077
4.08905
4.02484
4.68581
4.69577
4.48272
4.27724
5.07965
4.24927
3.8144
4.32216
4.44962
4.34859
3.94963
4.99663
5.24766
inf
4.65049
3.97789
4.29012
4.26916
4.00194
3.78434
4.13778
4.3
3.93232
4.45254
4.49343
4.10629
4.7297
4.42367
inf
4.41106
4.10252
3.86706
5.0297
4.15935
4.40436
4.26798
4.23133
3.95843
4.66929
4.04809
4.08248
4.29729
4.3776
4.2926
4.61657
4.37456
4.54831
4.30857
3.97671
5.08016
4.1531
3.78648
4.11512
4.84979
4.20523
4.02237
4.65829
inf
4.24177
4.56761
4.19299
4.54147
4.00549
3.73404
4.31513
4.0926
4.23728
4.20207
4.07271
3.85937
4.05358
3.82638
4.63026
4.49793
4.74677
4.73008
4.12829
4.50326
4.27745
5.0103
4.10723
4.37155
4.05422
4.63648
inf
4.69972
4.71356
4.44177
4.29094
4.68276
3.86341
4.70072
4.45697
4.2439
4.39672
4.12402
4.42939
3.7833
4.06509
4.56153
4.29548
4.48785
4.59043
4.75623
4.44754
4.41058
4.3607
4.10509
4.39868
4.13755
4.54326
4.29444
3.8184
4.50184
4.43324
4.09621
4.06963
3.93184
4.39669
3.99772
4.01409
4.22299
4.14086
4.4583
4.22435
4.09838
4.69545
4.04323
3.97014
4.26577
4.10552
4.09647
4.21119
4.21938
4.18454
3.93366
4.24487
4.61328
3.97335
3.7613
4.26419
3.991
4.37704
4.29866
4.35969
4.179
4.24347
4.1501
3.92608
4.37741
5.00133
4.6215
4.17948
4.17607
4.14683
4.18434
4.59229
4.87286
4.05062
5.22227
4.26223
4.21849
4.20289
3.93196
4.30445
4.75139
inf
3.70964
4.31941
4.36504
4.37145
4.10396
4.15409
4.30101
4.27344
4.28547
3.86776
4.44729
4.46024
4.41585
5.13576
4.37012
4.29311
4.23574
5.19787
4.52639
4.21561
4.23546
4.03689
4.6973
4.30404
4.45638
5.05129
3.96529
4.06985
4.90013
4.3179
4.21861
5.10863
4.24627
4.40036
4.41149
4.19222
3.94096
4.66567
4.11094
4.66152
4.08083
inf
4.18374
4.12374
inf
4.23803
4.18404
4.3781
4.37082
4.39165
4.37722
4.27454
4.28222
inf
3.9011
4.18095
3.89739
4.15157
5.14186
4.12061
4.30957
4.19335
4.29039
5.01251
4.40837
4.09632
3.97064
3.96008
4.47548
3.5429
4.38139
4.15226
3.92605
4.41684
4.69984
4.37013
4.65765
4.68428
4.26636
5.13821
4.26431
4.005
4.14805
4.00455
4.28758
3.96638
4.07364
4.75442
4.10135
4.3347
4.21006
4.44922
3.8297
4.74533
4.40435
4.73701
3.78453
4.32812
3.83834
4.43712
4.31715
4.58238
4.33912
4.243
4.86394
4.1747
4.14895
3.99342
4.15619
4.35226
4.46972
3.84364
4.48028
5.23557
4.24037
4.19846
3.60146
4.32466
4.26063
4.16962
4.20866
4.4192
4.359
3.92057
3.90928
4.00331
4.39415
4.10486
4.18148
5.02765
4.57467
4.54018
4.1879
4.46704
4.53774
4.25173
4.50978
4.24152
4.60724
4.67535
4.48429
4.49268
4.52424
4.4983
4.52787
4.23931
4.35399
4.37433
4.35105
4.41066
4.61169
4.40006
4.41578
4.24098
4.68127
4.45916
4.7358
4.39411
4.57128
4.60097
4.64324
4.65703
4.73178
