4.75186
4.46991
4.2775
4.24404
3.93221
3.92924
3.82977
3.78639
3.75558
3.67567
3.69398
3.48831
3.74407
3.5513
3.78925
3.59608
3.44623
3.45885
3.57799
3.47091
3.37002
3.51894
3.67628
3.48303
3.53145
3.58915
3.34869
3.59654
3.50269
3.46505
3.55466
3.56078
3.5483
3.72749
3.37873
3.48861
3.55335
3.56937
3.61067
3.67819
3.46162
3.61099
3.62264
3.49935
3.48376
3.62849
3.47559
3.53198
3.64516
3.52145
3.4079
3.57867
3.58846
3.69015
3.95
3.49291
3.56958
3.58748
3.28883
3.8168
3.60721
3.24426
3.66753
3.51515
3.63967
3.47672
3.7701
3.65361
3.57338
3.91791
3.56815
3.75156
3.7941
3.54409
3.63074
3.63422
3.66409
3.34276
4.02342
3.76446
3.50924
3.42603
3.41153
3.58847
3.52754
3.4231
3.61129
3.67218
3.69777
3.44231
3.6282
3.87897
3.60251
3.77446
3.71092
4.17265
4.17972
3.36196
3.41988
3.66043
3.51942
3.33586
3.97692
3.95604
3.97502
4.06706
3.59126
3.46258
3.79093
3.98293
3.85051
3.52522
3.39902
3.47314
3.89201
3.73042
3.87922
3.83044
3.80565
3.93143
3.5299
4.01903
3.66348
4.15151
4.01074
3.64088
3.72086
3.58353
3.63814
3.72294
3.444
3.57085
4.22048
3.92064
3.77585
3.65722
3.91307
3.92424
3.60988
3.26538
3.42185
3.45997
3.88241
3.93519
3.88612
3.82051
3.75609
3.85033
3.54497
3.56571
3.73069
3.51689
3.62903
3.35102
3.81976
3.51927
3.90248
3.51794
3.59519
3.59958
3.74487
3.59356
4.07805
4.02
3.54842
3.73942
3.87599
4.23367
3.4349
3.5453
3.45166
3.75495
3.83719
3.9367
3.64097
3.51133
3.68767
4.00667
3.69175
3.8715
4.18061
3.97392
3.92217
3.74114
3.87854
3.58101
3.61295
3.96259
3.56393
3.81093
3.60457
3.92745
3.73556
3.79813
3.61506
3.66306
3.72373
3.72918
3.70403
3.835
3.91458
3.62179
3.76629
3.62986
4.09339
3.77068
3.65005
3.5703
3.709
3.78458
3.66957
3.7406
3.57145
3.63869
3.7885
3.58754
3.79866
3.84856
3.8799
3.83789
4.09286
3.62725
3.98117
3.58166
3.70714
3.39739
3.80096
3.93623
3.46021
3.71689
3.80372
3.89689
3.64175
4.03192
3.68431
3.30736
3.57913
3.87213
3.54047
3.79242
3.78987
3.7823
3.72911
3.76399
3.54729
3.5675
3.66508
3.62246
3.4675
3.57102
3.96458
3.94882
3.65088
3.73729
3.68004
3.66028
3.5896
3.80495
3.68268
3.74714
3.36747
4.3148
3.76055
3.68702
3.90379
3.7985
3.57012
3.53548
4.10835
3.37841
4.34584
3.78671
3.79384
3.8486
3.94453
3.43453
3.67211
3.74268
3.7385
3.67008
3.47748
3.84136
3.67731
3.66295
3.9632
3.53285
4.12384
3.82259
3.72436
3.58879
3.50086
3.70254
3.53368
3.82511
3.76776
3.76805
3.96328
3.70509
3.5107
3.66772
3.56863
3.44133
3.93478
3.58013
3.75118
3.58276
3.7482
3.4052
3.64807
3.70386
3.75793
3.5677
4.42221
3.89027
3.62423
3.78584
3.80183
3.42518
3.77901
3.53556
4.31217
3.94792
3.77253
3.60728
3.5249
3.65275
3.70809
3.80008
3.49991
3.54219
3.81316
3.64481
3.72872
3.7967
3.30373
3.69589
3.58084
3.68356
3.68723
4.01263
4.23337
3.71433
3.64051
3.57534
3.81713
3.75198
3.7359
3.82403
3.85033
3.5261
3.46795
3.87425
3.60654
3.76019
3.71823
3.53401
3.90054
3.8535
3.81096
4.12776
3.52229
3.50352
4.02553
3.72151
3.98902
3.75511
3.96391
3.89136
3.89647
3.58805
3.63615
3.60552
3.7135
3.88918
3.53514
3.72039
3.83551
3.92595
3.63173
3.72238
4.07181
3.7711
3.69438
3.88201
3.97132
3.85908
3.9071
4.12141
3.7341
3.79079
3.89604
3.72953
3.99269
3.75606
3.91503
3.96804
4.08985
4.20992
4.15628
4.29669
