inf
inf
inf
inf
inf
inf
5.62548
inf
inf
inf
inf
inf
inf
inf
5.18263
inf
inf
5.11828
5.12641
inf
4.5053
4.54474
4.86004
4.57348
inf
4.85687
4.82722
4.80125
inf
inf
inf
inf
inf
inf
inf
inf
4.71855
4.0352
inf
inf
4.66025
4.66788
inf
4.47478
4.63263
inf
inf
4.55134
4.6426
inf
inf
inf
4.37533
inf
inf
4.12269
3.99507
inf
4.64361
inf
inf
inf
inf
4.61624
4.64109
4.64346
inf
4.22185
4.28178
4.43209
3.97414
inf
3.93453
3.95968
4.67174
4.0041
4.02352
4.29111
4.42694
4.25799
4.0162
4.63892
4.69275
4.24757
4.00429
inf
4.63513
4.04783
inf
4.09322
4.0691
4.6388
inf
4.05088
3.93014
4.29246
4.16649
4.29691
4.3278
4.27814
4.72547
inf
4.08547
4.63178
3.94926
4.20459
4.07661
3.94177
4.28528
4.82248
4.79162
4.16622
inf
3.47801
4.07693
4.53457
3.72469
3.76275
4.26586
3.96367
3.81116
4.23545
4.07838
4.876
3.70798
3.81621
3.97098
4.81563
4.58135
4.34796
4.29643
3.69432
4.10043
4.99048
4.14326
3.81027
3.80489
4.39974
3.98511
4.02786
3.76514
3.74819
4.2501
4.64383
4.96626
4.43565
3.81711
3.99663
3.6931
3.74502
3.78063
4.26
4.43289
4.38362
4.32099
4.11616
3.98571
4.11488
4.18548
4.40473
3.92832
4.11177
4.10047
4.02397
3.89753
4.28533
4.76635
4.40361
3.88134
4.20728
3.94211
4.41395
4.39006
4.11423
3.79091
3.97518
4.06998
4.26336
4.55945
3.9944
3.8412
4.16203
3.95083
4.04586
4.28394
4.04424
4.33475
3.81825
3.86648
4.05745
4.15753
4.68509
4.64169
4.18401
4.26717
4.40911
4.17607
3.8878
4.18482
4.0196
4.19376
4.19373
4.07886
4.38006
4.15503
3.9254
4.27891
4.22694
4.0719
3.82951
4.14736
4.04716
3.98823
4.23296
4.11576
4.28785
4.81349
3.97134
4.06077
3.85394
3.9101
4.07433
4.2633
3.89311
3.97225
4.19961
4.2784
4.0975
4.01715
3.88041
3.98492
4.22478
4.04343
3.79384
4.21588
4.27985
4.57069
3.88721
4.47432
5.01323
4.02801
4.07696
3.79465
3.92993
3.99538
3.84461
4.53937
4.0536
3.94711
4.05891
4.00738
4.43922
4.36547
4.33789
3.93108
3.91994
4.15363
4.43581
3.72076
4.13349
3.67874
3.75069
4.37005
3.87525
4.1057
3.77904
3.9698
3.91474
4.03579
4.49636
4.42155
3.86326
4.40287
3.95958
3.82634
3.85106
4.21364
4.17034
4.12473
4.14699
4.34816
4.08474
3.8351
3.60756
3.96157
4.0776
4.0904
4.07996
3.80249
4.13929
4.31057
3.97283
4.30332
3.62749
3.98535
4.70139
4.26827
5.13646
3.84991
3.79619
4.15446
4.25647
4.50449
4.11402
4.41848
4.69682
4.45967
3.89109
4.63597
3.8728
4.01641
3.98541
4.18287
inf
4.30857
4.4739
4.61736
4.70021
4.38157
4.59197
4.5204
4.70201
4.04396
3.98526
4.3037
4.18029
4.305
5.16261
4.13151
4.13759
3.99479
4.72325
4.26561
4.31585
4.22417
4.45874
4.08434
4.1554
4.15321
4.3856
4.53848
3.88013
4.09849
4.12256
4.12525
4.33091
4.28515
4.44335
4.08496
4.33032
4.52943
inf
4.37061
3.97863
4.4101
4.02969
3.89151
4.8689
4.44379
5.2767
4.67799
4.63976
4.68868
4.46422
4.16462
4.41595
4.0766
4.96196
5.11866
4.68734
4.5538
5.39749
4.30876
4.29537
4.392
4.25262
4.62416
4.40271
4.13097
4.48665
4.44106
4.4499
4.54442
4.38516
4.61034
4.41324
4.98943
4.54675
4.255
4.41852
4.20455
4.38913
4.18628
4.42713
4.25584
4.25164
4.09896
4.3267
4.1699
3.99318
