5.14916
5.10565
4.94071
4.97876
4.94199
5.37578
5.25638
4.76463
5.52026
5.05002
4.99333
5.36227
4.66128
5.30285
4.59702
4.8044
4.20441
4.48673
4.47231
5.10017
5.00401
4.37586
4.20135
inf
4.34736
4.57134
4.55671
4.54383
4.25588
inf
4.47496
4.25008
4.47004
4.43648
4.83985
4.81703
inf
4.84779
4.79968
inf
4.81251
4.7849
4.82031
4.82435
4.13108
inf
4.72673
4.75224
4.06199
inf
4.29993
3.77094
4.77453
4.33804
4.31927
inf
4.34352
4.29952
4.08174
4.32652
4.33473
3.93546
4.71231
4.05843
4.05167
4.76531
4.31861
4.68873
4.26182
inf
3.89616
4.32396
4.69165
4.36621
4.73821
4.10715
inf
3.67922
4.33269
4.78323
4.3391
4.05573
4.34685
3.90898
4.69896
4.72274
3.81084
4.77079
4.38825
3.52076
inf
4.24603
4.38611
inf
inf
4.13755
3.77436
3.69502
4.40492
inf
4.3036
3.92907
4.02181
3.97573
4.41551
4.37094
4.41604
4.0492
3.97781
4.68597
4.92149
4.84103
3.80374
3.90939
4.78908
3.82868
3.82133
3.7978
4.21212
3.92567
inf
4.86455
4.49425
3.68937
4.28213
4.14215
3.5664
3.74573
4.08439
3.64282
3.6998
4.33107
4.12925
4.51816
4.31223
4.00349
3.75577
4.589
4.39064
4.60852
4.04009
3.45395
3.84999
3.65167
3.74761
4.2238
3.61942
3.64176
4.72238
4.31959
4.19987
4.43791
4.31164
3.66221
3.86366
3.96785
4.15253
3.94615
3.78782
3.47645
3.76012
4.22939
3.80421
3.71077
3.80629
4.43411
4.05778
3.70578
3.96576
3.88542
4.20322
3.88693
3.53375
3.93822
3.79493
3.87833
4.36939
4.26969
3.77906
3.61864
3.85754
4.22891
4.04828
4.09561
3.8204
4.12125
3.97961
3.88275
3.7821
4.07991
4.13782
4.14731
4.05726
3.83991
3.98372
3.56583
3.83415
3.79105
4.006
3.8281
3.88369
3.88897
3.84967
4.11304
4.26306
3.9576
4.31929
3.78418
3.76852
3.84983
3.82638
4.06458
3.96158
3.96213
3.77155
3.85745
3.81736
3.85092
4.19545
3.72514
4.13694
3.70161
4.12856
4.42664
3.75842
3.61325
3.90479
4.16295
4.02501
4.10786
3.95587
4.15719
4.07992
3.56468
4.07048
4.01931
3.91467
3.63831
4.08185
4.33182
3.71553
4.07116
3.73401
3.87009
3.62541
3.93288
3.96338
3.60897
3.54787
3.94708
4.14782
4.27084
4.12463
3.62754
4.00555
4.03829
4.11125
4.09135
4.13621
3.59906
4.02967
3.72556
3.94493
3.84305
3.62554
3.56088
4.00546
3.99766
3.78757
3.98661
3.65009
3.97876
3.95842
3.88206
4.19274
3.86847
3.9279
4.24963
3.91027
3.8644
3.85274
3.7475
4.27433
3.67663
4.0598
4.22914
3.81492
4.0215
3.59668
4.02033
3.82052
4.26779
4.24086
3.57836
3.95026
3.82053
4.4441
3.97981
3.7463
4.13901
4.16212
3.99378
3.9028
4.09875
3.73876
4.13372
3.73218
4.10842
3.97352
4.08842
4.15646
3.96183
4.0622
3.9813
3.85071
4.14315
3.93607
3.96196
3.75914
4.30068
4.20184
4.24073
4.20674
4.19023
4.36953
4.52257
4.02583
3.85665
4.44559
4.39146
4.10459
4.00291
3.96902
4.03412
3.72589
3.96484
4.28022
4.80219
4.04062
4.34183
4.06431
3.87337
4.17056
4.07154
4.34826
4.39784
4.55533
4.24143
4.01429
4.08667
3.88324
3.78081
4.18725
4.35063
4.64205
4.64973
4.89037
4.09524
4.22007
4.03322
4.5144
4.72485
4.42519
4.42228
4.5371
4.27949
4.32336
4.56349
4.1727
3.91724
4.56985
4.35179
4.4047
4.47581
4.40737
4.29458
3.98867
4.44173
4.20339
4.45475
4.68409
4.19855
3.97278
4.20386
4.69139
4.75206
4.36908
4.51529
4.40171
4.36058
4.43879
4.18897
4.27255
4.21006
4.21788
4.22519
4.20511
4.28163
4.20426
4.01436
