3.25014
3.42946
3.52967
3.56611
3.55594
3.57669
3.55791
3.66314
3.65152
3.6395
3.67336
3.65006
3.75693
3.63435
3.73702
3.71655
3.64358
3.70363
3.70031
3.95265
3.81119
3.65949
3.83817
3.88141
3.68791
3.87836
3.60086
3.58979
3.64595
3.69936
3.70964
4.12103
3.70894
3.70022
3.88211
3.86203
3.75848
3.77981
3.89509
3.93005
3.98526
3.90325
3.7142
3.6582
3.80786
3.78092
3.83786
3.77523
3.84749
3.80444
3.7968
3.86419
4.00319
3.59219
3.79877
3.54833
3.82608
3.64102
3.68945
3.75022
3.66487
3.52845
3.78896
3.81497
3.77946
3.84579
3.86254
3.54724
3.60152
3.80923
3.87693
3.69289
3.97107
3.7034
3.99889
3.68431
3.96276
3.83581
3.98344
3.57114
3.88028
3.63473
3.72941
3.79748
4.09844
3.81778
3.63463
3.84075
3.7166
3.69031
3.99302
3.83584
3.64702
3.5444
3.53757
3.90973
3.74736
3.63634
3.67204
3.92121
3.8597
3.68422
3.54845
3.81918
4.00806
3.73088
3.59672
3.96984
3.72643
3.76955
3.86828
3.83488
3.91213
3.86483
3.8478
3.9275
3.88854
3.99272
3.72484
4.33194
3.83929
3.97791
3.7712
3.63269
3.85012
3.52932
3.74209
3.9717
3.8219
3.85991
3.76164
3.61147
3.94349
3.77103
3.92714
3.6212
3.87412
4.11361
3.56581
3.65022
3.49873
3.77467
3.74715
3.59742
3.98802
3.85792
3.85376
3.67505
3.76147
3.94318
3.80357
4.11047
3.67382
3.67841
3.84672
4.01305
3.55581
3.94062
3.6337
3.61874
3.83483
4.06699
3.90275
4.03633
3.79382
3.73986
3.82479
3.82345
3.79761
3.92188
3.8069
3.88368
3.92939
3.47722
4.13625
3.75679
3.68685
3.91402
3.59278
3.99589
4.06429
4.01885
3.55757
3.56798
3.70211
3.73653
3.90194
3.96922
3.97121
3.64944
3.7159
3.6934
3.65734
3.60211
3.87836
3.70449
3.94738
3.59718
3.74312
3.71527
3.78158
3.71793
3.81359
3.99283
3.74318
3.95461
3.68511
3.95923
4.36318
4.09776
3.77709
3.46593
3.49395
4.28252
3.62895
3.86175
3.78713
3.74845
3.66844
4.11697
3.85826
4.11251
4.08001
3.69997
4.0612
3.78287
3.72179
3.98787
3.76291
4.24145
3.64712
4.49907
4.19243
3.40638
3.93415
3.54331
3.52289
3.87992
3.61943
3.99152
3.80146
3.65695
3.81097
3.88929
3.74949
3.64128
3.73003
3.51432
4.1596
3.34823
3.7055
3.98254
4.31844
4.73119
3.73677
3.664
3.30325
3.89573
3.91294
4.22263
3.77253
4.39136
3.54925
4.17232
3.54538
3.90318
4.19575
4.08727
3.74748
4.14343
4.14982
3.85801
3.50844
4.77512
4.16808
4.40639
3.59284
3.66481
3.64
4.10486
3.6483
4.0687
3.55381
3.97346
3.97417
3.74448
3.68125
3.50076
4.41696
3.58222
3.47709
3.30677
4.04276
3.7713
3.68407
3.30735
inf
3.52051
3.71881
3.62485
3.81315
3.58159
4.20713
4.18851
3.95751
3.824
3.39049
3.90628
3.38773
3.96897
4.13352
4.33409
3.392
inf
4.02908
3.86446
3.87858
3.54024
3.89775
4.12342
3.41315
inf
3.71589
inf
3.44883
3.91467
3.57661
3.48406
3.65276
3.66142
3.24219
4.48596
inf
4.06438
4.52665
3.28494
3.88535
3.52413
3.6094
4.5051
3.80699
3.61688
3.66239
3.79693
3.83186
4.48726
3.47508
3.81639
4.39531
4.04884
4.02932
4.50793
inf
4.02683
inf
3.84509
4.01763
3.55786
4.42321
3.64704
4.45406
4.36135
4.46982
4.45114
inf
4.53877
4.4669
inf
3.66118
4.36284
4.00087
4.49457
4.0916
4.5457
4.5112
inf
4.56084
4.08591
inf
inf
4.10419
3.89532
4.60474
4.17932
4.56735
inf
4.60659
inf
4.27545
4.287
4.71411
4.81846
4.42547
4.46194
4.2579
4.18528
4.44764
4.57034
4.55487
4.18185
