inf
inf
inf
inf
inf
inf
inf
inf
inf
inf
inf
inf
inf
inf
inf
inf
inf
inf
inf
inf
inf
inf
inf
inf
inf
inf
inf
inf
inf
inf
inf
inf
inf
inf
inf
inf
inf
inf
inf
inf
inf
inf
inf
inf
inf
inf
inf
inf
inf
inf
inf
inf
inf
inf
inf
inf
inf
inf
inf
inf
inf
inf
inf
inf
inf
inf
inf
inf
inf
inf
inf
inf
inf
inf
inf
inf
inf
inf
inf
inf
inf
inf
inf
inf
inf
inf
inf
inf
inf
inf
inf
inf
inf
inf
inf
inf
inf
inf
inf
inf
inf
inf
inf
inf
inf
inf
inf
inf
inf
inf
inf
inf
inf
inf
inf
inf
inf
inf
inf
inf
inf
inf
inf
inf
inf
inf
inf
inf
inf
inf
inf
inf
inf
inf
inf
inf
inf
inf
inf
inf
inf
inf
inf
inf
inf
inf
inf
inf
inf
inf
inf
inf
inf
inf
inf
inf
inf
inf
inf
inf
inf
inf
inf
inf
inf
inf
4.42576
inf
inf
inf
4.04477
inf
inf
inf
inf
inf
inf
inf
inf
inf
inf
inf
inf
inf
inf
4.73911
4.63061
inf
4.67521
inf
inf
inf
inf
4.90895
inf
inf
inf
4.86099
inf
4.67091
5.21189
5.02676
4.93121
4.88657
4.98186
4.89769
4.90207
4.85234
4.21816
4.40355
4.79667
4.38023
inf
inf
3.99674
inf
4.39629
4.67267
4.03127
inf
4.83943
4.68384
4.82434
4.16091
4.13543
3.84511
4.37117
3.98423
4.36214
4.39832
4.13916
4.12536
4.1798
4.3877
4.40416
4.77768
4.16395
4.77459
4.41154
3.8706
4.39559
4.90317
4.45256
4.3585
4.22424
4.43256
3.74394
3.86722
4.39432
4.24909
3.85475
4.46415
4.16394
4.88505
3.8708
3.78342
inf
4.2275
inf
3.97746
4.92647
4.19414
4.09588
4.25989
3.96822
3.72824
3.782
4.03816
4.12779
4.30353
3.95253
3.9444
4.04602
3.94539
4.11736
4.05972
3.8383
3.80009
3.80719
4.05681
4.20419
4.00452
4.19615
3.79935
3.99443
4.39228
3.92479
4.01225
4.14736
4.18879
4.18788
4.09133
4.33153
4.0344
4.65316
3.90985
4.09105
4.49031
4.02301
3.98061
4.02636
3.92075
4.17506
3.913
4.12345
4.08193
3.84777
4.02067
4.07151
4.29177
3.94682
4.0979
4.15037
4.10001
4.8971
4.18888
3.9784
4.13655
4.04418
4.05138
4.29691
4.3759
4.186
4.96753
4.07923
4.41358
3.92707
4.09013
4.09754
4.28947
3.58234
3.72194
3.91449
4.03206
4.1928
4.12015
4.14423
3.94434
4.08874
4.46522
4.10993
4.5663
4.251
4.31836
4.25379
4.52193
4.0244
4.29833
4.70676
4.31191
4.27161
4.33767
3.94055
4.66993
4.43874
3.91706
4.25971
3.93501
4.17558
4.35414
4.39248
4.15062
4.1222
4.43894
4.54948
4.51871
4.78155
4.75063
4.53704
4.29014
4.33927
4.52444
4.40577
4.06116
4.51686
4.36007
4.42869
4.26297
4.45318
4.40514
4.40205
4.30266
4.09091
4.33712
4.32733
3.98247
3.99061
4.11849
4.23253
4.09981
4.25032
3.98487
4.31615
4.18802
4.07345
4.02631
4.07888
4.06271
4.13438
4.06205
