5.82849
6.04482
6.31438
inf
6.08367
5.63942
5.53248
inf
inf
inf
inf
inf
inf
inf
5.31986
inf
inf
inf
inf
5.20631
inf
inf
inf
inf
inf
inf
inf
inf
inf
4.78453
inf
4.946
inf
4.92755
inf
4.73461
inf
inf
4.42148
4.65326
inf
inf
inf
4.77499
4.6337
inf
inf
inf
inf
inf
4.1927
inf
inf
inf
inf
inf
inf
inf
inf
inf
4.84411
inf
inf
inf
inf
inf
inf
4.57036
inf
inf
inf
inf
inf
4.80612
inf
4.53666
inf
inf
inf
inf
inf
inf
inf
inf
4.71473
inf
inf
4.83932
4.5147
inf
4.54317
4.63408
inf
inf
inf
inf
inf
inf
inf
inf
inf
inf
inf
4.24679
inf
4.46545
inf
inf
inf
inf
inf
inf
4.24785
inf
inf
4.23933
inf
inf
inf
inf
4.91964
inf
inf
inf
inf
inf
inf
inf
4.32627
inf
inf
inf
inf
4.94918
4.62539
4.41608
inf
inf
inf
inf
4.64653
inf
inf
inf
inf
inf
inf
4.83385
inf
4.63959
inf
inf
inf
inf
inf
4.704
4.48543
inf
inf
inf
4.92698
inf
inf
4.73964
4.95596
4.70252
inf
inf
4.87305
4.88459
4.54585
inf
inf
4.58179
inf
4.98193
4.85609
inf
5.18271
inf
inf
4.31619
4.6285
4.32446
inf
inf
4.40602
inf
inf
4.572
4.7179
4.42168
4.49781
4.40477
4.91242
4.81922
4.5364
4.42135
5.37361
4.92755
5.39676
5.00282
4.73987
4.90338
inf
4.69929
inf
4.64839
4.78944
inf
4.83497
4.88128
5.1215
5.02365
4.7795
4.57356
5.14553
4.29709
5.16466
4.47283
4.76248
4.45406
4.81202
5.00581
5.11464
4.64047
4.88278
5.01901
inf
4.45189
5.0001
4.48231
4.15697
inf
inf
inf
4.78462
4.57583
4.64528
5.05452
4.47423
4.61872
5.10958
5.07931
4.96222
5.00035
4.32596
4.85119
4.92101
5.1577
4.19428
4.99019
inf
4.99607
inf
4.70743
4.22886
4.63581
4.23335
inf
4.57003
4.9922
4.31389
4.53819
4.60098
inf
inf
5.14384
4.77139
inf
4.09579
4.2955
inf
inf
inf
4.27136
4.39584
inf
inf
4.39815
4.31651
4.57665
inf
4.31533
4.68317
4.8968
4.95606
4.71628
4.53919
4.96415
inf
4.60277
5.12755
4.70851
4.35059
5.02518
inf
inf
inf
5.07792
4.53114
4.54679
4.46418
4.77388
inf
4.73769
4.18376
4.6464
4.99527
inf
4.20306
inf
4.76945
4.77991
4.38672
5.04439
4.28007
5.19315
4.58369
5.06913
4.87621
inf
4.29581
inf
5.02064
4.80575
inf
4.17928
5.05522
5.03145
4.64308
4.69098
4.41369
5.29378
5.16043
inf
4.46288
5.09414
inf
inf
4.82855
5.30318
5.34538
4.79016
inf
4.87898
4.27939
4.73863
4.61621
4.21025
5.23621
4.86305
5.0377
4.93295
4.95866
4.12046
4.88127
4.56748
5.01268
5.38138
4.54954
4.5495
4.73177
5.16285
4.82664
4.54767
4.81497
5.0769
4.67177
4.60437
inf
4.42891
4.7553
5.00682
5.24063
5.17779
4.76879
5.74605
4.46457
4.49749
5.11352
4.22482
4.66166
4.65323
4.6136
5.01327
4.3196
4.54877
4.64504
4.59728
4.3087
4.19198
4.32796
4.36442
4.4659
4.37523
4.46075
4.17334
4.15293
4.0031
