4.78314
4.89971
4.89861
4.85504
5.35457
5.37651
inf
4.99667
inf
5.52659
5.41651
4.98693
5.58742
inf
inf
inf
5.3894
5.28608
5.10526
inf
4.72363
5.25741
4.9739
inf
inf
inf
inf
inf
inf
inf
4.85596
inf
4.96607
4.495
inf
inf
inf
4.90411
inf
4.6941
4.27639
4.67108
inf
inf
inf
inf
inf
inf
4.6
inf
inf
inf
inf
inf
inf
inf
inf
4.61728
inf
inf
inf
inf
inf
inf
inf
inf
4.70165
inf
inf
inf
inf
inf
inf
4.51788
inf
inf
inf
inf
inf
inf
4.44398
inf
inf
inf
inf
4.7009
inf
4.4283
inf
inf
inf
4.5714
inf
inf
inf
inf
inf
4.45003
inf
inf
inf
inf
inf
inf
inf
inf
inf
inf
inf
inf
inf
4.6369
inf
inf
inf
inf
4.48601
inf
inf
inf
4.62687
inf
4.55553
inf
inf
4.7049
inf
inf
4.62124
inf
inf
4.72652
inf
4.46305
inf
4.2032
inf
inf
4.46785
inf
inf
inf
4.50495
inf
inf
inf
inf
4.47146
inf
inf
inf
inf
inf
inf
inf
4.62532
inf
inf
inf
inf
inf
inf
4.26542
4.82908
inf
4.54485
inf
inf
4.25874
inf
4.72465
inf
4.26843
inf
4.71084
4.94151
inf
inf
inf
inf
inf
inf
inf
inf
inf
inf
4.56368
5.0131
inf
inf
inf
4.9
inf
4.53824
4.9179
4.56706
5.11311
5.0205
4.6472
5.21746
5.22681
4.42943
4.82393
4.982
4.16413
4.56855
inf
inf
4.67981
inf
5.13468
inf
inf
inf
inf
4.65525
inf
inf
4.75903
4.22598
inf
4.86236
4.73061
5.10487
inf
4.67261
4.90035
inf
inf
inf
4.9657
4.38396
4.72517
inf
inf
4.93422
inf
4.71215
inf
inf
inf
inf
inf
4.28111
inf
5.07452
4.96623
4.43653
4.30545
4.29602
4.56106
4.8622
inf
4.45192
inf
4.46569
inf
inf
4.4409
4.39408
inf
4.41992
4.75992
4.32543
4.34986
4.44935
inf
4.01873
4.74369
4.92136
inf
4.76881
4.4626
4.50961
4.84645
4.51966
inf
inf
4.23287
4.48267
4.87891
4.31308
4.83076
inf
5.03652
4.08849
4.8272
inf
4.83296
4.42394
inf
4.27661
inf
4.82663
4.28083
4.1912
4.42914
4.27481
4.39985
4.38368
4.8771
4.90457
inf
4.74409
4.50731
5.03268
4.99564
4.67405
4.28857
5.01772
4.99942
4.68285
4.41938
4.63993
4.60268
4.40926
3.79796
4.38281
inf
4.53025
4.09109
5.15715
4.04013
4.99372
4.35153
inf
4.71516
4.14934
4.42821
4.28291
4.55197
4.51558
4.2996
4.38092
4.04032
4.74443
4.54125
4.821
4.63489
4.7793
4.16722
inf
4.07653
5.32427
4.76582
5.135
4.4375
4.52223
4.57786
4.72183
4.63638
4.90107
4.56812
4.10617
4.46759
5.03287
4.33727
5.01343
4.72622
4.71496
inf
4.46921
4.77548
4.97688
4.99593
4.38105
4.87238
4.77167
4.48362
4.75716
4.53633
4.52196
4.73819
4.73996
5.19086
4.30086
5.22312
4.45896
5.05668
4.81499
4.33563
4.83443
4.45477
4.67464
4.92433
4.80554
4.99036
4.42375
4.32139
4.63063
4.68912
4.52352
4.60009
4.50849
4.33076
4.48662
4.40369
4.30656
4.20788
4.00273
