3.36174
3.42749
3.52977
3.43676
3.59583
3.53006
3.60108
3.61704
3.58658
3.60871
3.54443
3.6256
3.52106
3.66766
3.85605
3.56264
3.77598
3.73647
3.89234
3.92643
3.76467
3.79363
3.571
3.73682
3.61546
3.59161
3.70228
3.7606
3.54386
3.65628
3.73134
3.64129
3.68932
3.57902
3.95605
3.81008
3.84157
3.70477
3.56944
3.79824
3.62531
3.57183
3.57245
3.58708
3.85163
3.3346
3.5185
3.71645
3.55858
3.69175
3.72364
3.57189
3.6655
3.7446
3.65254
3.65073
3.68423
3.95608
3.74989
3.56503
3.67086
3.69343
3.73258
4.03885
3.50469
3.49213
3.49377
3.61107
3.88139
3.57623
3.60763
3.6671
3.7261
3.73827
3.7137
3.58511
3.61207
3.63502
3.84134
3.84739
3.7046
3.69346
3.67415
3.68671
3.91837
3.75595
3.76682
3.90791
3.88393
4.15621
3.83393
3.48195
3.71862
3.63895
3.77139
3.64285
3.58644
3.66061
3.5725
3.91402
3.62543
3.52725
3.91548
3.62569
3.6111
3.51878
3.75049
3.80309
3.73592
3.61184
3.58271
3.4457
3.96691
3.6439
3.67471
3.66491
3.44883
3.69468
3.54062
3.51285
3.90727
3.88103
4.00122
3.79554
3.782
3.57289
3.6638
3.54596
3.82189
3.73436
4.10091
3.8135
3.7081
3.90073
3.6287
3.56405
3.65086
3.77541
3.62436
3.96281
3.39806
3.89617
3.66159
3.66599
3.82231
3.65771
3.72267
3.64863
3.65114
3.66355
3.73873
3.40729
3.56777
3.67324
3.65521
3.63544
3.73765
3.87266
3.55083
3.65403
3.73122
3.53912
3.76259
3.60528
3.62811
4.06236
3.45719
3.68586
3.81667
3.70673
3.71725
4.13512
3.64056
3.86143
4.07239
3.43894
3.65066
3.59814
3.49908
3.66367
3.65984
3.7439
4.26035
3.67627
3.76367
3.93215
3.66775
3.63368
3.6603
3.8276
3.85622
3.53704
3.88283
3.54036
3.89313
3.52295
3.45984
3.49265
3.70799
3.65383
3.72977
3.71724
3.46628
3.48572
3.51249
3.38276
3.80727
3.69038
3.78402
3.70522
3.80605
3.92291
3.57258
3.51283
3.85797
3.75605
3.57782
3.64305
3.52156
3.75966
3.46954
3.83567
3.80563
3.65701
3.4725
3.76561
3.62426
3.85618
3.70598
3.47867
3.44426
3.38279
3.3877
3.59097
3.681
3.78599
3.42011
3.9595
3.58631
3.83078
3.33742
3.7882
3.77043
3.43246
3.84167
3.53932
3.71719
3.70171
3.61117
3.69437
3.44378
4.01787
3.95982
3.67766
3.824
3.58067
3.70719
3.8957
3.18159
3.72256
3.67545
3.84625
3.41508
3.54969
3.49745
3.71316
3.59391
3.57207
3.56341
3.58506
3.90036
3.74712
3.75991
3.89804
3.50169
3.70715
3.30892
3.51934
3.68991
3.5481
3.34097
3.58693
3.29564
3.52912
3.27729
3.89304
4.2278
3.4925
3.42765
3.41166
3.50922
3.60752
3.2859
3.65781
3.63633
3.44009
3.58239
3.65346
3.61525
3.74875
3.4454
3.49137
3.86488
3.52767
3.42382
3.38161
3.71346
3.24705
3.46581
3.92221
3.29766
3.604
3.55489
3.51887
3.32476
3.88463
3.5496
3.72248
3.5839
3.48647
3.41339
3.53219
3.436
3.427
3.78907
4.16116
3.32772
3.54412
3.89777
3.55944
3.52361
3.54924
3.51822
3.45512
3.6811
3.6493
3.61538
3.2442
3.66477
3.88651
3.6148
3.8759
3.28544
3.75523
3.65642
3.61318
3.53711
3.90344
3.54791
3.39363
3.53441
3.65084
3.14649
3.61877
3.59813
3.73713
3.39046
3.70791
3.52368
3.70538
3.46645
3.57273
3.65016
3.34927
3.76386
3.85624
3.6308
3.68463
3.50427
3.44346
3.3941
3.41701
3.68595
3.39237
3.55237
3.55819
3.57268
3.87748
3.43425
3.70356
3.57218
3.53177
3.75778
3.62938
3.42334
3.56498
3.70626
3.51229
3.88745
3.3995
3.61454
3.64305
3.84809
3.58362
3.56919
3.62191
3.63347
3.77875
3.71111
3.53613
