3.95389
4.07609
4.02207
4.03378
4.07179
4.02878
4.17239
4.24622
4.12754
4.19823
4.31312
4.23896
4.23654
4.13185
4.26152
4.30947
4.40715
4.47274
4.19551
4.29259
4.50301
4.13633
4.77832
4.4762
4.37178
4.44858
4.32964
4.00301
4.2567
4.42757
4.30705
4.94318
4.36439
4.39619
4.46227
4.17196
3.99828
4.3013
4.35059
4.02825
4.16701
4.58219
4.35127
4.63124
5.37354
3.97653
4.35785
4.36777
4.27893
4.42772
4.15903
4.32306
4.41682
4.31674
3.95934
4.60144
4.69829
4.12328
4.56828
4.22873
4.37899
4.42928
4.44164
4.65965
4.32243
4.50673
4.44628
4.34475
4.29056
4.60387
3.99265
4.13855
4.31885
4.49432
4.24433
3.84452
3.96803
4.70086
4.4275
4.1131
3.94413
4.30602
3.7484
3.88801
3.95455
4.19349
inf
4.64919
4.3721
4.8413
4.47326
4.46403
4.44194
4.74656
4.23489
4.17431
4.45622
4.21496
4.00751
3.91209
4.45434
4.26566
3.76018
4.25365
4.06325
4.67428
4.27123
4.07871
4.22431
5.12983
4.44253
4.27959
4.03441
4.77684
4.28309
4.10841
4.43336
5.30732
4.12663
4.12021
4.24709
4.06253
3.83969
4.30084
3.85393
4.40408
3.98114
4.418
4.21192
4.43252
4.75731
4.21984
4.20733
3.60858
3.99336
4.05085
4.00082
4.1096
3.7175
4.28333
4.08838
4.10473
4.32194
3.85317
inf
4.08846
4.72313
4.12414
4.31983
4.02002
3.89398
4.59325
4.64628
4.5276
4.16272
4.10026
4.08007
4.39526
5.27245
4.20324
4.59374
4.67614
4.60635
4.21801
4.33166
4.16566
4.00207
4.75262
4.29659
4.58747
3.89613
4.56543
4.37111
4.35967
5.01355
3.94003
4.06608
4.45202
4.54673
4.32592
4.41769
4.25578
4.47729
4.01352
4.20201
4.69636
4.68597
3.86868
4.52239
4.78268
4.73045
4.03956
4.84798
4.24234
4.10948
3.90076
4.18377
4.41563
4.32763
4.54349
4.49259
4.28569
4.14884
4.38063
3.76887
4.04715
4.06505
4.3193
4.9596
4.43764
3.7939
4.43239
4.03514
4.48254
4.64557
4.10785
3.81569
4.26228
4.21379
3.8669
4.02994
4.24932
5.20919
4.13841
4.12748
4.28066
4.42823
3.99529
3.8542
4.84053
4.37664
4.42056
4.43369
4.57931
4.21103
4.13145
4.31731
4.16605
3.61978
4.77687
4.18452
3.90817
3.93896
4.51748
3.82249
4.24128
3.89036
4.3122
3.78778
4.16044
3.82
4.16873
4.71405
4.26198
4.23474
inf
4.45842
3.89712
3.85746
5.13255
4.22666
4.34726
4.63614
4.04951
3.93967
3.74148
3.77787
3.89427
4.21419
4.07732
4.20199
4.13341
4.17229
4.88241
4.37509
4.51261
4.46786
3.86218
4.35116
4.2951
5.08864
3.69636
3.93277
3.84766
3.7768
3.95187
4.98672
4.38032
4.38415
4.01229
3.7706
4.18059
4.14647
3.86871
4.20485
5.02738
4.67309
4.05405
4.16409
3.8165
4.53912
4.71317
4.45804
3.53258
3.90799
4.22884
3.98207
4.05486
3.87338
3.75828
4.39072
4.30709
3.95033
4.1945
4.43222
3.90341
3.87884
4.1106
3.93743
4.00354
3.9637
4.78971
3.91487
4.22539
4.38435
4.22169
3.9404
4.09382
3.77169
4.469
4.64586
4.3411
4.05641
4.36398
4.15764
4.14964
3.90971
5.21627
4.39116
3.64993
3.96885
4.42
3.78556
3.93495
4.09888
4.39572
4.16039
3.97589
3.92934
4.17822
3.92507
4.34641
3.58434
4.31531
5.19411
4.72244
4.26902
4.61795
4.2979
3.83666
4.13496
4.08559
4.16256
4.12074
4.28412
3.98019
4.00637
4.17287
3.90334
4.55132
4.03357
4.22252
4.77842
4.40573
4.9826
4.2323
4.36989
4.21966
4.18353
4.21098
4.19747
4.17329
4.47314
4.15891
4.34646
4.45258
4.12517
4.84329
4.35633
4.1716
4.30351
4.17996
4.33953
4.4103
4.65679
4.52503
4.86952
4.59423
4.75556
4.86007
