4.1457
4.15513
4.22213
4.15524
4.27025
4.13151
4.47113
4.25144
4.45791
4.31926
4.21708
4.387
4.32505
4.77217
4.28824
4.34296
4.53564
4.25357
4.53637
4.58489
5.02968
4.35507
4.37246
4.25051
4.13822
4.69043
4.40389
4.27327
4.27134
4.64872
4.25853
4.60883
4.04734
4.90036
4.19904
4.16578
3.95833
5.41509
3.92462
4.2879
4.76632
4.16321
4.3061
4.20941
4.32043
5.54028
4.67465
4.31947
4.42633
5.39327
4.64882
5.13507
5.35144
3.86478
4.58003
4.23371
4.43286
4.55538
4.27367
4.37403
4.6478
5.29834
4.44479
4.25437
4.08591
4.48044
4.2618
4.32857
4.12309
4.54627
4.14382
4.59715
4.44113
4.57182
5.24608
5.27599
inf
5.09398
4.42662
5.24309
4.5118
inf
3.94539
4.54876
4.34613
4.15349
4.43154
4.49124
4.76021
4.44783
4.68664
4.29566
4.44222
4.57006
4.47874
3.90979
4.4544
inf
4.17138
4.42274
4.43346
4.6655
4.13623
4.71585
inf
4.76106
3.94599
4.35093
4.44709
4.27738
4.42412
4.20856
4.22669
4.4607
3.73026
4.46908
4.21815
inf
4.61812
4.38479
4.99588
inf
4.17556
5.16396
3.80435
4.26282
4.17906
inf
4.47694
inf
4.16457
4.41815
3.97221
inf
4.13282
4.2605
4.71335
5.06645
4.12305
4.44926
5.08932
4.73783
4.11009
4.49904
4.0078
4.17052
4.35315
4.16517
4.12545
4.15412
3.83988
4.09792
3.90859
inf
3.73629
3.88094
4.56943
4.23482
4.33005
4.94857
3.86397
4.11659
5.08732
3.71619
4.31707
4.1612
4.09056
4.53644
4.50012
5.21663
4.43195
3.99386
3.86482
4.22915
4.01443
inf
4.50434
4.21926
4.16425
4.71073
4.53676
4.79592
inf
4.43534
4.88649
5.07687
3.76256
5.11683
4.16401
3.93591
3.95975
4.10286
4.15718
4.59496
4.71263
4.86872
3.98122
4.98376
3.96705
4.27356
3.83275
3.95259
4.89258
4.4477
3.74936
3.64151
4.73884
4.58141
4.90601
4.04802
4.62153
4.14489
4.22446
4.58313
4.50169
4.46856
4.33639
3.94029
4.05838
4.62316
4.69993
4.30491
4.11507
inf
4.39134
4.63688
4.06084
4.22301
4.20343
4.38414
3.78512
4.35976
4.00851
4.24148
4.30208
3.91436
4.29415
4.25585
5.01492
4.63787
4.18481
4.34372
4.59935
4.57852
5.01317
5.01047
4.44772
4.33083
3.99334
4.06168
4.49689
4.24651
3.75722
4.64411
4.15195
inf
4.919
inf
4.3911
3.81445
4.20241
inf
4.27917
4.13289
inf
4.13062
4.2517
4.43976
4.22031
4.44812
4.82438
3.84699
4.5579
4.85792
inf
4.5722
4.8513
inf
4.17851
3.85652
4.85527
3.86916
4.98403
4.22632
4.2262
4.92128
4.01877
4.22982
4.95647
3.81753
4.25051
4.03803
4.02278
inf
5.00768
inf
4.56407
4.31404
4.34852
4.37066
4.98967
4.83467
inf
4.96367
4.86097
inf
inf
4.97474
inf
4.39719
4.49016
4.00428
inf
4.3066
4.92094
4.32107
4.76109
4.80195
4.35176
4.5188
4.32113
3.8592
4.93588
4.57898
4.94713
4.27835
inf
4.46382
5.03311
4.52448
4.32702
4.1985
4.03495
3.87442
3.95229
inf
4.32808
4.5494
4.49535
4.2715
4.72749
5.01014
4.50446
4.23301
5.19026
inf
4.84155
4.94383
4.25226
4.50692
5.09603
4.63046
4.51446
4.44793
4.54825
4.08175
4.39871
4.15445
4.61802
inf
4.21372
4.54047
5.26224
4.68922
4.81153
4.69542
inf
4.37601
4.07015
4.82798
4.43759
5.34944
4.0175
inf
4.27014
4.36074
4.32443
4.96459
4.73362
4.24878
inf
5.0052
4.61914
4.58496
4.9256
4.74158
4.72019
4.66106
4.54578
4.80619
4.33559
4.69855
4.7356
4.56208
4.5587
4.67058
4.70484
4.64654
4.54537
4.60786
