4.3658
4.49088
4.5642
4.35488
4.7447
4.89231
4.52597
4.51694
4.6214
4.43688
4.50763
4.74501
5.14367
5.16869
4.86556
4.70741
4.88948
4.6791
4.86787
4.8085
5.13904
4.53393
5.18161
4.94401
4.52304
4.55257
5.28018
5.08795
4.71862
5.02392
4.8918
4.81368
5.11037
4.41839
4.28515
5.01776
inf
5.05238
4.70573
4.60517
4.57342
4.92497
4.68928
5.43976
5.01112
5.40547
4.71403
4.4699
4.29967
4.97385
5.21785
4.52572
4.79785
4.45574
4.68438
4.70015
5.32667
4.90711
4.6858
4.92391
4.56131
5.36057
4.38465
4.76385
inf
5.23896
4.62445
4.59069
5.06743
5.13266
inf
4.59004
4.45011
inf
inf
4.3585
4.81769
4.25471
inf
4.57155
4.79207
4.7203
5.26964
4.93394
4.19375
5.05294
5.10491
inf
4.4097
inf
5.00379
4.26712
inf
4.52571
4.32395
4.62166
4.61406
5.11226
5.06459
4.5914
inf
4.66116
4.99708
4.50775
4.87233
4.54345
5.01408
5.03684
inf
4.33553
4.90986
inf
5.05878
inf
4.20088
5.1631
4.95685
inf
4.59712
4.61577
5.01877
5.02893
4.58735
5.05686
4.95307
inf
inf
4.88288
inf
inf
5.00782
inf
inf
inf
inf
4.954
4.23752
inf
inf
4.26086
4.21809
inf
inf
4.54355
inf
inf
inf
4.567
4.87015
inf
4.94555
4.95042
4.47716
4.84309
inf
4.92073
4.46829
4.45935
4.8433
5.01689
inf
5.00804
4.42386
4.61066
inf
4.83449
4.94956
inf
inf
inf
5.03085
5.01808
inf
5.03042
4.90172
4.56036
4.96477
inf
inf
4.56311
inf
5.22133
4.75295
4.3741
5.16995
inf
inf
inf
4.87384
4.67843
3.96093
inf
inf
inf
4.4795
4.48467
5.21669
4.81713
5.23666
inf
5.31617
4.64983
5.22245
5.16695
4.28031
5.18459
inf
5.07288
inf
5.08968
inf
inf
4.64358
inf
inf
5.11598
inf
4.93945
4.95915
4.50701
4.50149
4.8515
4.44869
4.96899
4.47741
4.45505
4.86042
inf
4.83385
inf
inf
4.51132
inf
inf
inf
4.83454
4.82872
inf
inf
inf
inf
4.69293
inf
inf
4.99537
inf
4.30188
inf
4.76694
4.82771
inf
inf
inf
inf
inf
inf
inf
inf
inf
inf
inf
inf
inf
5.01179
inf
inf
4.74171
inf
inf
inf
4.63169
inf
inf
inf
inf
inf
inf
inf
inf
inf
4.75655
4.66494
inf
inf
inf
inf
inf
inf
4.66674
inf
inf
inf
inf
4.96562
inf
inf
inf
inf
inf
inf
inf
4.75674
inf
4.77486
inf
inf
4.75194
inf
4.64842
inf
inf
4.73955
inf
inf
inf
inf
4.38166
inf
inf
4.8013
4.80143
inf
inf
4.75816
4.70703
inf
inf
4.32541
inf
inf
inf
inf
inf
4.42361
inf
inf
4.92693
inf
4.44536
inf
4.77017
5.10569
inf
inf
inf
inf
4.92264
inf
inf
4.86045
inf
4.54073
inf
4.95451
4.48649
4.94645
inf
5.05725
5.05987
inf
inf
inf
5.00695
inf
5.00622
inf
5.00557
5.13949
4.76678
4.64607
inf
5.19208
inf
inf
5.25214
4.86018
5.23143
4.89629
5.38987
inf
4.61571
5.60196
5.44873
inf
5.5882
5.64286
4.86106
4.67852
4.90814
5.68746
5.39257
5.47869
4.93324
4.88818
4.67745
4.69645
4.81197
4.63728
4.48839
4.45029
