 5930.607397
 11041.902647
 8803.906874
 4341.340129
 6362.803972
 923.203835
 705.761904
 200.509090
 352.779435
 1284.255303
 989.745892
 929.420448
 417.440224
 717.713512
 172.304291
 2188.201426
 1715.945895
 526.303707
 951.239395
 2338.752657
 3216.316404
 2367.310753
 2276.004585
 1688.053667
 3113.353102
 969.440750
 1765.698371
 562.831084
 2316.235361
 1136.541434
 583.446239
 852.755317
 2263.361522
 1706.598380
 392.960187
 3556.634395
 2828.672165
 1024.932371
 1720.605760
 3548.349449
 5165.925663
 3186.551016
 3553.191212
 2597.147792
 5054.215840
 1510.714311
 2794.830607
 1117.532931
 3626.707318
 2050.695005
 1363.288625
 1516.915212
 3741.765055
 2774.784167
 777.745774
 5492.644881
 13296.017836
 9758.503849
 2961.613429
 4096.367763
 875.413215
 951.861743
 775.869372
 115.397232
 141.124096
 13.505236
 1826.145909
 922.742912
 1029.990581
 455.074694
 388.849615
 366.163628
 140.142999
 56.950367
 14.643483
 12.638738
 2320.592623
 1874.518173
 310.972032
 396.319033
 42.231458
 2385.032996
 4506.100543
 2073.290458
 2279.163142
 768.545211
 1911.548180
 4334.470913
 905.157293
 849.864649
 319.558451
 382.687998
 2214.661145
 1084.148885
 199.477394
 45.150927
 435.535743
 2434.308433
 1053.858497
 174.669327
 37.751838
 59.849572
 1396.503645
 500.767398
 63.480742
 56.613982
 3957.690904
 2961.512387
 642.071535
 826.093335
 124.470121
 3601.454751
 6821.326107
 2635.106474
 2926.552105
 818.958615
 2882.371456
 6635.351957
 1307.068737
 1357.258464
 488.852178
 903.399664
 3578.071147
 2082.694410
 580.587294
 120.870904
 1027.343861
 3831.195337
 1987.709693
 455.197840
 105.731024
 305.323412
 2790.322829
 1255.592473
 274.045656
 295.334373
 1854.965261
 1606.836123
 1694.199009
 1903.130194
 1810.355398
 847.782031
 813.418703
 285.083919
 586.096427
 782.104773
 806.032364
 826.691558
 612.537422
 871.788302
 322.936326
 362.140603
 380.292047
 371.503232
 394.615717
 339.118512
 363.519991
 359.964932
 378.166578
 376.080283
 324.331544
 1807.564605
 1516.696964
 1611.756268
 1356.194067
 1808.243917
 816.225505
 671.650354
 682.484971
 130.464534
 171.773475
 23.818078
 595.488449
 596.688396
 643.341262
 344.114436
 439.750932
 415.002905
 137.660864
 64.245343
 13.712283
 12.172352
 276.443635
 283.687852
 236.802560
 256.158075
 88.172241
 253.857242
 288.542612
 287.827666
 198.859070
 305.169425
 302.218361
 204.872622
 181.157416
 95.933343
 88.117749
