 0  0    0.000 +/- 0.126
 0  1  -16.125 +/- 0.201
 0  2   -6.522 +/- 0.077
 0  3    6.468 +/- 0.072
 0  4   -0.146 +/- 0.103
 0  5   26.936 +/- 0.062
 1  0  -16.314 +/- 0.115
 1  1  -32.064 +/- 0.107
 1  2  -22.516 +/- 0.136
 1  3   -9.328 +/- 0.083
 1  4  -15.917 +/- 0.062
 1  5   10.961 +/- 0.119
 2  0   -6.630 +/- 0.064
 2  1  -22.584 +/- 0.096
 2  2  -12.752 +/- 0.118
 2  3    0.132 +/- 0.075
 2  4   -6.397 +/- 0.049
 2  5   20.637 +/- 0.057
 3  0    5.395 +/- 0.066
 3  1  -10.576 +/- 0.140
 3  2   -0.885 +/- 0.135
 3  3   11.975 +/- 0.073
 3  4    5.622 +/- 0.061
 3  5   32.448 +/- 0.077
 4  0   -7.834 +/- 0.040
 4  1  -23.824 +/- 0.039
 4  2  -14.038 +/- 0.082
 4  3   -1.049 +/- 0.119
 4  4   -7.360 +/- 0.071
 4  5   19.411 +/- 0.115
