 0  0    0.000 +/- 0.031
 0  1  -11.875 +/- 0.032
 0  2   -6.807 +/- 0.116
 0  3    9.297 +/- 0.091
 0  4    4.136 +/- 0.079
 0  5   27.947 +/- 0.120
 1  0  -11.800 +/- 0.064
 1  1  -23.530 +/- 0.062
 1  2  -18.563 +/- 0.047
 1  3   -1.968 +/- 0.079
 1  4   -6.983 +/- 0.069
 1  5   16.026 +/- 0.098
 2  0   -6.773 +/- 0.122
 2  1  -18.611 +/- 0.052
 2  2  -13.415 +/- 0.027
 2  3    2.693 +/- 0.054
 2  4   -2.389 +/- 0.035
 2  5   21.098 +/- 0.074
 3  0    4.912 +/- 0.052
 3  1   -7.109 +/- 0.053
 3  2   -1.919 +/- 0.113
 3  3   14.300 +/- 0.079
 3  4    9.061 +/- 0.028
 3  5   32.750 +/- 0.085
 4  0   -9.108 +/- 0.058
 4  1  -21.114 +/- 0.050
 4  2  -15.935 +/- 0.055
 4  3    0.172 +/- 0.059
 4  4   -4.979 +/- 0.053
 4  5   18.677 +/- 0.031
