7.73196
7.8069
7.87202
7.83724
7.9139
7.96471
8.0497
8.01536
8.00849
8.10841
8.1145
8.14366
8.13433
8.0005
8.38487
8.25285
8.12461
8.27611
8.29126
8.3221
8.07147
8.19975
8.18421
8.13501
8.1922
8.10485
8.03827
8.48075
8.15168
8.22117
8.17431
8.25285
8.28077
8.21004
8.18832
8.63363
8.26041
8.74329
8.41468
8.19218
8.07893
8.18975
8.3691
8.4248
8.14085
8.09342
8.63476
8.23133
8.65413
8.08434
8.16527
8.4591
8.34787
8.5446
8.2684
8.24453
8.12774
8.41552
8.29566
8.46072
8.37456
8.38143
8.8259
8.38207
8.63792
8.69
8.44749
8.821
8.26867
8.4346
8.44612
8.483
8.76686
8.23309
8.56375
8.16104
8.24023
8.48231
8.09733
8.357
8.42369
8.41798
8.45495
8.74121
8.23887
8.25298
8.41499
8.78823
8.12497
8.03765
8.21808
8.42533
8.01035
8.25186
8.95822
8.28385
8.47096
8.05301
8.12293
8.34749
8.47462
8.50973
8.29283
8.4087
8.40511
8.3555
8.49697
8.91562
8.54268
8.64984
8.34773
8.32104
7.93147
9.01617
8.08077
8.11778
8.78591
8.71845
8.57171
9.16572
8.65311
8.14833
8.45547
8.94325
8.22797
8.65146
8.33645
8.55026
9.01651
8.45055
9.2741
8.31431
8.13836
9.06821
8.24043
9.312
8.54982
8.61622
9.15342
9.06247
8.2168
8.7621
8.83613
8.58005
8.65223
8.36661
8.57537
8.96042
8.59601
9.30977
inf
8.45067
8.50275
9.06803
8.61892
9.32593
9.38753
8.87692
8.30899
8.03828
8.41982
8.68368
9.15737
9.08579
8.85213
9.323
8.42164
9.26708
9.26595
8.59748
8.04071
9.22924
8.6551
9.30128
inf
8.67887
9.16768
9.02567
8.59375
8.33674
8.16894
9.27178
8.67196
8.31048
8.83267
8.82722
8.36716
inf
inf
inf
9.14613
9.24432
8.54072
9.10246
8.36381
8.50533
inf
8.799
8.8735
8.36531
inf
8.83374
inf
9.18363
9.25394
inf
9.13627
8.62521
inf
inf
9.11622
8.71822
8.98834
9.1812
inf
inf
9.15428
8.6043
8.33538
inf
9.03609
inf
9.05802
9.03918
inf
8.58065
9.05315
inf
9.07657
inf
8.98429
inf
inf
inf
8.73738
inf
inf
inf
inf
inf
inf
inf
inf
inf
inf
inf
8.86251
inf
inf
inf
8.88006
8.72309
inf
inf
inf
inf
inf
inf
inf
inf
inf
inf
inf
inf
inf
inf
inf
inf
inf
inf
inf
inf
inf
inf
inf
inf
inf
inf
inf
inf
inf
inf
inf
inf
inf
inf
inf
inf
inf
inf
inf
inf
inf
inf
inf
inf
inf
inf
inf
inf
inf
inf
inf
inf
inf
inf
inf
inf
inf
inf
inf
inf
inf
inf
inf
inf
inf
inf
inf
inf
inf
inf
inf
inf
inf
inf
inf
inf
inf
inf
inf
inf
inf
inf
inf
inf
inf
inf
inf
inf
inf
inf
inf
inf
inf
inf
inf
inf
inf
inf
inf
inf
inf
inf
inf
inf
inf
inf
inf
inf
inf
inf
inf
inf
inf
inf
inf
inf
inf
inf
inf
inf
inf
inf
inf
inf
inf
inf
inf
inf
inf
inf
inf
inf
inf
inf
inf
inf
inf
inf
inf
inf
inf
inf
inf
inf
inf
inf
inf
inf
