9.23698
8.99016
9.09702
8.78477
8.55872
8.77957
8.63685
8.51207
8.6634
8.52609
8.30155
8.94082
8.48449
8.3933
8.55058
8.00239
8.13072
8.26182
8.69314
8.52811
8.0295
8.31207
8.51725
8.45946
8.43676
8.34249
8.43663
7.96146
8.08118
7.89505
8.22653
8.24859
8.17094
8.03292
8.00607
8.31625
8.1601
7.98471
8.35801
8.11036
8.13534
8.1282
8.53148
7.90711
8.27688
8.01851
8.07964
8.17076
8.15606
8.03638
8.08288
7.79596
8.11922
7.88807
7.94077
8.86888
8.12131
7.91789
7.79166
8.69274
8.72076
8.36458
7.97232
8.33026
7.95971
7.76995
8.27174
8.17016
8.12911
7.86186
7.91797
8.21905
7.89515
8.18405
8.06721
7.96961
8.1523
7.89965
7.66916
8.13286
7.99367
7.79256
8.5291
8.39214
7.79991
8.05711
7.79222
8.34013
8.10211
7.65564
7.9122
8.02644
inf
8.10338
7.5186
8.15911
8.01047
8.03883
7.92296
7.91805
7.95193
7.50672
8.00768
8.31562
8.20689
8.2516
8.16636
7.8511
7.75981
7.80039
8.20463
7.73745
8.22602
7.61232
8.13669
8.25611
8.27787
8.17338
7.63701
8.10748
8.06041
8.19622
7.9296
7.89313
7.72674
7.98302
7.84406
8.02943
7.57648
8.46665
7.76972
8.36321
8.54477
8.17523
7.88811
8.08759
8.06459
7.7481
7.76809
8.15808
8.32729
7.99305
7.7745
7.69877
7.96264
8.44879
8.31267
8.07229
8.01803
8.27891
8.00737
8.49321
7.74789
8.00693
8.13007
8.42868
7.81379
8.12139
7.60002
8.31878
8.03632
7.87898
8.28736
8.142
7.79705
8.11923
8.1502
7.8371
7.7694
7.63628
8.05152
8.00672
7.97657
7.9288
8.00317
7.97606
8.03439
7.74355
8.03391
8.12051
7.74613
8.14605
8.06761
8.10618
7.99903
8.08624
7.78896
7.62663
7.93686
7.89168
7.85063
8.02701
8.22608
7.74363
8.02918
8.02594
8.14664
8.33912
8.20053
7.96559
7.92974
7.66871
8.0669
7.64454
7.84433
8.01118
7.93232
7.8457
8.09928
7.91252
7.8961
7.95378
7.90129
7.84134
8.06134
7.7336
7.73141
8.11494
7.92063
8.1104
7.75982
7.84742
7.828
8.07081
7.85217
7.9168
7.90152
7.74332
7.70085
8.01554
7.7331
7.88851
8.02997
8.27644
7.98351
7.81598
8.19
7.8849
7.78083
7.77229
7.90336
7.92854
7.77643
7.94945
8.28802
8.13709
7.76303
8.37104
7.82143
7.99529
8.12058
7.82733
7.76726
7.91319
7.9186
7.99015
8.16045
7.93974
7.82127
7.77293
7.82845
7.86379
8.06844
7.95439
7.99337
8.19041
8.05264
7.89766
7.98272
8.0449
7.8657
7.65657
7.80619
7.95543
7.67819
8.23752
7.95828
8.01244
8.06143
8.0317
8.06393
8.1027
8.19941
7.73452
8.46309
7.9023
8.29762
7.87915
7.7558
8.22805
7.89509
7.77153
7.89834
8.25949
7.66384
7.88282
8.11812
8.00383
7.94792
8.20102
7.79036
7.93868
8.14312
8.3066
8.19717
7.8966
8.06619
8.0916
7.96122
7.94008
8.23121
8.18134
8.3167
8.24764
7.95543
7.97234
8.44923
8.28988
8.09487
8.12897
8.08221
8.0841
8.03404
8.13421
7.76513
7.93426
8.22618
8.05285
8.26526
7.97896
8.36858
8.02933
8.03975
7.77068
8.06505
8.10958
8.04935
8.2918
8.11413
7.97817
8.28588
7.8946
8.32693
8.24
7.97602
8.44543
8.0235
7.9203
8.16261
8.14148
8.2913
7.90897
8.17042
8.36907
7.94423
8.16614
8.07858
8.03911
7.88805
7.85477
7.92022
7.98519
7.8354
8.12558
7.99104
7.90352
8.01004
8.02906
7.85993
8.06405
8.09515
8.02103
7.71626
8.21171
7.82278
7.953
8.05217
7.89214
8.20538
7.97947
8.04677
8.04023
7.90697
7.92934
7.86782
7.9833
7.93331
8.09862
8.08677
8.08598
8.0523
8.04356
7.9281
8.12174
8.1244
8.08531
8.20466
8.17892
8.21131
8.30005
