inf
inf
inf
inf
inf
inf
inf
inf
inf
inf
inf
inf
inf
inf
inf
inf
inf
inf
inf
inf
inf
inf
inf
inf
inf
inf
inf
inf
inf
inf
inf
inf
inf
inf
inf
inf
inf
inf
inf
inf
inf
inf
inf
inf
inf
inf
inf
inf
inf
inf
inf
inf
inf
inf
inf
inf
inf
inf
inf
inf
inf
inf
inf
inf
inf
inf
inf
inf
inf
inf
inf
inf
inf
inf
inf
inf
inf
inf
inf
inf
inf
inf
inf
inf
inf
inf
inf
inf
inf
inf
inf
inf
inf
inf
inf
inf
inf
inf
inf
inf
inf
inf
inf
inf
inf
inf
inf
inf
inf
inf
inf
inf
inf
inf
inf
inf
inf
inf
inf
inf
inf
inf
inf
inf
inf
inf
inf
inf
inf
inf
inf
inf
inf
inf
inf
inf
inf
inf
inf
inf
inf
inf
inf
inf
inf
inf
inf
inf
inf
inf
inf
inf
inf
inf
inf
inf
inf
inf
inf
inf
inf
inf
inf
inf
inf
inf
inf
inf
inf
inf
inf
inf
inf
inf
inf
inf
inf
inf
inf
inf
inf
inf
8.80319
inf
inf
8.8519
inf
inf
inf
8.92342
8.88636
inf
inf
inf
inf
inf
8.58933
9.08579
9.12275
inf
8.79075
8.79552
9.04637
inf
8.5803
inf
8.95252
8.57733
inf
9.06795
inf
8.53109
8.93017
inf
8.96378
8.96208
8.52284
8.83919
inf
8.81383
8.77768
8.93251
8.77415
inf
8.90122
inf
8.44726
8.8643
inf
8.82916
inf
8.83533
8.7921
inf
8.82677
8.83469
8.79182
8.93932
8.89839
inf
8.36329
8.71605
8.87463
inf
inf
8.40422
8.92545
8.1011
8.34857
inf
8.78691
8.17845
8.34208
8.30505
inf
8.45577
8.351
8.90806
7.73736
8.39689
inf
8.85027
8.7415
8.63445
8.34712
8.35789
inf
8.0814
8.03221
7.91253
8.16137
7.88763
8.71273
8.17583
8.71719
8.43029
8.33168
8.19394
8.44892
7.74382
8.07301
8.42392
8.24373
7.98198
7.98112
8.43762
7.61942
8.28049
8.49039
8.55967
8.00365
7.78457
8.45549
8.13623
7.70326
8.57902
8.43576
7.64921
inf
8.18855
9.09617
8.65015
8.10492
8.42382
8.3821
8.69122
8.15227
8.10924
8.61718
8.73329
7.88033
7.86953
8.05186
8.59507
7.87559
8.24689
8.0035
8.30775
7.90593
7.98249
8.16433
8.65259
7.77218
7.73521
8.10905
7.82375
8.10019
7.87986
8.28699
8.42906
7.93353
8.2462
8.42382
8.5198
8.70788
8.29324
8.17514
8.36746
8.02655
8.23129
8.4752
8.58012
7.81866
8.08574
8.79086
8.6748
8.32017
8.09042
8.26861
8.02448
8.06057
8.03447
8.2537
8.19125
7.93903
8.15924
8.43777
8.47421
8.60857
8.61807
8.36769
8.25193
8.33151
8.77537
8.85613
8.70098
8.51784
8.3577
8.35641
8.80499
8.54292
8.49449
8.71218
8.69545
8.4721
8.488
8.43314
8.35793
8.27101
8.38201
8.48666
8.17805
8.37814
8.51904
8.55821
8.68299
8.5285
8.48258
8.48917
8.50595
8.53906
8.62477
8.48812
8.60189
8.42636
8.42052
8.35458
8.23464
8.14427
8.11577
