9.16148
9.09696
8.89727
8.83413
8.60706
8.62729
8.5122
8.66088
8.42468
8.3812
8.3637
8.21893
8.22936
8.16006
8.39658
8.37985
8.08558
8.31498
8.27471
8.16099
8.12762
8.29118
7.96101
7.91684
8.20369
7.97053
8.27468
8.35511
7.8509
7.97483
8.1995
8.03035
8.20077
8.10152
8.16783
8.32958
8.13814
8.37726
8.74451
8.39012
8.51109
8.02185
8.17845
8.26689
8.26565
8.10236
8.39396
8.27736
8.13347
8.86977
8.48728
8.01909
8.00721
8.29227
7.96565
8.14017
8.40704
8.68126
8.55072
8.84858
8.21948
8.54243
8.58388
8.03901
8.41794
8.53393
8.04964
8.50746
9.06533
8.11661
8.10875
8.30693
8.20591
8.34514
8.36118
8.19965
8.33123
8.75934
9.06226
8.49344
inf
8.27372
7.91423
9.21817
8.73977
9.16699
9.26322
8.51345
8.63792
8.97783
9.10655
8.66138
8.59612
8.41821
9.13653
8.70582
8.47087
9.11743
inf
8.41544
9.10756
8.53127
inf
8.11366
8.21313
8.98961
8.62527
9.07466
8.27621
8.71922
8.03084
8.33349
8.04447
8.9004
9.17262
8.84862
8.02886
8.9334
inf
8.54076
8.13656
8.6971
8.52344
8.15626
8.52894
9.04371
inf
8.52133
8.88598
8.15072
8.564
8.54893
8.9692
8.93162
8.5786
9.03218
8.47858
8.38147
8.66131
9.08441
9.09527
8.95247
8.22567
inf
8.9782
inf
8.247
9.08508
8.48202
8.98974
8.50085
inf
8.42521
8.53522
8.09335
8.98647
8.57276
inf
inf
8.12156
8.86384
8.1038
8.52679
8.27852
8.64574
8.51542
8.59735
8.34252
8.41309
8.99031
8.73535
8.03661
9.05789
9.05104
9.10302
8.3634
8.54059
7.75372
8.23028
8.59179
8.94102
8.30954
8.65433
9.09416
8.23587
8.29073
inf
9.0019
8.49902
8.65663
8.73018
8.63261
8.2139
8.18787
8.601
8.63075
8.54901
8.14002
8.4317
8.16156
8.6073
8.92028
8.88438
8.38428
8.5595
8.31489
8.65969
7.86869
8.46668
8.30596
8.34547
8.66048
8.63967
inf
8.24904
8.10365
8.28045
8.18546
8.518
8.07367
8.16357
9.05982
inf
8.15671
9.03929
8.12715
8.5271
9.03275
9.06661
inf
8.96065
8.74129
8.97125
8.55799
9.06438
8.62731
8.8776
inf
8.11844
8.50419
7.93667
8.46605
8.95912
inf
8.13101
8.53559
8.9423
8.21627
9.02751
inf
8.44559
7.96831
8.26052
inf
8.52181
8.5126
8.16093
8.9278
8.86793
8.40911
9.06022
8.23781
inf
inf
7.74571
8.85637
inf
8.97205
8.25979
8.29017
9.0317
8.28587
inf
8.47804
8.84003
8.19626
8.74202
9.1352
8.49595
8.76379
8.10298
8.42035
8.02273
8.24881
8.48096
7.91484
7.89821
7.89663
8.31832
8.14652
8.1004
8.14426
8.1918
8.26511
8.22907
8.05276
7.95523
8.28935
inf
8.71944
7.88882
8.47966
7.83874
8.38257
8.02442
7.93876
7.89368
8.46616
7.88783
8.16545
8.14499
8.86233
8.02767
8.49551
7.87516
8.4383
7.94072
7.48065
7.90935
7.94777
7.93356
7.90676
7.94379
8.0605
9.08329
7.73386
7.86518
8.64624
7.70904
7.78665
8.11751
7.65775
8.05976
7.89477
7.65545
8.25708
7.90875
8.27122
8.17235
8.00176
8.24731
7.79314
7.92907
7.98467
8.08905
7.94634
7.83143
8.00841
7.81863
8.58762
8.15789
8.14135
8.46656
7.93711
8.24648
7.85332
8.04706
7.79663
7.9191
7.80472
8.05694
7.85322
7.91597
7.83957
8.04463
7.76316
7.84706
8.09404
7.76913
7.86705
7.95334
7.7468
8.07021
8.08769
8.04817
8.06158
7.8384
8.14538
8.10052
8.12986
8.20272
7.94097
8.15614
7.97606
7.84491
8.11403
8.04321
8.0279
8.18736
8.19654
8.0924
8.06302
8.3546
8.06304
8.17481
8.14603
8.23636
8.229
8.34154
8.27791
