9.10279
8.92212
8.83707
8.65951
8.48674
8.60542
8.45119
8.39337
8.40217
8.39313
8.22588
8.40449
8.1517
8.28098
8.31942
8.06316
7.97296
8.19182
8.30025
8.02405
8.03024
8.08695
8.1494
7.95378
8.2273
8.05625
8.19744
7.96788
7.79735
7.92839
8.13497
8.01263
8.31853
7.91991
8.07183
8.18799
8.07692
8.0961
8.44885
8.12089
8.07614
8.07382
8.12218
7.91439
8.09634
8.27757
7.95627
7.78876
8.33901
8.19887
8.03724
7.84728
7.92673
7.99627
7.8908
8.46464
8.38112
7.74037
7.93838
9.04785
8.33564
8.4089
8.03868
8.07178
8.22404
8.00094
8.10727
8.05525
8.09786
7.8714
8.15542
8.02041
8.10235
8.11036
7.95768
8.15934
8.08442
7.89492
8.16529
8.52133
8.13516
7.73965
8.24677
8.16404
8.33381
8.15192
8.08639
8.04208
8.32596
7.87465
8.13929
8.25233
8.40216
8.02102
8.13988
8.01856
8.2601
8.32288
8.06995
7.92101
7.82348
7.84976
8.08001
8.34656
8.21399
8.43648
8.10184
7.93367
7.96388
7.82709
7.91793
8.03553
7.87487
8.09428
8.34484
8.37469
8.13249
8.26998
8.21573
8.37821
7.9758
8.09991
7.98692
8.33385
7.91754
8.21864
7.95025
7.82921
7.82564
8.62092
7.83842
8.62233
7.9912
8.19224
8.35482
8.40891
7.70563
7.92151
8.82327
8.32255
8.12215
7.94242
8.29766
7.94942
8.02896
8.33888
7.99665
8.18859
7.9665
8.26451
8.06993
8.16145
8.02836
8.12528
8.10896
8.12418
7.93949
7.97083
7.67933
7.929
8.18365
7.90941
8.08497
7.93563
7.64053
7.96207
7.98384
7.96069
7.92995
7.70483
7.51174
7.62779
7.8222
8.2119
7.90207
7.59295
7.47198
7.47112
7.96206
7.70461
7.42922
7.81009
7.77916
7.72114
7.78526
7.90225
7.82796
7.67221
7.59875
7.45289
7.46615
7.62473
7.72292
7.54428
7.66521
7.51233
7.89634
7.8429
7.36563
7.41981
7.61216
7.43688
7.61902
7.43394
7.27133
7.63472
7.47419
7.43654
7.54558
7.50702
7.58707
7.56892
7.48328
7.49272
7.77491
7.22081
7.46534
7.58133
7.66304
7.30626
7.4871
7.47609
7.41724
7.507
7.49879
7.46259
7.73376
7.44791
7.50847
7.4363
7.40544
7.53422
7.54612
7.41312
7.40565
7.40952
7.48834
7.31664
7.60082
7.32141
7.3165
7.44942
7.30682
7.48142
7.33679
7.29112
7.50361
7.32641
7.09859
7.46169
7.38959
7.19676
7.28995
7.51037
7.40613
7.37068
7.45813
7.1599
7.39902
7.27421
7.64536
7.33162
7.40985
7.17289
7.20953
7.32061
7.28509
7.41381
7.15367
7.26329
7.19067
7.16598
7.12815
7.34818
7.11965
7.62122
7.12542
7.11329
7.29648
7.31101
7.11539
7.19895
7.28531
7.25195
7.02556
7.10826
7.05257
7.20811
7.16622
7.43667
7.32599
7.13209
7.16827
7.01157
6.99719
7.16164
7.21776
7.27807
7.45222
7.14443
7.01766
7.18873
7.12428
7.12432
7.27392
7.14479
7.023
7.02401
7.23867
7.23741
7.06394
7.01078
7.05153
7.14753
7.48502
7.03476
7.22563
6.98886
7.13948
7.22149
7.05073
7.01412
7.27886
7.05023
7.10382
7.02276
7.10028
7.10665
7.17203
7.16455
7.24841
7.0762
7.15703
7.17418
7.13269
7.20322
7.28569
7.28217
7.20677
7.01343
7.10529
7.0676
7.02534
7.09677
7.41092
7.16083
7.10278
7.00391
7.23368
7.32755
7.35388
7.2173
7.23975
7.33354
7.24717
7.23597
7.17157
7.14752
7.37603
7.201
7.17193
7.08316
7.13593
7.26103
7.27936
7.07221
7.27843
7.35121
7.43131
7.31149
7.19462
7.32569
7.28885
7.17419
7.22632
7.33315
7.34973
7.32587
7.40923
7.38699
7.46477
7.30701
7.49824
7.26758
7.42681
7.36581
7.41152
7.43303
7.4296
7.50595
7.59252
7.44469
7.44931
7.49686
7.4559
7.38104
7.42655
7.53828
7.46093
7.4368
