7.77384
7.89752
7.97
7.99808
8.05224
8.22491
8.05597
8.16576
8.08041
8.30721
8.32323
8.29653
8.18562
8.20267
8.36199
8.23858
8.18628
8.17939
8.1312
8.2654
8.17866
8.28337
8.20179
8.31301
8.2995
8.39699
8.31722
7.99629
8.31345
8.11241
8.12305
8.39713
8.26414
8.26577
8.38547
8.3794
8.00917
8.29367
8.27325
8.16818
8.09934
8.57516
8.4183
8.23092
8.36127
8.12575
8.09615
8.54143
8.26075
8.17087
8.60602
8.41284
8.5459
8.13107
8.55925
8.69035
8.36609
8.36799
8.44084
8.36931
8.38952
8.2739
8.26951
8.70785
8.19041
8.18856
8.71566
8.49696
8.36083
8.16813
8.50428
8.10661
8.33558
8.43886
8.8332
8.26086
8.24428
8.30667
8.35883
8.35768
8.68539
8.41019
8.46622
8.53404
8.73199
8.71117
8.10601
8.83041
8.45202
8.17224
8.36266
8.32033
8.15922
8.33106
8.16443
8.7109
8.62036
8.49098
8.50741
8.32509
8.19562
8.27607
8.55435
8.37236
8.30144
8.71833
8.6542
8.61551
8.38518
8.76116
8.69115
9.31852
8.57449
8.48645
8.77625
8.43793
8.54907
8.53159
8.65599
8.89232
8.81159
8.5423
8.64147
8.47985
8.27067
8.60965
8.28076
8.56964
8.83621
8.72462
8.70783
8.85632
8.07221
8.64743
8.62474
8.52828
8.73892
8.52508
8.85121
9.0204
9.72254
8.82215
9.00541
inf
8.26982
8.72979
8.27762
8.75856
8.31723
8.62249
8.49438
8.5446
8.32662
8.42229
8.9015
8.53668
8.55015
8.70963
9.58479
8.46922
8.09306
9.32396
9.21137
8.50775
8.32845
8.58606
8.4374
8.93237
8.61856
8.48221
8.30369
8.26078
8.41018
9.0875
8.58123
8.47486
8.23281
8.31588
8.22249
8.5885
9.59732
8.65239
8.14252
8.41146
8.3411
9.08493
8.80789
8.22304
8.20839
8.22648
7.98455
8.06551
8.0273
8.42912
8.18242
8.37163
7.88821
8.17765
8.06768
8.28249
8.08247
8.04983
8.4711
7.98754
8.17427
8.52367
8.06548
9.04941
8.31744
8.31195
8.67842
8.36645
8.76975
8.15918
8.09096
8.24972
9.07389
8.47745
8.88581
9.00375
8.37655
8.56693
8.47964
7.91447
7.96229
8.36397
8.14086
8.26242
inf
9.11425
inf
8.87407
8.79011
8.5017
8.1148
inf
9.02417
8.84076
8.08042
8.39042
8.46168
8.33803
8.84663
8.87625
8.93725
8.5669
8.8334
inf
8.39634
8.91495
8.52227
inf
8.26829
inf
inf
inf
inf
inf
inf
8.37073
8.56601
8.64894
inf
inf
8.71696
inf
8.27704
inf
inf
8.31443
inf
inf
inf
8.53495
inf
inf
inf
8.7087
8.55394
inf
inf
inf
inf
inf
inf
8.50891
8.59739
inf
inf
inf
inf
inf
inf
inf
8.65508
inf
inf
inf
inf
inf
8.56251
inf
inf
8.15545
inf
inf
inf
inf
inf
inf
8.48916
inf
8.52365
inf
inf
inf
inf
inf
inf
inf
inf
inf
inf
inf
inf
inf
inf
inf
inf
inf
8.10936
inf
inf
inf
inf
inf
inf
inf
inf
inf
inf
inf
inf
inf
inf
8.59702
inf
inf
inf
8.54705
inf
inf
inf
inf
inf
inf
inf
inf
inf
inf
inf
inf
inf
inf
inf
inf
inf
inf
inf
inf
inf
inf
inf
inf
inf
inf
inf
inf
inf
inf
inf
inf
inf
inf
inf
inf
inf
inf
inf
inf
inf
inf
inf
inf
inf
inf
inf
inf
inf
inf
