9.48655
9.24662
9.12429
8.857
8.67973
8.61475
8.56124
8.42635
8.59907
8.54595
8.33971
8.27675
8.15632
8.24971
8.2291
8.00357
8.25826
8.25603
8.11624
8.20932
8.10825
8.01802
8.00326
8.22119
8.00724
8.01915
8.05946
8.26581
8.18682
8.13675
8.39648
8.39159
7.96127
7.90762
8.13549
7.90056
8.0902
8.21157
8.09349
7.9969
8.11629
7.9469
7.95938
8.24543
7.88398
7.98996
7.99936
8.24229
8.06522
8.19345
8.16712
8.70694
7.88641
8.11879
7.75495
8.06087
7.88835
8.246
7.86875
7.71844
8.38039
8.0157
8.23521
8.16195
7.97632
7.9099
8.42148
7.73491
7.82735
7.93722
8.05827
8.0584
7.85503
8.05156
7.85188
7.90199
7.89897
7.83281
8.21536
8.0404
8.32985
8.27792
7.9704
8.49096
8.62607
8.20971
8.11429
8.41574
7.96943
8.37064
8.20491
7.86569
8.039
7.95423
7.90389
7.92582
8.0528
8.03266
8.03519
7.9494
8.57558
8.06372
8.02199
7.65355
8.19755
8.47521
7.94268
8.15329
7.79289
8.06075
8.13585
8.21867
8.07606
7.82268
8.12104
8.01579
7.90979
8.09423
8.12961
8.06694
8.31537
7.93851
8.21511
8.47479
8.63352
7.78219
7.76233
8.13192
7.94741
7.97159
7.77578
8.28115
8.17445
8.14044
8.21291
8.10269
8.23447
7.79417
7.98134
7.84525
7.99102
7.84452
7.82715
8.13638
7.96352
7.8071
8.03149
7.61926
8.35432
7.89309
7.96802
7.77301
7.77366
7.79004
7.93857
7.92563
8.09165
7.6135
7.93079
8.10035
7.87257
7.78461
8.09673
8.07406
8.19795
7.7824
7.6957
7.89531
7.83991
7.6598
7.63001
8.03525
7.64769
7.6548
7.6771
7.69979
7.6228
8.0373
7.72492
7.77904
7.6252
7.66945
7.50884
7.58573
7.63784
7.60974
7.75425
7.4775
7.69248
7.55176
7.60792
7.45671
7.29674
7.5176
7.66763
7.55776
7.3855
7.44189
7.47378
7.32199
7.47777
7.16676
7.34354
7.34799
7.20462
7.54255
7.29406
7.48206
7.35725
7.37234
7.0908
7.34309
7.46894
7.57139
7.38656
7.59088
7.22551
7.33892
7.38469
7.51873
7.33853
7.53174
7.3081
7.48259
7.4182
7.45864
7.1568
7.32295
7.38613
7.44633
7.609
7.40693
7.48124
7.47258
7.33546
7.13244
7.39503
7.36176
7.32589
7.5586
7.39416
7.29616
7.29867
7.43269
7.66185
7.36547
7.26047
7.36994
7.30819
7.22383
7.60554
7.2786
7.47271
7.35648
7.53892
7.17226
7.24147
7.35657
7.40057
7.21318
7.39075
7.10528
7.12743
7.07706
7.32732
7.18335
7.3136
7.03862
7.49095
7.11068
7.13848
7.04006
6.9514
7.32278
7.48603
7.26064
7.36808
7.35387
7.26434
7.24075
7.30327
7.04137
7.09975
7.20808
7.13053
7.07538
7.11729
7.14043
7.05838
7.16826
7.21297
7.49725
6.9521
7.03384
6.99834
7.00924
6.72288
7.02047
7.06025
7.18603
7.01408
7.05323
6.96299
6.96866
7.12284
7.02019
7.07396
7.04337
7.20533
7.04446
7.08852
6.95989
7.05101
7.18509
7.10889
6.92281
7.00769
7.0412
6.98733
6.88134
6.94548
7.12147
7.05411
6.75659
7.26991
7.11016
6.85817
7.11568
6.90438
6.98464
7.15328
7.03059
6.87739
7.08257
7.01909
6.99467
7.09497
6.91549
6.85725
6.91159
6.96806
7.1226
6.78773
6.77004
6.87052
7.15696
7.00885
6.9275
6.89162
6.97441
7.09744
6.85713
7.00829
6.87629
7.13995
6.93398
6.99643
6.8187
6.8939
6.99269
7.19694
6.85754
7.04288
6.92915
7.15703
7.01834
6.93682
6.98033
6.88683
6.89347
6.97934
6.90903
6.93362
7.0328
7.0217
7.00932
7.03913
6.93076
7.02707
7.06802
6.89201
7.01726
7.06677
7.22266
7.06165
7.05564
6.99525
7.22206
7.04532
7.06021
7.19442
6.96709
7.26387
7.15211
7.15966
7.1305
7.16493
7.17054
7.08462
7.15459
