8.42843
8.44684
8.45684
8.30446
8.18384
8.2131
8.16932
8.1088
8.21868
8.0933
8.0439
8.20825
8.10461
7.96333
7.97467
7.9174
8.08107
7.92198
8.11035
7.90272
7.88304
8.00735
7.93734
7.98073
7.957
8.07778
8.09426
8.11957
8.1719
7.98939
7.97296
8.06251
7.9897
8.10191
8.08308
8.0912
8.23454
8.075
8.01049
8.03089
7.96683
8.17194
8.05977
8.19971
8.03429
8.08721
7.98849
7.93307
8.17301
8.19641
8.05145
8.06137
8.06321
8.0465
7.94042
7.8667
7.83053
7.80002
7.9486
7.84942
8.5558
8.20978
7.90318
8.00495
8.0369
7.94285
7.93937
8.41712
8.02538
7.89806
7.98859
7.9751
8.07437
8.23149
7.73193
8.39172
7.97765
8.04404
7.99962
7.73778
8.0276
8.12407
8.12505
7.9852
7.97426
8.04371
7.79843
8.06384
8.00674
8.08146
8.01561
8.09038
7.98632
8.16727
8.12056
8.04957
7.94376
7.87073
8.02643
7.88515
8.14082
7.88431
7.90391
8.30783
8.25657
8.21149
8.12171
7.9119
8.06652
8.16947
8.009
8.2508
8.06307
8.05452
8.12774
7.96625
8.39461
8.12583
7.82737
7.95074
8.42939
8.24856
8.19338
8.14051
8.01598
7.87138
8.13705
8.36541
8.03737
8.14205
8.13673
7.84382
7.91835
7.93608
8.45781
8.32109
7.80979
8.02207
8.26448
8.1577
8.01327
8.52677
7.7525
7.96924
7.9093
8.15207
7.81372
7.93115
8.13966
8.10129
8.18068
8.24753
7.93674
8.05211
7.97671
7.90329
8.04762
7.9476
7.90274
8.05537
7.88532
7.75454
8.07328
7.85574
7.68552
8.10733
8.15404
7.73163
7.98902
7.96048
8.06401
8.16078
7.99886
7.76744
8.01429
7.76526
7.75661
7.79511
7.85967
7.74148
7.82486
7.54915
7.90251
7.64391
7.69413
7.74323
7.69884
7.67222
7.54566
7.90083
7.7459
7.88385
7.85666
7.79124
7.72598
7.47321
7.65382
7.63644
7.5514
7.67704
7.56208
7.63368
7.60567
7.74417
7.63162
7.50653
7.74166
7.48185
7.47437
7.67865
8.16189
7.61732
7.77873
7.46027
7.8688
7.78394
7.44755
7.95324
7.53151
7.82554
7.53468
7.91002
7.59255
7.76357
7.84102
7.56411
7.56587
7.65432
7.61376
7.69441
7.79922
7.48315
7.69596
7.76746
7.93781
7.92766
7.76791
8.05466
7.59458
7.5762
7.68616
7.56839
7.41315
7.43563
7.64521
8.01452
7.82098
7.75811
7.61894
7.48071
7.61533
7.92624
7.46447
7.87988
7.35723
7.35065
7.66663
7.37491
7.54935
7.4295
7.86905
7.5656
7.556
7.65451
7.70919
7.80631
7.39703
7.71887
7.53684
7.72501
7.37041
7.47155
7.41031
7.73286
7.84344
7.48152
7.82165
7.88536
7.84187
7.32856
8.13453
7.25166
7.57074
7.85993
7.37636
7.37657
7.34504
7.45243
7.52128
7.63071
7.53364
7.47562
7.59354
7.469
7.4024
7.46016
7.48378
7.70606
7.28633
7.67144
7.64606
7.55024
7.61774
7.57187
7.20337
7.79523
7.4212
7.83247
7.43646
7.51514
8.31702
7.30164
7.18434
7.46806
7.54334
7.72025
7.74635
7.49918
7.03513
7.47385
7.27869
7.25407
7.18125
7.49492
7.15327
7.17143
7.31976
7.34364
7.30252
7.75176
7.58029
7.22159
7.53964
7.39285
7.2336
7.60742
7.70043
7.19707
7.11498
7.31335
7.08387
7.04274
7.28307
7.03468
7.39588
7.1855
7.7001
7.17407
7.77691
7.22526
7.29814
7.11665
7.29343
7.44994
7.66245
7.19701
7.35576
6.9173
7.37115
7.18139
7.18207
7.27634
7.13453
7.05559
7.1626
7.13182
7.01355
7.3897
7.5393
7.5861
7.19207
7.19179
7.26486
7.08474
7.08382
6.97926
7.27034
7.05173
7.13224
7.33829
7.07568
7.06771
7.37045
7.33838
7.25194
7.16094
7.13749
7.13616
7.12651
7.20432
7.34975
7.34002
7.37337
7.24778
7.20966
7.33286
7.35624
7.31685
7.38907
7.62165
