8.08897
8.0442
8.05248
7.98695
7.93934
7.87695
7.89736
7.97451
7.99582
8.05099
7.96103
7.90478
7.83402
7.87938
7.97763
7.87561
7.87132
8.0339
7.90227
8.15505
7.97081
8.00668
7.95774
8.05517
8.05243
7.83756
8.03979
7.92339
8.19454
8.03497
7.89787
8.10262
8.01196
7.95103
8.1909
8.08404
7.93394
7.80798
8.22408
7.91775
8.34205
8.4471
8.0402
8.14758
8.10313
8.07924
8.2393
7.99728
8.18811
8.19953
8.17364
8.17405
8.58172
8.24689
8.36444
8.48537
8.23583
8.42564
8.08623
8.78864
8.11621
8.28559
8.1146
8.41081
8.21615
8.16776
7.92091
8.1861
8.00797
8.2011
8.13726
8.25664
8.65929
8.17147
8.28336
8.10333
8.65861
8.14764
8.39909
8.43074
8.18349
8.0409
8.38358
8.45905
7.94197
8.10154
8.13397
8.44667
8.51008
8.44836
8.11846
8.20669
8.23657
8.3848
8.40898
8.33636
8.51429
8.39547
8.15061
8.07757
8.1401
8.2909
8.50122
8.05053
8.06593
8.1256
8.1722
8.16164
8.21408
8.55949
8.61493
8.04636
8.35327
8.15965
8.16374
8.23063
8.26362
8.38008
8.19651
8.13184
8.139
8.08596
8.2421
8.34953
8.35525
8.39254
8.2659
8.07442
8.53066
8.24606
8.17906
8.44976
8.20466
8.12296
8.26341
8.21082
8.05247
8.34067
8.34058
8.07414
8.31239
8.06831
8.38887
8.2059
8.37066
8.01223
8.26195
8.31956
8.26442
8.25332
8.42776
8.06279
8.38059
8.13027
8.24839
8.00792
8.32783
7.84596
8.17701
7.96166
7.90205
8.11884
8.09202
8.21566
8.18163
7.79368
8.10911
8.74045
8.21206
8.1715
7.86209
8.0997
8.09586
8.24807
8.25144
8.17733
8.04934
7.9528
8.31668
7.93246
8.12747
8.31371
8.00409
7.90702
7.9532
7.90213
7.9361
8.03843
7.97573
7.76238
7.99527
7.77303
7.78176
7.95143
7.95104
7.87685
7.78299
8.02216
7.7933
7.93456
7.76515
8.00213
8.32039
7.95781
8.04822
7.95851
7.61806
7.95547
8.2559
7.67102
8.00784
8.21432
7.80003
7.93104
8.10887
8.00643
8.21154
8.03868
7.86328
7.77797
7.96146
7.66684
8.06306
7.75903
8.08272
8.11269
7.81234
8.5442
7.87272
7.75828
7.83656
7.63999
8.08058
8.65672
7.83061
8.16948
8.28306
7.88791
7.94733
8.04823
8.637
7.60893
7.92466
7.82306
8.61591
7.9203
8.39912
7.8167
7.98533
8.13143
8.18601
7.83221
8.16429
8.03874
7.79714
8.29689
7.83202
7.7031
8.30031
7.97696
7.78166
8.52442
7.90226
7.8326
8.18044
8.16219
8.22567
8.26549
7.73335
7.85684
7.83566
7.51784
7.90461
8.16566
7.84325
7.73633
8.13408
7.84909
8.14091
8.46486
7.7125
7.92954
7.90251
7.92727
8.02577
7.63673
7.8037
7.82615
7.6699
8.36417
7.70771
8.00095
7.56751
8.64499
7.58585
7.91982
8.0198
7.77349
7.64417
8.17566
8.12681
8.10053
8.16801
7.75122
7.7614
7.78539
8.25136
7.8241
7.84151
7.66371
7.66709
7.92359
7.72766
8.2563
8.02138
7.98229
8.05986
7.76513
7.8635
7.52416
7.70911
7.70252
7.79837
7.68159
8.24043
8.15708
8.00436
7.75543
8.67304
7.84587
7.78837
7.65361
8.26997
7.54197
8.03358
9.10718
8.23689
7.97567
8.13755
7.99828
7.92484
7.53895
7.92593
7.88154
7.83558
7.99002
8.04147
7.6708
7.53984
8.1509
7.52926
7.75632
7.61085
8.05306
7.70618
8.15732
7.56846
7.88687
8.20816
7.76354
7.55511
8.30303
7.94955
7.76759
7.77327
7.64061
7.74739
7.76052
8.02969
7.87926
7.86993
7.88846
7.6968
8.49519
7.76162
7.79879
7.70902
8.025
8.05538
7.44392
7.91486
7.82314
7.54442
7.58882
8.27134
8.12458
7.54631
8.78349
7.83072
8.06802
7.73847
7.92311
7.93378
7.82814
7.74146
7.7182
7.86937
7.93987
7.70742
7.80184
