8.11985
8.17958
8.18319
8.29955
8.33339
8.26487
8.25765
8.37035
8.37985
8.40305
8.48552
8.39514
8.28216
8.22446
8.3165
8.4752
8.24255
8.26973
8.14361
8.35815
8.22157
8.13226
8.24109
8.25813
8.18876
8.2052
7.96561
7.92908
8.58709
8.11869
8.02781
8.08067
8.62064
8.43904
8.08293
8.16852
8.6611
8.18871
8.03886
8.16708
8.14027
8.42095
8.29454
8.14187
8.32424
8.01561
8.15522
7.87371
8.45879
8.08876
8.17399
8.48634
8.30921
8.10811
8.68575
8.37647
8.18558
8.57832
8.09499
8.20731
8.39819
7.95822
8.07096
8.45339
7.69664
8.08034
8.26924
8.56303
8.42785
8.11275
8.25602
8.63767
7.93755
8.26127
8.45965
7.90704
8.05313
8.25628
7.83389
8.30558
8.47999
8.16136
8.15285
8.15467
8.37653
8.78932
8.36976
9.04993
8.3426
8.19573
8.26083
8.04498
8.04072
8.15897
7.87477
8.84561
8.13488
8.00796
8.62564
7.85479
8.01248
7.97092
8.23627
8.0399
8.06934
8.77409
8.37854
7.97687
7.81826
8.32942
8.28059
8.61101
8.37383
7.98149
8.83134
8.19969
8.22128
8.30668
8.13352
8.42687
8.32702
8.34179
8.23097
8.40652
8.41123
8.17863
8.51305
8.26186
8.17689
8.07939
8.28846
8.17943
7.98307
7.97314
8.06282
8.03675
8.12485
8.49669
8.58047
9.00713
8.38558
8.40281
8.77054
8.44897
8.59663
8.74599
8.28405
8.80831
8.77734
8.20288
8.18185
8.3983
7.94371
7.93342
8.28268
8.42257
7.90643
8.44284
8.49319
8.98281
7.9627
8.34871
8.84762
8.16578
8.05059
8.72859
8.38731
8.154
8.62178
8.72169
8.0909
8.21282
8.06987
8.54024
8.40369
9.46281
8.14614
8.32283
8.23454
8.65448
8.28439
9.40122
7.88188
8.43274
8.23177
9.38482
8.59036
8.2184
8.08445
8.60777
8.39366
8.1061
8.23594
7.99892
8.66146
8.73678
8.30206
8.37857
8.25483
8.7574
8.19977
8.60598
8.25205
8.4869
8.24159
8.25841
8.57155
8.22085
8.17924
8.46576
8.32059
8.81552
8.22699
8.76962
8.58561
8.15515
8.75607
8.18673
8.56898
9.11951
inf
8.31518
8.34373
8.50035
8.32101
8.27948
8.4193
8.24285
inf
8.53435
8.32854
9.00272
inf
8.91718
8.57562
8.69568
8.73458
9.14831
8.3061
8.01248
8.96286
8.138
inf
inf
8.6038
8.26604
8.61324
8.96268
inf
8.84055
8.35843
inf
8.78721
inf
inf
inf
inf
inf
8.83097
8.35168
inf
8.34808
inf
inf
inf
8.86766
9.01392
inf
inf
8.73592
inf
inf
inf
8.6905
inf
inf
inf
inf
8.89461
inf
inf
9.06446
inf
inf
8.72502
inf
8.78137
inf
8.69187
inf
inf
inf
inf
inf
inf
8.85392
inf
inf
inf
inf
8.76023
inf
inf
8.84446
inf
inf
inf
8.72972
inf
inf
inf
8.72436
inf
8.7747
inf
inf
8.74668
inf
inf
inf
inf
inf
inf
inf
inf
inf
inf
inf
inf
inf
8.74313
8.88432
inf
inf
inf
inf
inf
inf
inf
inf
inf
inf
inf
inf
inf
8.94984
inf
inf
inf
8.91123
inf
inf
inf
inf
inf
inf
inf
inf
inf
inf
inf
inf
inf
inf
inf
inf
inf
inf
inf
inf
inf
inf
inf
inf
inf
inf
inf
inf
inf
inf
inf
inf
inf
inf
inf
inf
inf
inf
inf
inf
inf
inf
inf
inf
inf
inf
inf
inf
inf
inf
