9.13292
8.92195
8.85745
8.50699
8.34522
8.34116
8.25137
8.11194
8.23517
8.16758
8.06228
7.96946
7.93891
7.84479
7.84513
7.90867
7.76355
8.03869
7.85716
7.97255
7.77832
7.69921
7.50744
7.88048
7.82233
7.63793
7.68648
7.89252
7.73044
8.20536
7.81815
8.01899
7.67799
7.5732
7.58556
7.76488
7.70606
7.90476
7.66471
7.91163
7.78847
7.54376
7.76926
7.71415
7.9881
7.69705
7.54218
7.54135
7.66458
7.90901
7.98176
7.96184
7.90785
7.68343
7.76456
7.50866
7.35396
7.79905
7.99717
7.29251
7.87662
7.70786
7.58808
7.93538
8.069
7.71572
7.95973
7.76438
7.34014
7.69209
7.97773
7.94074
7.73185
7.36494
7.42265
7.57364
7.53531
7.53256
7.61284
7.95596
7.675
7.74346
7.75957
8.02239
8.203
7.93584
7.81322
7.98299
7.82833
7.91166
7.76662
7.79087
7.73639
7.57737
7.61762
7.60248
7.67941
7.97424
7.75221
7.79603
7.60639
7.56946
7.74315
7.66879
7.72295
8.03943
7.56102
7.94414
7.87864
7.40797
7.7032
8.12096
7.74959
7.54278
7.85704
7.80326
7.84232
7.40045
7.86024
7.83212
7.73553
7.75864
7.61942
7.99214
8.07887
7.84542
7.56818
7.51879
7.69801
7.73064
7.62567
7.86302
7.8031
7.66828
7.92125
7.78255
7.93402
7.88559
7.70867
8.05359
7.49951
7.74519
7.44332
7.81409
7.64179
7.75362
7.66684
7.79497
7.77402
7.79653
7.87729
7.53431
7.90374
7.72926
7.56956
7.71157
7.69549
7.79919
7.81096
7.8938
7.60347
7.92113
7.93889
7.85035
7.98423
7.99676
7.72113
7.91634
8.01722
7.60489
7.89881
7.56157
7.71473
7.64482
7.87747
8.42306
7.73848
7.82844
7.93835
7.88439
7.82071
7.74327
8.12331
7.62797
7.70509
7.78746
7.80755
7.76155
8.02823
8.02318
7.78599
7.95248
7.54767
7.85928
7.80575
8.04298
7.84825
7.65214
7.72521
7.79656
7.68354
7.81999
7.66869
7.70514
8.19216
7.82554
7.66371
7.8784
8.00203
7.37655
7.73162
7.61799
7.72553
7.69452
7.82819
7.94601
7.60277
7.77792
7.71444
7.8196
7.69481
7.9759
7.66571
7.62098
7.90116
7.88387
7.43797
7.81043
7.8261
8.09824
8.06061
7.87856
7.60745
7.57352
7.89694
7.63059
7.91908
7.63831
7.6939
8.30573
7.60059
7.81181
7.66057
7.82096
7.82013
7.9281
7.83462
7.9694
7.95385
7.62697
7.95653
7.60492
7.78022
7.59448
7.66186
7.55029
7.75249
7.84787
7.71119
7.70186
7.85034
7.75363
7.73616
7.53998
7.58199
8.16946
7.74309
7.36804
7.78404
7.5917
7.6611
7.82278
7.58882
7.75931
7.88542
7.56192
8.07704
7.72252
7.83829
7.86075
7.71176
7.67515
7.69625
8.02923
7.55304
7.76944
7.65776
7.66634
7.92837
7.91493
7.84649
8.17892
7.50936
7.70591
7.82704
7.68692
7.60165
7.6748
7.53629
7.45508
7.55306
7.83162
7.74907
7.74284
7.74517
7.8473
7.64046
7.8842
7.68731
7.68008
7.69839
7.84036
7.4989
7.58785
7.65347
7.89998
7.70686
7.71499
7.96341
7.52829
7.34116
7.91433
7.8611
7.72255
7.79872
7.78978
7.78777
7.75109
7.80608
7.50941
7.79771
7.95838
7.84999
7.80038
7.62711
7.872
7.67427
7.63635
8.18504
7.78464
7.48413
7.66677
7.74758
7.56349
7.60541
7.89612
7.82577
7.87504
7.6857
7.6484
8.16579
7.74401
7.95227
7.71987
7.63588
7.74632
7.81929
7.96441
7.80215
7.81653
7.69005
7.71488
8.07232
7.90727
7.88514
7.63228
7.8489
7.82179
7.72111
7.67418
7.8306
8.01757
7.90253
7.73275
7.69804
7.75707
7.79556
7.67509
7.72841
7.62638
7.75395
7.88005
7.70722
7.79691
7.63225
7.81023
7.68252
7.95603
7.92046
7.91905
7.93152
7.90171
7.93517
8.10355
8.0294
7.9848
8.3255
8.27117
8.34019
8.3931
