7.68638
7.78153
7.90057
7.9922
8.02887
8.03563
8.14342
8.11729
8.0828
8.19003
8.20768
8.09464
8.22255
8.40041
8.30889
8.28023
8.1044
8.58164
8.33297
8.22417
8.39015
8.38206
8.23148
8.46037
8.43063
8.35488
8.64257
8.58474
8.6868
8.44683
8.47476
8.35674
9.02245
8.67045
9.02469
8.38368
8.48003
8.50467
8.53225
8.42872
8.3166
8.34058
8.78945
8.01295
8.56826
8.34616
8.45752
8.21862
8.44599
8.87252
8.59403
8.31387
8.69733
9.55589
8.34818
8.35713
8.21162
8.25586
8.69577
8.88582
8.37197
8.18206
8.62052
8.31775
8.73628
9.13237
8.39068
8.51627
8.22199
8.6615
8.0842
8.81733
7.90886
8.24432
8.0694
8.38217
7.9104
8.74518
8.40689
8.28405
8.56426
8.2434
9.04636
8.30554
8.96122
8.19949
8.67393
8.6668
8.47237
8.33697
9.04831
8.80395
8.43704
8.62612
8.94514
8.32668
8.20223
8.69762
8.37224
8.27033
8.69752
8.90414
8.10928
8.70589
9.08525
7.99814
8.06314
8.91967
8.31269
8.08039
8.89695
8.41443
8.52017
8.35942
8.64015
8.45975
8.44954
8.44517
9.41001
8.14503
8.29867
8.31256
9.40867
8.53537
inf
8.39274
9.05543
inf
8.31516
8.30871
8.31108
8.50206
9.10269
9.0692
8.49167
8.70582
8.76429
9.2142
8.9901
8.3256
9.1575
8.69265
8.70491
9.15318
9.07944
9.10242
9.04244
9.08349
8.6633
9.09076
8.72226
8.71866
8.58578
inf
8.39754
9.15299
inf
8.95413
8.63468
inf
8.44259
inf
9.18965
8.5746
9.05907
8.94625
8.34734
inf
8.93903
8.66671
inf
9.10151
inf
9.0252
inf
8.9408
9.0994
inf
inf
8.94941
8.96223
8.64413
8.97691
9.15197
8.39051
inf
9.03576
inf
inf
inf
8.38493
inf
8.63295
inf
inf
9.01294
9.06284
inf
9.17155
inf
8.60163
9.00046
inf
inf
inf
inf
inf
8.86377
inf
inf
inf
8.82818
inf
inf
8.78743
inf
inf
inf
inf
inf
inf
inf
inf
inf
inf
inf
inf
inf
inf
inf
inf
inf
inf
inf
inf
inf
inf
inf
inf
inf
inf
inf
inf
inf
inf
inf
inf
inf
inf
inf
inf
inf
inf
inf
inf
inf
inf
inf
inf
inf
inf
inf
inf
inf
inf
inf
inf
inf
inf
inf
inf
inf
inf
inf
inf
inf
inf
inf
inf
inf
inf
inf
inf
inf
inf
inf
inf
inf
inf
inf
inf
inf
inf
inf
inf
inf
inf
inf
inf
inf
inf
inf
inf
inf
inf
inf
inf
inf
inf
inf
inf
inf
inf
inf
inf
inf
inf
inf
inf
inf
inf
inf
inf
inf
inf
inf
inf
inf
inf
inf
inf
inf
inf
inf
inf
inf
inf
inf
inf
inf
inf
inf
inf
inf
inf
inf
inf
inf
inf
inf
inf
inf
inf
inf
inf
inf
inf
inf
inf
inf
inf
inf
inf
inf
inf
inf
inf
inf
inf
inf
inf
inf
inf
inf
inf
inf
inf
inf
inf
inf
inf
inf
inf
inf
inf
inf
inf
inf
inf
inf
inf
inf
inf
inf
inf
inf
inf
inf
inf
inf
