7.87695
7.9949
8.00545
8.01174
8.05168
8.01291
8.07668
8.116
8.15657
7.98317
8.15481
8.03713
7.99997
8.16485
7.96534
8.14129
8.19411
8.14664
8.06426
8.33834
8.4671
8.38341
8.14687
7.99034
8.14037
8.10855
8.08238
8.2677
8.13323
7.99156
8.05607
8.13704
8.45576
7.94069
7.82903
8.15458
8.17278
8.17546
8.25834
8.10761
8.10933
8.03783
7.99878
8.55366
8.21003
8.43134
8.28508
8.41009
8.21098
8.30184
8.44194
8.15051
8.21499
8.2037
8.14308
8.03024
7.96532
8.72084
8.17734
8.42487
8.35795
8.43805
8.41974
8.31338
8.22713
7.8421
8.17694
8.05497
8.19059
8.42461
8.14343
7.91049
8.30116
8.225
8.13871
7.93
8.33616
7.96933
8.25948
8.02056
8.65738
8.37028
7.97324
7.90912
8.21007
8.43643
8.39321
8.87018
8.87464
8.27433
8.20988
8.52033
8.35685
8.37149
8.34861
8.23377
8.16637
9.49397
8.31426
8.46189
8.47365
8.43716
9.19324
8.49264
8.47302
8.35681
8.05874
8.89241
8.62288
8.4347
8.21273
8.29786
8.99094
8.31817
9.35247
9.04119
8.56073
8.61932
8.47534
9.02269
9.23092
8.45362
inf
8.80747
9.27111
8.23896
9.32227
9.17778
9.33929
8.45883
9.32131
9.31366
8.52443
8.79249
8.48467
8.35111
8.4218
inf
8.86486
8.69029
9.21893
9.24151
8.93953
8.99782
8.8519
8.28381
8.78942
8.58014
8.55496
8.87868
8.51783
8.55427
8.26942
8.71809
inf
8.35982
8.54111
8.57688
8.25769
8.70653
inf
8.7887
inf
9.12275
8.90574
inf
8.6211
8.45834
9.04526
9.18071
9.13426
8.59785
9.18353
8.75661
8.75509
8.3818
8.52056
9.05721
8.57232
8.36174
8.22482
8.59082
8.28163
8.51951
8.3933
8.77083
8.75847
8.77757
8.46704
8.24495
8.20292
8.06628
8.22171
inf
7.97738
8.78426
8.81917
8.84832
8.79626
8.61063
8.5631
8.24395
8.35002
8.3065
8.06816
8.51984
8.20403
8.46518
9.01268
8.43121
8.75326
8.37028
8.58451
8.36791
9.17108
8.15191
8.21496
inf
8.94324
8.06859
8.35639
8.28203
8.3878
9.04973
8.17485
9.11128
8.59462
8.58326
7.88527
8.33385
inf
inf
8.53011
8.02439
8.23875
8.1647
8.83352
8.58731
8.79375
8.92001
inf
8.22857
8.5065
8.47348
8.25359
8.90524
8.87979
inf
8.99854
8.9517
8.83744
inf
9.06139
8.49552
8.83932
8.78941
8.28402
8.0924
7.98918
8.88561
8.18528
inf
inf
8.35934
8.81352
7.972
8.48232
8.49775
8.83237
8.83131
8.09536
8.48116
8.96144
8.11879
8.12368
9.04116
8.42996
8.12412
8.72694
8.41249
8.86243
8.38864
9.11885
8.15412
8.16551
8.70652
8.67227
8.51751
7.87169
8.08737
9.06209
7.75648
8.9356
8.42891
inf
8.64897
8.53923
8.37172
8.32749
inf
8.16042
8.43654
8.93097
8.58654
8.13035
9.04058
8.40397
inf
8.67504
8.34268
8.26443
9.15802
8.29436
8.22214
8.34681
7.92408
8.04528
8.30818
8.23021
8.2427
8.72363
inf
8.06787
7.83323
8.05282
7.96342
8.51798
7.94405
7.71991
8.24306
8.04626
8.07288
8.32916
7.66198
8.20553
8.1043
7.93085
8.14409
8.28883
8.2001
8.07715
7.72397
7.88714
8.63917
8.05974
7.74184
8.16652
7.8084
7.86575
7.68393
8.02775
7.84515
7.79114
7.77446
7.95057
7.67259
7.69578
7.85657
7.73287
7.89327
7.71268
7.71003
7.66253
7.78975
7.83542
7.4997
7.89215
8.0833
7.7842
7.58387
7.65529
7.66674
7.74146
7.5605
7.57551
7.63694
7.6018
7.93027
7.59993
7.69739
7.81065
7.6971
7.62747
7.57574
7.71349
7.59053
7.54342
7.7731
7.73045
7.64342
7.85278
7.91055
7.82467
7.73879
7.97427
7.90732
7.91761
7.86101
8.05086
7.94704
