8.13916
8.24866
8.25634
8.28487
8.35301
8.39335
8.40677
8.43044
8.62156
8.35797
8.3333
8.41714
8.39964
8.26069
8.41355
8.13088
8.37424
8.63259
8.3467
8.26391
8.07036
8.37389
8.4367
8.15578
7.99588
8.15293
8.24787
8.20054
8.29445
8.24726
8.29285
8.32637
7.96977
8.35862
8.07861
8.83543
8.41322
8.05806
8.48336
8.04312
8.15973
8.5792
8.21024
8.25888
8.4024
7.90641
8.61305
8.37841
8.02821
8.23382
7.90347
8.11438
8.03394
8.27161
7.90016
8.10614
8.54314
8.24381
7.9918
7.93554
8.3827
8.17944
8.14551
8.29468
8.23324
7.9462
8.10388
8.41131
7.82807
8.81318
8.5704
8.29216
8.17968
8.35559
8.07055
8.32543
8.43228
8.57319
7.84723
7.98789
8.15353
8.20602
8.0608
8.51302
8.05156
7.78454
7.91707
7.97808
8.06251
7.79344
8.75991
8.40002
8.4663
8.07574
8.00273
8.25848
7.99392
7.72255
8.16802
7.93516
7.57188
7.80052
8.43275
8.13031
7.91934
8.14836
7.92767
8.2283
8.66837
8.68492
8.10096
8.00636
7.77988
8.28463
7.99781
7.73022
8.08106
8.493
8.60219
7.97074
8.54999
8.47309
8.30398
8.37708
8.20058
7.94538
8.29237
7.84231
8.57907
8.15424
8.43907
7.90344
8.44055
7.93836
8.00861
8.20031
8.42102
8.49844
9.11978
8.80714
8.13666
8.28164
8.33102
8.42499
8.56115
8.0252
7.87568
8.6971
7.74133
8.30792
inf
8.53594
8.15282
8.28615
8.60469
8.64362
9.10872
8.59571
8.34175
7.79187
8.88244
8.40452
8.40081
8.95093
8.45422
8.72726
8.04509
8.72203
9.04452
8.37742
8.30883
8.27272
8.37672
inf
inf
8.74517
8.47236
8.5745
8.69837
8.22609
8.25342
9.18788
8.52165
8.86499
8.59865
8.8291
8.50136
8.55781
inf
8.69233
inf
8.27963
inf
8.48153
9.03503
8.70987
8.38786
8.84236
9.49425
8.79993
8.7067
8.96732
8.90999
inf
8.59713
9.28675
inf
9.0404
9.13008
inf
inf
9.2421
9.02801
9.13454
8.74724
inf
inf
8.46393
8.37637
inf
inf
9.05196
9.09375
8.40906
inf
9.03896
9.09551
inf
inf
8.5868
inf
8.95591
inf
inf
inf
8.76793
inf
inf
8.98842
inf
inf
inf
inf
inf
inf
inf
8.88258
inf
inf
inf
8.91541
inf
inf
inf
inf
inf
inf
8.75595
inf
inf
inf
inf
inf
inf
inf
inf
inf
inf
inf
inf
inf
inf
inf
inf
inf
inf
inf
inf
inf
inf
inf
inf
inf
inf
inf
inf
inf
inf
inf
inf
inf
inf
inf
inf
inf
inf
inf
inf
inf
inf
inf
inf
inf
inf
inf
inf
inf
inf
inf
inf
inf
inf
inf
inf
inf
inf
inf
inf
inf
inf
inf
inf
inf
inf
inf
inf
inf
inf
inf
inf
inf
inf
inf
inf
inf
inf
inf
inf
inf
inf
inf
inf
inf
inf
inf
inf
inf
inf
inf
inf
inf
inf
inf
inf
inf
inf
inf
inf
inf
inf
inf
inf
inf
inf
inf
inf
inf
inf
inf
inf
inf
inf
inf
inf
inf
inf
inf
inf
inf
inf
inf
inf
inf
inf
inf
inf
inf
inf
inf
inf
inf
inf
inf
inf
inf
inf
inf
inf
inf
inf
