 1934.337236
 22096.377248
 10068.640834
 1462.790555
 7984.970165
 1124.361368
 94.862253
 29.962953
 72.214135
 2619.373237
 902.834973
 1733.550267
 72.520763
 234.047457
 48.805066
 3310.141155
 394.146391
 105.152138
 314.724319
 1796.452516
 5650.461006
 1376.342808
 3753.229416
 244.001938
 5978.619311
 198.640026
 840.789985
 114.819041
 2784.819856
 291.758360
 221.776743
 161.522010
 4238.572728
 547.148662
 118.055435
 6208.930352
 1378.977766
 303.895243
 1111.152747
 1852.639683
 7367.253729
 1407.799414
 5314.153767
 478.344118
 9509.864297
 418.232216
 2171.813746
 334.811373
 5348.302434
 1053.626112
 968.070390
 339.539069
 7375.520423
 1305.628578
 280.436372
 2931.168665
 23944.919531
 14823.803733
 1163.675085
 555.179319
 128.370630
 1473.359868
 202.176837
 20.158577
 13.557881
 3.552295
 3787.867521
 735.468046
 382.997905
 93.918125
 150.182396
 51.249782
 20.993905
 11.231843
 2.721132
 1.696490
 3889.447339
 749.418487
 67.712597
 41.154091
 11.217442
 2602.266309
 8210.226994
 1066.469133
 526.300033
 118.943530
 465.083132
 8462.337915
 296.210341
 119.615718
 40.732616
 82.852634
 2535.639484
 649.303271
 44.863035
 10.321066
 65.493383
 1475.286078
 247.544995
 45.391455
 7.071427
 18.849660
 461.141864
 112.179142
 13.980072
 8.626347
 6689.038603
 2083.351280
 170.360627
 103.359548
 26.176610
 2787.277586
 11060.083221
 1099.498402
 535.761712
 122.682661
 822.144298
 12483.006987
 444.812898
 216.552816
 64.860773
 296.172952
 5455.967057
 2260.581367
 120.159610
 27.074283
 308.686441
 4052.233949
 1207.122132
 133.956476
 21.512642
 131.135884
 2202.089945
 808.086435
 83.848181
 47.898857
 1850.206170
 3809.135446
 3991.030272
 1577.140217
 3962.240545
 917.291343
 136.717866
 0.000000
 150.909160
 1607.711769
 791.728161
 1577.855840
 90.851705
 334.400845
 118.431178
 397.148339
 366.285760
 216.591856
 311.144982
 554.959010
 342.212231
 528.812545
 293.403188
 479.502437
 236.650659
 2248.148197
 3744.816172
 3853.505800
 1260.661485
 862.070448
 344.803336
 901.807044
 189.338844
 4.544193
 4.544193
 4.544193
 1247.768242
 491.558687
 350.089688
 149.806778
 144.820699
 75.575139
 51.975423
 0.000000
 0.000000
 0.000000
 413.993967
 410.779896
 175.756867
 139.080666
 72.327727
 410.809998
 299.652291
 198.882083
 81.463708
 289.380046
 184.995555
 74.503743
 118.340045
 53.023374
 51.385996
