3.35121
3.35949
3.37987
3.40694
3.41938
3.44853
3.39954
3.46593
3.45341
3.47562
3.41609
3.44811
3.46276
3.505
3.51963
3.42705
3.35348
3.55259
3.44233
3.42333
3.39145
3.51857
3.39555
3.43073
3.41122
3.54032
3.30175
3.31405
3.27843
3.40581
3.35703
3.46691
3.42042
3.38117
3.47159
3.48529
3.34329
3.3856
3.36905
3.45707
3.34631
3.58178
3.35301
3.48373
3.34871
3.41167
3.57716
3.62289
3.36654
3.35882
3.51721
3.45352
3.25785
3.74562
3.32496
3.49005
3.54769
3.69687
3.34218
3.43365
3.3574
3.31188
3.33229
3.53439
3.48294
3.44309
3.28304
3.53584
3.3554
3.33667
3.2747
3.46379
3.64746
3.43676
3.37633
3.33081
3.35518
3.19569
3.56696
3.40719
3.21209
3.33682
3.34254
3.34928
3.34883
3.35093
3.26408
3.49958
3.45829
3.48745
3.59902
3.4872
3.35415
3.62916
3.2025
3.37295
3.37152
3.24683
3.36502
3.38581
3.50792
3.55655
3.30395
3.33648
3.41447
3.22692
3.38284
3.385
3.38849
3.38586
3.56684
3.61903
3.69353
3.32863
3.45684
3.64017
3.59744
3.41628
3.61389
3.42349
3.3007
3.4986
3.53885
3.40318
3.33059
3.66684
3.2962
3.34488
3.3033
3.46001
3.46997
3.40867
3.60454
3.48903
3.15983
3.33901
3.66961
3.53745
3.56722
3.30524
3.35568
3.43414
3.51462
3.27261
3.79528
3.71474
3.52131
3.41334
3.32861
3.29721
3.35383
3.37688
3.46196
3.52531
3.37259
3.60755
3.72166
3.50761
3.35031
3.37371
3.55947
3.61462
3.39706
3.63396
3.54099
3.36577
3.54049
3.31176
3.38437
3.49499
3.65323
3.2966
3.2116
3.52642
3.44641
3.26895
3.60459
3.73276
3.16663
3.43116
3.35444
3.50769
3.48087
3.44905
3.448
3.54312
3.71017
3.41701
3.41935
3.31533
3.46189
3.23823
3.40383
3.2535
3.32092
3.35928
3.37723
3.5423
3.55901
3.44742
3.49894
3.54401
3.54334
3.685
3.45367
3.42728
3.25843
3.67169
3.26279
3.29217
3.29669
3.65464
3.44343
3.28814
3.46055
3.56898
3.41058
3.32772
3.44405
3.66555
3.30106
3.32026
3.57483
3.25526
3.52919
3.3556
3.75164
3.41428
3.39705
3.52849
3.60719
3.62761
3.44587
3.32356
3.39909
3.61902
3.19323
3.36994
3.88961
3.75108
3.34577
3.68534
3.40758
3.5021
3.65638
3.19056
3.19048
3.67588
3.35287
3.59145
3.59191
3.35808
3.64849
3.55185
3.43152
3.35162
3.59387
3.22444
3.3479
3.35284
3.71833
4.06906
3.3656
3.51183
3.6065
4.05721
3.23271
3.16999
3.57509
3.43461
3.48355
3.62276
3.34591
3.19799
3.6378
3.31095
3.23976
3.34761
3.4634
3.31229
3.2512
3.39856
3.26065
3.43121
3.4201
3.3984
3.23622
3.17488
3.50525
3.66108
3.4176
3.46202
3.18781
3.77802
3.40469
3.5715
3.21665
3.27141
3.64747
3.51519
3.45749
3.34889
3.57152
3.00011
3.22328
3.57062
3.23309
3.48786
3.53854
3.49585
3.17138
3.27599
3.3188
3.45404
3.34639
3.61018
3.61281
3.35724
3.25233
3.30768
3.12724
3.36512
3.55663
3.19267
3.19885
3.15809
3.28741
3.5284
3.23201
3.43311
3.48344
3.24185
3.76438
3.45866
3.33596
3.47194
3.53609
3.21416
3.19864
3.32022
3.71226
3.24502
3.74077
3.20185
3.39478
3.48303
3.50914
3.27555
3.28915
3.26859
3.27794
3.98093
3.75602
3.4171
3.49917
3.46899
3.9793
3.27587
3.48044
3.41783
3.43425
3.44215
3.44623
3.11106
3.62796
3.54329
3.38479
3.58133
3.81291
3.55714
3.58453
3.431
3.26015
3.58439
3.73283
3.37502
3.31218
3.2611
3.37293
3.23553
3.31509
3.53856
3.56956
3.68602
3.47293
3.59969
3.38987
3.65721
3.28901
3.45081
3.71406
3.42583
3.32732
3.53339
3.4855
3.63965
3.63496
3.48694
3.52196
3.39561
