4.43956
4.31426
4.23755
4.18191
4.19572
3.97973
4.03411
3.9213
4.09652
4.16727
4.04701
3.96074
4.1638
4.05165
3.90446
4.14163
3.81311
4.16015
4.2026
3.90614
4.00155
3.84054
3.96605
4.00489
4.01636
4.18321
3.91707
4.06246
3.90083
3.77869
4.14772
4.21089
3.98561
3.88524
4.26897
3.94654
4.4958
4.26216
4.45338
3.93676
4.46268
3.79538
3.80729
3.99397
4.24783
3.86042
4.03817
4.16306
3.73401
4.02362
3.98969
4.19042
3.88482
4.36901
4.19645
4.23456
4.08427
4.14529
3.98539
4.0765
3.87801
3.91289
4.0774
3.94473
3.9186
4.10228
4.26787
4.39257
4.63728
4.44264
3.99295
5.05599
4.23905
4.19456
4.22031
3.7649
3.96937
3.90198
3.7946
4.00078
4.64143
4.12147
4.363
4.05271
5.11479
4.47961
3.79556
4.01965
4.20655
4.26898
4.11992
4.29456
3.81754
4.1977
3.87558
4.16909
4.54133
4.14371
4.99209
4.16319
4.12145
4.31048
3.99234
4.26071
4.15553
4.29954
3.83057
4.2845
4.5463
4.29745
4.02173
4.86482
4.00907
4.02455
4.15268
4.17737
3.90863
4.98863
4.53062
3.96915
4.98917
4.1421
3.87291
3.97011
4.14048
4.3504
3.99196
4.13264
3.89064
3.89907
4.46258
3.89242
5.04014
3.78678
4.352
3.8408
4.28192
inf
3.64895
4.54558
4.33775
4.5746
3.97223
4.44096
3.89748
4.17532
4.14687
4.0309
4.90938
inf
4.01745
4.37245
4.16576
4.2121
4.19752
4.4184
4.87885
3.93017
3.81133
inf
4.05095
4.62363
4.11247
3.85619
4.4031
4.07933
4.01445
4.33298
3.88322
3.82597
4.57717
3.83037
4.07333
3.97427
3.96559
4.38132
4.6524
3.93262
4.08338
4.23244
inf
3.96356
3.97555
3.93046
4.0384
3.9093
4.51482
3.99563
4.35537
4.0483
4.1575
4.00532
4.07751
4.40159
4.41537
3.93725
3.93342
3.89957
4.21837
4.28638
4.01712
4.09889
3.99816
4.1887
4.14555
4.27742
3.90899
4.17005
4.54946
4.10881
4.11283
4.43557
4.12466
4.45632
4.10864
4.02985
3.89833
4.31714
3.87363
4.04393
3.82956
4.46647
4.1217
3.75595
3.82344
4.04029
4.24204
3.74185
4.13283
4.09385
3.83979
3.98464
3.91431
4.19221
4.93535
4.06022
3.94106
4.06415
4.14578
4.16838
4.08679
4.35535
4.76167
3.83931
3.61992
3.95041
3.73179
4.04303
4.14163
3.77933
4.02553
4.1696
5.01447
4.94746
4.0333
3.54733
3.82186
3.74059
4.14159
4.51738
4.0292
4.50133
4.36201
4.31104
4.12947
4.29095
3.67058
3.99296
4.35233
4.54513
3.54696
4.27263
4.2281
4.29739
4.02182
4.54831
4.36171
4.08386
3.89757
4.26715
4.54043
4.61975
3.58505
4.00267
4.34072
4.55362
4.18302
4.28571
3.89315
4.13883
4.18011
4.24176
3.68339
4.05347
4.27976
4.00828
3.65945
4.29677
3.73148
3.8002
4.48841
3.66047
4.10871
3.89343
3.93662
3.53971
3.88246
4.5181
4.29454
3.92472
4.03212
4.13593
3.78355
4.32132
3.93702
4.14629
4.29678
3.7621
4.18308
4.36427
3.78579
4.19458
4.34684
4.3593
3.80541
3.93052
3.94495
4.07656
3.64951
4.03124
4.20773
4.08784
3.82486
4.4086
4.24259
3.86445
3.63903
4.17923
4.32487
4.34233
4.28664
3.84682
3.8806
4.19782
3.94017
3.94847
4.08597
4.36184
4.01727
3.93816
3.95942
4.22693
3.90037
3.94226
3.97554
3.81498
3.84152
3.92489
3.89746
3.9512
4.0197
4.31338
3.90773
4.1716
4.82451
4.22558
4.35162
3.9808
4.26573
4.27419
4.45333
4.24211
4.44323
4.18271
4.12256
4.37456
4.24986
4.10161
4.10768
3.99108
4.13026
4.00108
4.21955
4.17172
4.19397
3.95037
4.03418
4.25883
4.55429
4.06448
4.05393
4.2525
4.24042
4.29456
4.21359
4.32426
4.12966
4.31641
4.2013
4.27443
