4.49761
4.42646
4.5267
4.40021
4.44594
4.29905
4.3694
4.31775
4.44013
4.44134
4.47539
4.37183
4.4252
4.09234
4.45586
4.0175
4.17815
4.36861
4.10854
4.19143
4.31417
4.13598
4.13255
4.45485
4.15815
4.04077
3.84547
3.7216
4.16963
4.0948
4.17162
3.88286
4.28521
4.45203
4.27287
4.22573
4.34195
4.2167
4.08832
4.27021
4.23116
4.03831
3.96244
4.11944
4.32753
4.20201
4.44853
4.41941
4.00996
4.46056
5.1089
4.14115
4.14013
4.453
4.69972
4.04533
3.84036
4.35344
4.65738
3.98709
4.19666
4.62991
4.09406
3.89094
4.55851
4.36531
4.19727
4.16232
4.52981
3.92344
3.9862
4.38664
3.65806
4.35005
4.14102
4.00289
4.51951
4.55813
4.27932
4.86963
3.74009
4.48187
4.04714
4.90031
4.3124
4.96279
4.94939
4.53301
3.92549
4.55626
4.26056
4.13829
3.85981
4.82594
4.46085
3.89298
4.24275
4.09244
4.00971
4.09314
3.65114
4.29342
3.67248
4.43544
4.21165
3.75862
4.03874
3.81403
4.19019
4.22951
4.43094
4.45744
3.83198
4.4787
4.53012
3.73794
inf
4.05203
4.08583
4.00623
4.79042
4.05885
4.03485
4.21388
4.49153
4.87105
4.46207
4.28376
3.91022
4.23755
inf
4.21285
3.9124
4.281
3.92271
3.84656
4.50101
4.48042
4.4771
3.82904
3.93352
4.26449
4.25157
4.52817
4.90144
4.43526
4.25952
4.86005
4.49397
inf
4.4978
3.96113
4.28108
4.46546
4.08438
4.13422
3.68963
4.59119
5.02913
3.82266
3.98242
4.27387
4.6108
4.29209
4.34051
4.13783
4.35056
4.57944
4.55447
4.29208
4.56859
4.97147
4.37878
4.06772
4.16799
4.04285
4.35982
4.40335
5.10589
4.24217
3.85725
3.91471
4.63189
4.49158
4.64655
4.29954
4.66452
4.10608
5.15539
4.26132
4.19733
4.46324
4.01418
4.12801
4.59005
4.38515
3.97657
4.47266
4.87862
3.95416
4.51243
4.37107
4.347
5.28965
4.08151
4.46732
4.26284
4.71943
3.75663
4.07018
4.27917
4.15672
5.04662
4.67114
4.237
4.0553
4.45126
4.43073
5.0325
3.87923
3.99339
4.64639
4.30402
4.63746
4.03371
4.03313
3.91734
4.2274
4.34648
5.0154
4.27595
inf
4.21034
4.58726
4.91153
4.94007
3.91756
4.00931
4.5247
4.11971
4.60659
4.89879
4.58668
4.27529
4.93074
4.11644
4.12881
4.99688
4.27051
4.24293
4.9405
3.82458
4.01309
4.46437
4.96674
4.57916
4.96038
4.92622
4.87514
4.44192
4.08761
4.94422
4.23493
3.76774
4.47749
4.09687
4.24489
4.24425
4.24444
4.26685
3.97771
4.55579
4.0531
4.9699
4.54281
4.09655
4.10876
4.89687
inf
3.79874
4.24113
inf
4.98013
4.36813
4.1862
4.32281
4.07996
4.00089
3.81406
5.07673
3.94131
4.07871
4.87545
4.56682
4.12498
4.58549
4.49528
3.75237
3.94924
4.97075
4.01163
4.61777
3.92756
4.08154
4.48662
4.06702
4.92121
inf
4.5205
4.83268
3.98394
4.31097
4.9876
4.30544
3.96449
4.0261
4.16964
4.02103
4.12895
3.98219
4.04158
4.15202
4.32473
4.36038
4.53189
3.93373
3.9606
4.09547
4.56065
4.96803
4.23206
4.39338
5.0604
4.9286
5.13768
4.04374
3.96526
4.25722
4.47444
5.08278
4.23962
5.05801
4.25134
4.43463
4.41793
4.26459
4.49945
4.18319
4.3143
3.91843
4.44842
4.36175
4.19438
4.0623
4.35606
4.727
4.52899
4.39993
4.77931
4.24513
4.07769
4.45617
4.59573
4.15759
4.60591
4.32128
4.49914
5.322
4.15552
4.13541
4.05683
4.24573
4.24421
4.73848
4.41218
4.14982
4.84554
4.10835
4.27756
4.21032
4.4242
4.37307
3.94285
4.7729
4.73574
4.17398
4.42163
4.18565
4.21993
4.08345
4.25068
4.20375
4.08911
4.14975
4.19602
4.27028
4.26615
4.17439
4.22526
4.20009
