4.21025
4.25004
4.23531
4.23333
4.27123
4.16311
4.06727
4.21891
4.07478
4.287
4.69506
4.47483
4.22906
4.22652
3.97671
4.05039
4.09059
4.18009
4.06159
4.33726
4.00665
4.47529
4.68729
4.0641
4.13213
4.28231
4.15305
4.06818
3.98683
3.81714
4.55241
4.03535
4.19666
4.87682
3.81684
4.01977
3.86714
3.87263
4.00814
4.78742
4.11354
3.77678
4.03576
3.87216
4.31693
3.97184
4.01992
4.2876
4.22853
4.30707
4.25285
4.27987
4.00565
3.84265
5.09164
4.6924
4.23743
4.66361
4.00354
4.34723
4.23158
4.58011
4.20182
3.93871
3.78692
4.2295
4.21869
4.15515
4.61737
4.37084
3.84751
3.86007
3.82668
4.15989
4.22481
4.07691
3.90607
3.88577
4.29917
4.33416
4.15351
3.99554
4.3321
4.29912
4.15173
4.98048
3.64047
4.14564
4.13824
4.1464
3.79787
3.89569
3.93762
4.12834
3.60595
3.95961
4.27047
3.98033
4.24913
3.98872
3.9488
3.95456
3.86381
4.07579
3.83854
4.10992
4.58458
4.10434
3.88996
4.52742
4.13086
3.54293
4.28372
4.06897
4.33108
3.82538
3.88539
inf
4.54876
3.89179
4.86646
4.14611
4.00358
4.61801
4.30243
4.30678
3.44134
3.90419
3.61754
4.60839
3.77948
3.90471
3.81275
4.0223
4.01276
3.81741
4.00535
4.02116
3.71996
3.75051
4.60159
3.63327
4.16148
4.00634
4.31347
3.92271
3.90913
4.60253
5.02499
3.93931
3.69355
3.74788
4.18927
3.81565
3.89894
4.3629
4.65208
4.67072
4.30843
4.2295
4.12066
4.0416
3.94096
3.8823
4.07718
4.36619
4.42119
3.82473
4.02802
3.85081
3.9904
4.6375
4.24771
4.25055
4.27661
4.16217
4.15938
4.05078
4.50124
3.98148
4.20717
3.80607
4.44335
4.11989
4.52977
3.87532
4.24345
4.34985
3.90284
4.17662
3.61924
4.57916
4.2447
3.95809
4.00166
4.25163
4.19855
4.04158
4.43385
3.96074
4.07694
4.13479
4.1642
4.20212
4.21115
4.08136
5.13993
4.68134
3.83284
4.05154
4.31179
4.43017
4.58711
4.07114
3.85053
4.14463
3.82731
3.74608
4.3765
3.81304
4.50097
4.00806
4.29606
4.07284
3.57914
4.31701
4.08064
3.91289
3.68208
4.07424
4.17135
4.47688
4.31176
3.82941
3.89522
3.88613
4.08789
4.08178
3.90931
4.08948
4.47888
3.88295
3.97634
4.55884
4.10596
4.20217
4.2107
4.23241
4.577
4.22473
3.95319
4.96045
4.34055
4.02923
4.5777
3.80036
3.7588
4.05517
4.5839
4.54924
4.30632
3.95364
4.04703
4.17877
3.90555
4.1463
4.33008
4.15133
4.79138
3.93782
4.58617
3.7371
4.99499
4.18457
4.62125
4.30736
3.75686
4.00691
3.49819
3.99646
4.61466
3.88515
4.3261
3.88932
4.51523
3.8921
3.88985
4.09631
3.73305
4.01029
4.16667
4.00942
4.27522
4.97766
4.09045
4.05089
4.28625
4.00088
4.15533
4.18694
4.40399
4.0281
4.05443
3.6846
3.91646
4.29945
4.93857
4.13918
3.67453
4.28637
4.6514
4.94268
4.62993
4.33036
4.03113
3.67302
5.02626
4.19953
3.87277
4.25667
4.38427
inf
4.03911
4.19503
4.39055
4.3627
3.99233
3.9013
4.3651
4.38134
4.40421
3.9033
4.38774
3.79502
3.97633
4.12467
4.35655
4.25348
4.25997
4.25095
4.14027
4.14645
4.03428
3.86475
4.18588
4.29389
4.17955
3.88804
3.86207
4.50816
4.23651
3.85562
3.71711
4.83143
3.87531
4.69604
3.95057
4.30374
3.8187
4.04483
4.03945
3.97022
4.44464
4.08399
4.36109
4.13905
4.27155
4.29503
3.92954
4.86065
4.92221
4.97758
4.11294
4.10167
4.32523
4.17803
4.38137
4.20863
3.87924
4.19068
4.11853
4.40645
4.15712
4.14899
4.16241
4.22077
4.28761
4.22127
4.48523
4.10781
4.08573
4.31371
4.31203
4.11634
4.54184
4.37821
4.39774
4.36536
4.32803
4.21157
