4.44861
4.20808
4.31018
4.28897
4.26918
4.34886
4.28309
4.31398
4.30646
4.40251
4.18104
4.55536
4.8136
4.67803
4.43185
5.00281
4.55613
4.27699
4.69249
4.42922
4.02236
4.82943
4.50843
4.48535
4.45153
4.57173
4.65765
4.20153
4.29108
4.57566
4.1284
4.31642
4.10016
4.8132
4.2699
4.53591
4.01069
4.35651
4.56066
5.21227
4.71808
4.47257
5.12878
4.44724
inf
4.68562
4.43281
4.48077
4.14461
4.37361
4.25956
4.44569
4.76238
4.57411
inf
4.18773
4.91016
inf
4.32757
4.13844
4.32996
4.09281
4.9632
4.31626
4.1756
4.08984
inf
4.5619
4.50203
inf
4.2897
4.90682
4.89661
4.54984
inf
4.50728
4.52998
4.24819
inf
4.94494
inf
4.21805
inf
4.42887
inf
4.79979
inf
inf
inf
inf
4.80957
4.50656
3.73418
4.42445
4.50283
4.72861
4.54536
4.39822
3.99671
4.21343
4.46726
inf
inf
4.15723
4.56478
inf
4.49604
4.88363
4.67922
4.79965
4.42431
4.3856
4.44082
inf
4.77018
4.36863
4.18124
3.99957
4.42612
4.41863
inf
4.16802
4.67787
4.83755
4.15816
4.18869
inf
4.80512
inf
4.7354
4.19294
inf
4.16157
4.68833
4.45287
inf
4.35978
4.83007
4.49081
4.39346
4.27928
inf
4.8612
4.41221
4.15384
4.95131
4.52691
4.87963
4.85157
4.22174
inf
4.80495
4.86089
inf
3.82173
4.49715
3.9167
4.84173
4.43904
4.25359
4.9263
4.26495
4.52987
inf
4.44236
4.44241
4.56431
5.00543
inf
4.58268
4.45849
4.30931
4.94905
4.51288
4.53805
4.46597
inf
inf
4.13907
4.3954
4.63497
4.35093
4.56313
4.38291
4.22644
4.40708
5.04215
4.35881
inf
inf
inf
4.30411
4.64209
4.41989
4.78683
4.54588
4.58577
4.92579
5.25169
4.2753
4.97494
4.36727
4.31207
4.86664
inf
4.74278
4.82832
4.18771
4.44557
4.03923
4.17484
5.11599
4.98674
4.68776
4.66795
4.38874
4.20077
4.24813
5.19605
4.37374
3.95911
4.54074
4.38326
4.30902
4.88605
4.33082
4.53408
4.48138
4.03079
3.79105
4.54261
3.86354
4.0799
4.0944
4.12798
4.2933
4.97794
4.9559
4.91402
3.78595
4.1035
4.28973
inf
4.5111
inf
4.96316
4.29731
4.01351
inf
3.91321
4.56512
4.47818
4.94183
4.49372
4.48995
4.93037
4.27753
inf
4.52812
4.0794
inf
4.46168
inf
4.03167
inf
4.08167
4.92484
4.98359
4.91625
inf
4.45436
4.08571
4.95964
4.08014
3.9307
4.95718
4.97
4.48259
3.83345
4.10362
4.54308
3.74998
4.13327
4.48579
4.23784
inf
4.08162
4.05857
4.47499
4.48553
inf
4.96287
3.96127
4.51474
4.28547
4.10043
4.90431
4.45652
4.54354
4.96338
4.48271
4.5185
3.87587
4.06096
inf
5.02123
3.96896
4.96455
4.12947
3.88355
4.08249
4.53055
4.49455
3.91932
4.93292
4.36109
4.59169
4.1344
4.9195
4.19371
4.9214
4.06451
4.32095
4.30846
4.20764
4.67609
5.05751
4.34223
3.70559
4.20211
4.55032
4.4461
4.58796
5.05111
4.97831
4.44414
4.23731
3.98585
4.68517
4.40485
4.72688
5.12045
4.31061
4.47031
4.46297
4.72272
4.1889
4.34883
4.35324
4.55459
4.34624
4.77828
4.36141
4.31564
4.3212
5.14946
4.13802
5.19943
4.27563
4.41945
4.4275
4.62048
4.33788
4.18828
4.89092
4.46239
4.68181
4.52405
4.40177
4.13919
4.96444
4.59731
4.97525
4.53317
4.83818
4.11651
4.5792
4.60817
4.5215
4.81142
4.13106
4.98218
4.61989
4.37662
4.37949
4.95181
4.38596
4.92333
4.58312
4.55196
4.72732
4.47728
4.64486
4.49352
4.34155
4.20353
4.62914
4.40014
4.25226
4.19129
