4.17298
4.15032
4.17732
4.25492
4.51004
4.42169
4.28519
4.42069
4.31316
4.20802
4.21726
4.26109
3.91202
4.2598
4.0216
4.28216
3.99293
4.26055
4.15521
4.72234
4.52193
4.55323
4.26826
4.26172
3.98209
4.61929
4.20467
3.93144
4.71077
4.69646
4.47657
4.06998
4.48919
4.1302
4.1171
4.25588
4.24569
4.04878
4.1329
4.16903
3.70009
4.75923
3.97062
3.85066
4.47815
4.30252
3.88191
4.15583
3.8984
4.37508
4.02617
4.45197
4.01327
3.93903
4.73641
4.23436
4.05917
4.20288
3.71326
4.89329
5.08683
4.0637
4.21303
4.33331
4.35792
4.18061
4.04378
4.95114
4.25864
4.30326
4.29112
4.33023
4.60319
4.10358
4.0442
4.54315
3.88778
4.28537
4.49936
4.26539
3.73683
4.54513
3.96192
4.2465
4.4604
3.97183
4.22506
4.27087
4.17705
4.24088
4.48913
4.2663
4.20226
3.97899
4.45865
4.03807
4.2705
4.25293
3.938
4.25171
3.93632
4.89982
3.93614
4.5396
3.64815
inf
3.8191
4.18492
4.23976
3.92939
4.45657
4.02594
4.06576
3.73319
4.90842
4.43739
4.24646
4.22961
4.08814
3.94876
4.49618
3.57446
4.49459
4.46719
4.89291
4.0868
4.42936
4.03434
4.22313
3.75253
4.87032
inf
3.86761
4.8178
4.25617
3.72871
4.03535
4.96405
3.70717
4.18185
4.10417
3.7487
4.47361
3.81279
3.78325
4.23056
4.49907
3.93899
3.82945
4.09036
5.01786
4.06704
3.79048
3.83203
3.98984
4.82906
4.98072
3.8586
4.97312
3.99661
4.34462
4.2459
4.59014
4.58376
4.47425
3.80235
4.33891
inf
4.40373
4.06392
4.05155
5.01772
4.1704
3.98367
4.24426
4.4211
3.89803
3.58449
4.46308
4.68868
4.17684
4.42858
3.8303
4.69117
4.17964
4.31479
4.16224
3.72351
5.21588
4.23197
3.92212
4.11297
4.14471
4.21744
3.91902
3.80614
4.01407
4.08312
4.26784
4.19675
4.55568
3.93492
4.28081
4.17022
4.19366
4.28904
4.29881
4.04229
4.15551
4.15297
3.98455
4.25795
4.28007
3.9181
4.26424
4.52014
4.05931
3.81558
4.42842
3.79511
3.98168
4.24925
3.8134
4.43103
3.90465
4.72657
5.23937
5.14273
4.4123
4.68913
4.12005
5.08257
4.22554
3.97369
3.87069
4.40236
4.07062
4.20429
4.64026
3.98595
4.0953
3.97645
4.0408
5.03655
4.56269
4.57036
4.59011
4.3684
5.03555
3.879
3.92269
3.99415
4.28172
4.50756
4.19304
4.03502
4.16161
3.99597
3.89127
4.17186
4.1508
4.96111
4.53884
3.93122
4.32812
4.01363
4.33262
4.31268
4.1694
4.30561
4.54917
4.50326
5.02193
3.98469
4.54716
4.15834
4.5932
5.06399
3.82841
4.04228
4.31381
5.03318
4.549
4.13784
3.77867
4.17626
5.0691
4.03538
4.13182
4.36959
4.37461
4.06051
4.56705
4.90343
3.84156
4.36359
4.94018
4.17986
4.16873
4.21702
4.66672
4.19381
4.22178
4.34064
5.02832
4.15843
4.10868
4.06689
4.28834
4.08215
4.0603
3.78857
4.67133
4.63605
4.25961
5.04319
4.62816
4.36979
4.19878
4.25575
4.6796
4.03586
4.67484
4.27743
4.11082
4.43885
4.71624
4.46777
4.13962
4.64445
5.03221
4.15623
4.20388
3.84719
3.95113
4.34938
4.0783
4.46611
4.74472
4.47986
4.08219
4.74098
4.35469
5.16065
4.6986
4.35921
4.09591
4.38126
4.24839
4.15733
4.05072
4.45046
4.4754
4.65598
4.29545
4.21641
3.94911
4.20416
4.17241
4.71805
4.50119
4.54484
4.14081
4.93508
4.44602
4.25264
4.03252
4.66605
4.61952
4.42243
4.38106
4.0842
4.86765
4.34712
4.31233
4.37427
4.56865
4.54778
4.67234
4.60854
4.11477
4.32256
4.66055
4.33052
4.11868
4.24846
4.59092
4.31168
4.2039
4.1828
4.34936
4.23109
4.32257
4.28573
4.36906
4.42873
4.39352
4.18929
4.31198
4.24526
