4.14959
4.1289
4.2027
4.17613
4.35102
4.38163
4.37696
4.1493
4.26735
4.13234
4.089
4.30903
4.30951
4.38738
4.44058
4.41695
4.21179
4.29091
5.14508
4.33028
4.86503
4.54098
4.65474
4.01662
4.11265
4.64478
4.20608
4.54124
4.12234
4.56076
4.94577
4.14821
4.88571
4.47283
4.44111
4.32186
4.16759
4.37855
5.36843
4.17855
4.19271
4.54448
4.46987
4.80176
5.0853
4.68977
4.80065
5.13781
4.43005
4.72992
4.1262
4.26724
4.68705
4.45446
4.25736
4.69169
4.39599
4.64463
4.15169
4.38505
4.98879
4.3536
4.63862
3.9768
4.52216
inf
4.03521
inf
4.32963
4.1762
5.01632
4.56492
4.15307
4.10775
4.34334
4.49867
4.16836
4.94834
4.27822
4.32366
4.09606
3.99942
4.54013
inf
inf
4.08179
4.01174
4.15048
4.5089
4.87897
4.94273
4.77128
inf
3.93409
4.90866
inf
inf
4.49041
4.9671
4.88602
4.23265
4.87774
4.50717
4.51016
4.91277
inf
5.01567
4.92728
4.43561
4.19754
4.10649
4.40158
inf
inf
4.80764
4.87663
4.87633
4.89787
4.51666
4.8458
4.03788
4.24624
4.42564
4.22784
inf
4.47497
4.54754
3.74702
4.49914
4.46353
4.46331
4.7295
3.78787
inf
4.2204
4.25732
4.01604
4.24654
4.92762
4.8441
4.55006
4.52739
4.98276
4.97714
4.84768
4.4654
4.89244
inf
4.912
4.47217
inf
4.87616
4.93753
4.23128
4.13369
4.31571
4.91274
4.88491
5.00572
4.62318
4.56524
4.90471
4.17808
3.8891
4.53806
4.53016
4.13516
4.94951
4.97431
4.18517
4.96653
4.97803
4.0136
4.52379
4.31504
4.12884
4.61657
4.18409
4.39774
4.38063
4.24347
4.24375
4.35878
4.96408
5.12537
4.25432
4.65663
4.3315
4.41602
4.07732
4.4537
4.74509
4.53393
inf
4.14657
4.40982
4.44446
4.62675
4.08407
4.2712
4.24856
4.65636
4.61984
4.09784
inf
4.30364
4.68859
5.22484
5.12569
4.46241
5.14361
4.14497
5.07934
4.27302
4.37756
4.1317
3.92667
inf
4.63085
5.04473
4.39036
4.36017
4.6264
4.19345
4.56414
4.32433
inf
4.55412
4.56136
4.3081
4.29537
4.16909
4.85806
4.27087
4.88887
4.54728
4.24324
4.0823
4.52903
4.92397
4.53742
4.43074
4.46288
inf
4.54095
4.04173
4.87263
4.91378
4.93109
4.80652
4.90631
4.43494
4.00823
3.87443
4.92881
4.90329
inf
4.18892
4.82329
inf
4.43143
4.8445
inf
inf
4.21426
4.80243
4.87483
4.80449
inf
4.83089
4.18921
4.77513
4.40873
4.22279
inf
inf
4.45292
4.95025
4.80329
4.75177
4.22522
4.89026
4.86019
inf
4.95196
4.21321
4.53848
3.90505
4.91475
3.96767
4.47194
inf
4.20464
4.86631
4.48953
4.20254
4.01277
4.22636
3.94988
4.78911
4.17113
4.8544
4.02637
4.23822
4.25894
4.24059
3.78942
4.98703
4.84532
4.22181
4.51975
4.22955
4.34725
4.80503
inf
4.22319
4.4493
4.13289
4.9396
4.60111
4.53889
4.55388
4.22931
4.29899
4.10724
4.17557
3.97709
4.34498
inf
4.23806
4.10868
4.56842
4.57476
4.16928
5.0407
4.32911
4.7421
5.02341
4.33846
inf
4.99912
4.62717
4.96627
4.16501
5.09109
4.20178
4.42526
4.38054
5.10262
5.11591
4.71874
4.63603
inf
5.1647
5.21494
5.16368
5.20772
4.84501
3.99566
4.20882
4.12224
4.99782
4.34091
4.13089
4.25578
4.22627
4.44709
4.10621
5.20243
4.86383
4.88805
4.83943
4.56367
5.45701
4.68313
4.75001
4.31896
4.78656
4.40673
4.67699
4.35336
4.51777
4.29921
4.66952
4.83618
4.62982
4.582
4.7787
4.41645
4.53671
4.2295
4.38267
4.44753
4.54939
4.4266
4.23384
4.38054
4.35338
4.38734
4.37115
