3.56391
3.50725
3.47345
3.41035
3.38961
3.36185
3.31679
3.25043
3.36828
3.35709
3.37664
3.31198
3.26664
3.26762
3.19023
3.30743
3.39984
3.25815
3.19162
3.15879
3.13523
3.23686
3.27525
3.41958
3.26088
3.2676
3.0989
3.26696
3.15144
3.24518
3.22012
3.27891
3.27862
3.24954
3.19333
3.19888
3.23381
3.21771
3.28533
3.35183
3.13901
3.30822
3.26294
3.2992
3.26882
3.17071
3.2402
3.29944
3.21429
3.15289
3.37239
3.42452
3.27525
3.35903
3.21617
3.27809
3.42232
3.38937
3.23437
3.35768
3.18988
3.4604
3.20662
3.11968
3.43497
3.31927
3.35859
3.33745
3.31202
3.27122
3.41049
3.32658
3.2059
3.13847
3.10404
3.44381
3.27779
3.03733
3.28388
3.29851
3.41582
3.48863
3.385
3.23695
3.26939
3.18208
3.13062
3.20819
3.38644
3.17021
3.25005
3.10704
3.10635
3.23527
3.21763
3.30136
3.11424
3.31393
3.23723
3.32435
3.28271
3.15575
3.29219
3.27022
3.16529
3.36671
3.31151
3.43281
3.22737
3.43676
3.28874
3.24741
3.25157
3.15354
3.35946
3.20223
3.32395
3.39152
3.17032
3.04889
3.14096
3.41933
3.29084
3.37692
3.33968
3.30605
3.4584
3.31577
3.19799
3.27119
3.28842
3.26151
3.32084
3.27651
3.16398
3.23607
3.36449
3.3221
3.21008
3.31621
3.47557
3.17267
3.28723
3.33709
3.44917
3.23399
3.25346
3.2968
3.21475
3.40126
3.39923
3.22376
3.25671
3.43827
3.21489
3.32136
3.31897
3.25459
3.44262
3.18337
3.2
3.565
3.08852
3.23084
3.34098
3.37327
3.28144
3.29606
3.13014
3.2946
3.28395
3.29403
3.16918
3.3247
3.20085
3.42324
3.4434
3.21172
3.34979
3.19917
3.25214
3.44113
3.32542
3.33974
3.21967
3.20469
3.12814
3.33944
3.27182
3.2354
3.22805
3.17979
3.25063
3.30391
3.37134
3.26572
3.32336
3.12904
3.16102
3.14984
3.45567
3.3102
3.19881
3.33509
3.27985
3.38961
3.12112
3.12672
3.4033
2.93238
3.30042
3.37348
3.35048
3.3076
3.2158
3.36081
3.19727
3.30642
3.06657
3.08121
3.2376
3.11989
3.41529
3.19785
3.1164
3.34084
3.07877
3.26313
3.07872
3.34693
3.39013
3.26357
3.329
3.38026
3.30094
3.01572
3.19094
3.17776
3.20736
3.12507
3.19182
3.26603
3.31962
3.16281
3.09464
3.17081
3.44995
3.48678
3.20884
3.25577
3.16816
3.07351
3.28571
3.19133
3.1944
3.15654
3.19894
3.16785
3.17065
3.38591
3.22751
3.30082
3.48296
3.24466
3.21958
3.40355
3.68614
3.21516
3.3903
3.25638
3.16714
3.03044
2.977
3.46189
3.59695
3.28497
3.52669
3.07862
3.12829
3.27049
3.40247
3.42123
3.13705
3.39852
3.06748
3.21279
3.39381
3.40411
3.16923
3.26471
3.19514
3.34725
3.66184
3.30587
3.10126
2.99099
3.20836
3.00958
3.37995
3.28202
3.06267
3.25777
3.25051
3.09054
3.25654
3.32678
3.34707
3.36691
3.5917
3.20994
3.16929
3.44121
3.22695
3.36906
3.03061
3.58941
3.32681
3.17742
3.06363
3.45749
3.46517
3.25901
3.39862
3.23797
3.31744
3.20523
3.14793
3.18408
3.16019
3.15985
3.05272
3.14777
3.24331
3.74382
3.46322
3.47598
3.36097
3.32491
3.26737
3.08351
3.14269
3.31388
3.30624
3.15785
3.13283
3.43134
3.32061
3.3033
3.11431
4.152
3.15164
3.47236
3.27722
3.39451
3.61491
3.24558
3.2411
3.33766
3.24492
3.32517
3.16735
3.3608
3.42288
3.65521
3.29161
3.25336
3.29193
3.61466
3.51577
3.53316
3.17069
3.13884
3.20742
3.52296
3.59072
3.46158
3.57761
3.48351
3.37647
3.31977
3.23108
3.17787
3.58173
3.60333
3.31952
3.58269
3.45159
3.34853
3.31033
3.22783
3.29244
3.47415
3.43206
3.46775
3.41647
3.61714
3.43438
3.3676
3.38831
3.26866
