3.32188
3.32766
3.36616
3.34156
3.42866
3.34288
3.41701
3.34906
3.40085
3.32662
3.49353
3.41946
3.51302
3.45302
3.42904
3.60212
3.54181
3.50247
3.44781
3.42824
3.44898
3.46167
3.53038
3.6578
3.51408
3.47378
3.43413
3.58851
3.44457
3.42597
3.48797
3.67774
3.52134
3.55789
3.58683
3.62877
3.42292
3.75668
3.46204
3.31234
3.52475
3.52944
3.33409
3.35822
3.31194
3.44109
3.63214
3.32182
3.52446
3.42936
3.48304
3.67767
3.58576
3.37936
3.52402
3.24835
3.47965
3.29158
3.47078
3.47441
3.37017
3.60762
3.13429
3.59608
3.52208
3.31829
3.58736
3.48896
3.37167
3.44558
3.48246
3.51489
3.40767
3.37308
3.69751
3.50289
3.23947
3.69629
3.4055
3.46494
3.36289
3.48108
3.34525
3.56429
3.4224
3.49782
3.70956
3.86149
3.56824
3.42058
3.36051
3.38115
3.36709
3.36778
3.53605
3.41829
3.41022
3.52624
3.3261
3.53556
3.5478
3.29235
3.70089
3.44658
3.56533
3.61729
3.33016
3.48051
3.42679
3.51364
3.53635
3.55133
3.3875
3.35834
3.51878
3.47919
3.41276
3.65747
3.68856
3.63196
3.6581
3.54712
3.46524
3.63451
3.58924
3.28481
3.38554
3.42008
3.35612
3.61006
3.3903
3.60723
3.58936
3.56243
3.4078
3.43941
3.722
3.43454
3.5214
3.41824
3.34745
3.37818
3.26899
3.41812
3.19611
3.58415
3.56229
3.71995
3.41773
3.63957
3.46382
3.43212
3.58214
3.54928
3.29868
3.51214
3.3274
3.77081
3.62386
3.45667
3.43248
3.57701
3.4298
3.68474
3.3849
3.47248
3.35173
3.57808
3.71656
3.51766
3.38324
3.75675
3.62377
3.31153
3.49812
3.22534
3.65616
3.53696
3.39957
3.41599
3.3505
3.55784
3.69658
3.60044
3.31254
3.58945
3.46931
3.38406
3.53089
3.76457
3.75158
3.51714
3.35417
3.3842
3.39701
3.64524
3.53275
3.46495
3.58261
3.35222
3.556
3.5507
3.44635
3.46153
3.40049
3.0447
3.41935
3.24756
3.70791
3.58347
3.54747
3.34836
3.32709
3.67042
3.66047
3.34419
3.62085
3.48243
3.5367
3.55173
3.59731
3.61482
3.44312
3.58806
3.35043
3.39595
3.70155
3.39725
3.53585
3.42971
3.52765
3.16141
3.26812
3.66643
3.32599
3.96441
3.36195
3.61084
3.39598
3.64092
3.46945
3.36481
3.35964
3.37762
3.43144
3.29329
3.5341
3.60699
3.52035
3.72984
3.59972
3.27054
3.54878
3.2892
3.46748
3.38718
3.71233
3.35197
3.46617
3.65973
3.5356
3.33336
3.30083
3.67384
3.86636
3.3632
3.95895
3.19521
3.80737
3.49531
3.6469
3.36881
3.52082
3.66458
3.27199
3.3184
3.74491
3.42725
3.34851
3.22884
3.26902
3.54199
3.38982
3.48326
3.80087
3.68202
3.85459
3.24983
3.62573
3.23218
3.565
3.28329
3.4108
3.70258
3.82012
3.58616
3.5644
3.4972
3.46961
3.78832
3.59616
3.20502
3.18708
3.55086
3.52642
3.64583
3.45168
3.45966
3.36147
3.84035
3.49175
3.24502
3.93104
3.56415
3.3495
3.6794
3.17282
3.23131
3.76484
3.63036
3.7005
3.24293
3.42569
3.58844
3.46064
3.76197
3.39796
3.73414
3.89579
3.6008
3.69358
3.95435
3.67444
3.49305
3.37698
3.28948
3.13715
3.32045
3.4764
3.43012
3.47086
4.35427
3.73233
3.56721
3.47438
3.57291
3.79602
3.68279
3.3554
3.41675
3.49673
3.24489
3.50051
3.55196
3.29154
3.2886
4.09948
3.47967
3.63927
3.52927
3.48039
3.42615
3.8843
3.42805
3.6907
4.38953
3.80834
4.07332
3.50194
3.83791
3.76404
3.62175
3.59728
3.38939
3.7022
3.62503
3.41648
3.31883
3.50581
3.74198
3.83344
3.3545
3.31971
3.68573
3.55246
3.5624
3.43933
3.55021
3.37521
3.94836
3.39794
3.41446
3.5121
3.44732
4.09527
3.70168
3.37631
3.71944
3.53589
3.52583
