3.68809
3.51276
3.52961
3.46483
3.34547
3.30952
3.28999
3.26453
3.2872
3.22706
3.22391
3.25633
3.20948
3.16483
3.15445
3.167
3.09586
3.20076
3.16284
3.23454
3.10095
3.08535
3.16625
3.07771
3.23511
3.16529
3.18655
3.15072
3.1549
3.12303
3.11348
3.11536
3.23946
3.1816
3.00622
3.16693
3.19606
3.19589
3.07904
3.30334
3.03919
3.1378
3.22654
3.05448
3.08787
3.27105
3.03158
3.23123
3.13346
3.04257
3.19973
3.20553
3.06401
3.14918
3.1578
3.18107
3.01687
3.16205
3.00767
3.07511
3.16591
3.16933
3.19406
3.1509
3.27349
3.1056
3.28721
2.9942
3.1682
3.11057
3.22773
3.24888
3.20027
3.2348
3.45679
3.15375
3.16619
3.00074
3.17332
3.26295
3.25417
2.98532
3.20083
3.15744
3.21435
3.18125
3.27078
3.27665
3.53982
3.06057
3.37803
3.30176
3.21488
3.35371
3.38524
3.3913
3.4888
3.07171
3.19378
3.19333
3.22012
3.17697
3.25889
3.29246
3.14601
3.24248
3.54265
3.31555
3.29656
3.31189
3.13455
3.36779
3.15702
3.22713
3.12095
3.34133
3.26807
3.2677
3.15981
3.26093
3.40314
3.16833
3.15081
3.14723
3.33622
3.1638
3.18615
3.22131
3.18766
3.26687
3.52298
3.21422
3.474
3.43046
3.48404
3.29896
3.23463
3.15122
3.31344
3.1467
3.15351
3.32251
3.2386
3.21583
3.43049
3.1336
3.16409
3.35562
3.15417
3.36631
3.28896
3.24224
3.4088
3.34924
3.40559
3.25382
3.4703
3.43778
3.32392
3.22245
3.16175
3.29806
3.05387
3.27109
3.32104
3.32337
3.25243
3.27663
3.28562
3.13509
3.41578
3.23867
3.37311
3.21782
3.02648
3.14345
3.34301
3.39365
3.17012
3.35347
3.15195
3.31327
3.16101
3.25401
3.37069
3.35609
3.15643
3.29784
3.14472
3.19697
3.14011
3.23707
3.26915
3.42791
3.38827
3.08468
3.31842
3.31132
3.22047
3.2277
3.28116
3.31375
3.29047
3.32845
3.41579
3.20903
3.10687
3.41465
3.30366
3.19256
3.25289
3.10886
3.21367
3.14137
3.3019
3.37002
3.11352
2.98961
3.3674
3.40084
3.20563
3.13458
3.31053
3.10281
3.14241
3.10426
3.28866
3.20882
3.15369
3.10871
3.14738
3.26117
3.44183
2.98058
2.96549
3.00788
3.54845
3.31492
3.45904
3.34131
3.30752
3.11275
3.05187
3.23439
3.4158
3.44098
3.35914
3.79493
3.1059
3.24982
3.31456
3.2415
3.0929
3.32526
3.30281
3.09463
3.27343
3.06121
3.30152
3.242
2.9347
2.92391
3.1628
3.20462
3.2389
3.28443
3.00485
3.26649
3.29385
2.95376
3.14337
3.16171
3.26434
3.18485
3.09492
3.09632
2.98085
3.06059
3.18172
3.07397
3.59016
3.18453
2.95306
3.04798
3.38004
3.61364
2.96237
3.12994
3.35465
2.8305
3.10573
3.09987
3.38702
3.13798
3.17916
3.09533
3.03714
3.38026
3.20668
2.94729
3.04503
3.04319
2.88594
3.03847
2.94502
3.03512
2.99319
3.12061
3.15404
3.16408
3.36855
3.41957
3.07422
3.02582
2.89459
3.03728
3.063
3.4811
3.02196
3.07194
3.23114
3.13001
2.94653
3.29138
2.9706
3.11056
3.20304
3.00676
3.2027
3.06901
3.41726
3.4511
3.25626
3.40523
2.99678
2.88624
3.12336
3.19288
3.23328
3.25831
3.18379
3.09339
3.32555
3.24008
3.0624
2.96832
3.28653
3.25178
3.13885
3.13983
3.39079
3.50794
2.94098
3.32799
3.17166
3.53894
3.36436
3.0302
3.09312
3.27012
3.0772
3.23082
3.28314
3.42522
3.24547
3.32285
3.1463
3.13232
3.06165
3.31287
3.37474
3.20442
3.29566
3.48589
3.1692
3.32892
3.22606
3.22376
3.26494
3.43087
3.07817
3.22197
3.15467
3.1905
3.09703
3.18568
3.43037
3.50174
3.15597
3.45343
3.2603
3.19339
3.47781
3.11318
3.36784
3.2293
3.03747
3.28533
3.17115
3.31119
