3.45399
3.47454
3.45338
3.36871
3.458
3.40009
3.42503
3.45173
3.35278
3.39871
3.21259
3.30549
3.42892
3.31433
3.3686
3.32816
3.34734
3.31027
3.38057
3.32229
3.23851
3.16131
3.37326
3.29929
3.32714
3.2393
3.37288
3.48555
3.1764
3.26569
3.31268
3.36201
3.51322
3.3027
3.2747
3.60033
3.20243
3.35162
3.25466
3.32534
3.22917
3.28537
3.31094
3.3428
3.54076
3.31499
3.37952
3.39523
3.38396
3.42454
3.57627
3.22453
3.37435
3.29183
3.36147
3.31997
3.17766
3.4822
3.26174
3.45489
3.23352
3.35103
3.21901
3.38944
3.3426
3.34358
3.30745
3.34664
3.20697
3.44472
3.45657
3.35963
3.50968
3.4437
3.2939
3.35389
3.35335
3.38696
3.49518
3.39809
3.3633
3.26175
3.33519
3.35067
3.35602
3.3815
3.075
3.14787
3.22116
3.3036
3.29409
3.285
3.29777
3.20996
3.39789
3.32267
3.21921
3.42284
3.23713
3.30123
3.34753
3.10194
3.42806
3.21138
3.40154
3.64328
3.29042
3.29755
3.30922
3.42356
3.48287
3.37211
3.45917
3.31236
3.27114
3.2622
3.5504
3.53317
3.2366
3.16785
3.59705
3.4077
3.3443
3.51882
3.20158
3.31909
3.50499
3.43504
3.29864
3.39782
3.33749
3.19782
3.33195
3.34491
3.57941
3.43945
3.25015
3.4675
3.38005
3.42751
3.38881
3.31806
3.47978
3.24466
3.2896
3.38083
3.37748
3.42117
3.49431
3.20614
3.1504
3.21448
3.39574
3.53511
3.50079
3.46304
3.52022
3.64912
3.43491
3.47426
3.45598
3.2941
3.34234
3.4907
3.38658
3.44032
3.59184
3.31355
3.16947
3.21415
3.18748
3.40651
3.22259
3.19161
3.31642
3.24738
3.28072
3.2137
3.61665
3.39757
3.57713
3.24972
3.52111
3.33787
3.28002
3.66155
3.49985
3.44867
3.48669
3.34279
3.4347
3.45739
3.2806
3.54616
3.58362
3.39564
3.58604
3.4157
3.3556
3.54056
3.53487
3.15607
3.49797
3.94853
3.39341
3.5615
3.37723
3.53877
3.38735
3.37189
3.32796
3.35006
3.4664
3.36168
3.35906
3.22648
3.5045
3.57913
3.39073
3.43661
3.18861
3.22945
3.14692
3.14803
3.08397
3.67044
3.42022
3.2797
3.41693
3.22931
3.30804
3.49211
3.20758
3.13228
3.20056
3.31919
3.27908
3.33969
3.06915
3.17895
3.44766
3.23142
3.42624
3.22398
3.24302
3.06214
3.10798
3.36591
3.3975
3.09997
3.57492
3.37139
3.02988
3.22792
3.14918
3.32048
3.25924
3.4217
3.39417
3.36315
3.28577
3.43262
3.41324
3.48628
3.31734
3.30771
3.60442
3.40655
3.39946
3.42957
3.25489
4.03467
3.17358
3.18917
3.46563
3.81995
3.53985
3.09023
3.08
3.19052
3.07585
3.4127
3.37652
3.64467
3.30428
3.05889
3.53327
3.27526
3.50405
3.18675
3.69644
3.20793
3.23588
2.93198
3.15701
3.30605
3.43126
3.34044
3.43042
3.31024
3.07264
3.45383
3.59892
3.17023
3.21535
3.23359
3.14753
3.18403
3.45138
3.28702
3.11126
3.47643
3.35203
3.32352
3.01478
3.15529
3.11628
3.06945
3.25758
3.56415
3.28834
3.21133
3.23178
2.97849
3.41906
3.64797
2.91592
3.36008
3.1917
3.26715
3.40795
3.43289
3.20367
2.97057
3.0508
3.12628
3.17885
3.57713
3.16453
3.33183
2.985
3.13006
3.32546
3.382
3.40817
3.35393
3.10189
3.23779
3.21093
3.25134
3.00547
3.28163
3.34548
3.14754
3.10511
3.27688
3.19278
3.30978
3.19142
3.18495
3.42477
2.99246
3.06848
3.13691
3.60521
3.18435
3.63889
3.26686
3.44406
3.2157
3.62461
3.41516
3.22406
3.1539
3.2878
3.44044
3.22432
3.30322
3.41494
3.10877
3.20492
3.48368
3.3082
3.15422
3.05889
3.16458
3.3806
3.51285
3.32156
3.28303
3.40405
3.24882
3.30831
3.36596
3.55012
3.29522
3.45997
3.42562
3.49254
3.30452
