3.37893
3.43242
3.41103
3.49801
3.50063
3.5286
3.50723
3.566
3.49412
3.51452
3.45699
3.47488
3.41006
3.4591
3.47401
3.3409
3.38367
3.56468
3.46014
3.47961
3.7048
3.49679
3.41705
3.54371
3.53225
3.59504
3.48643
3.43325
3.58161
3.34093
3.51408
3.38496
3.46382
3.4946
3.21965
3.36213
3.39831
3.41036
3.2822
3.31376
3.4534
3.35876
3.50037
3.67719
3.39311
3.30723
3.4275
3.4332
3.52113
3.37249
3.36191
3.22211
3.31637
3.34019
3.34414
3.34561
3.33877
3.41101
3.4556
3.25273
3.36077
3.38024
3.20028
3.17921
3.3469
3.52965
3.37662
3.57982
3.3264
3.32591
3.34392
3.30652
3.50271
3.40779
3.65006
3.21888
3.48076
3.4058
3.35479
3.39802
3.28686
3.36394
3.331
3.23564
3.32144
3.2942
3.38808
3.44381
3.45321
3.23234
3.21068
3.24406
3.36169
3.4573
3.48737
3.20055
3.4204
3.55948
3.34952
3.43017
3.31112
3.31917
3.14622
3.35693
3.25889
3.30594
3.29214
3.337
3.34577
3.33378
3.14213
3.44483
3.3463
3.66342
3.56445
3.4442
3.39351
3.32014
3.32791
3.44435
3.49286
3.34513
3.29616
3.26797
3.43781
3.32976
3.30406
3.50133
3.40615
3.52286
3.14649
3.31758
3.34792
3.24339
3.37569
3.31489
3.27619
3.31239
3.29834
3.31268
3.2864
3.32724
3.56629
3.27378
3.51092
3.30497
3.27026
3.2598
3.37822
3.43504
3.30893
3.377
3.33204
3.3019
3.3258
3.41869
3.43081
3.24292
3.54799
3.45996
3.39846
3.48469
3.5347
3.42333
3.36645
3.26077
3.50911
3.30893
3.26469
3.37504
3.26584
3.34443
3.1915
3.25463
3.18446
3.41638
3.44625
3.19073
3.24221
3.41125
3.31049
3.51876
3.32923
3.49935
3.38813
3.29998
3.35063
3.28748
3.42662
3.4156
3.30093
3.47131
3.28907
3.21829
3.27463
3.34945
3.44045
3.29655
3.46549
3.34233
3.5083
3.13848
3.29205
3.48219
3.40855
3.76138
3.48967
3.41509
3.47941
3.12593
3.2958
3.52905
3.51507
4.08099
3.35811
3.22901
3.48802
3.27918
3.53298
3.83025
3.3537
3.50489
3.65773
3.11312
3.40088
3.34229
3.12303
3.41318
3.26865
3.27488
3.19298
3.34332
3.2011
3.40649
3.41184
3.17403
3.18588
3.53284
3.44562
3.22075
3.53168
3.10664
3.70867
3.63206
3.19437
3.52906
3.25906
3.25944
4.05062
3.42043
3.39147
3.7643
3.39623
3.11605
3.33419
3.45164
3.15382
3.36854
3.34303
3.67855
3.42189
3.45033
3.33411
3.23466
3.20583
3.3795
3.43268
3.3737
3.76209
3.20297
3.22946
3.30578
3.35687
3.38855
3.62105
3.90536
3.58964
3.46472
3.44169
3.67619
3.11185
3.30709
3.19096
4.32596
3.59505
3.65099
3.2287
3.19769
3.22406
3.42253
3.24983
3.47815
3.33569
3.53388
3.54513
3.51461
3.54147
3.79449
3.21028
3.24683
3.12626
4.08146
3.2599
3.20505
4.06074
3.3891
3.47674
3.45578
3.1203
3.93889
3.2197
3.50154
3.05138
3.41236
3.72712
3.5156
3.43862
3.38159
3.14754
3.34731
3.46631
3.17449
3.29203
3.46213
3.29128
3.5375
3.73969
3.52253
3.72862
3.38599
3.18345
3.40432
3.2861
3.81467
3.42947
3.44509
3.23668
3.26992
3.44168
3.32483
3.34005
3.33553
3.64279
3.38011
3.48228
3.67499
3.48006
3.43487
3.40816
3.43366
3.88957
3.36477
3.42926
3.86954
3.33399
3.42976
3.52415
3.39625
3.30182
3.58035
3.72884
3.34642
3.42978
3.38134
3.38217
3.36514
3.33148
3.18612
3.3434
3.27937
3.34473
3.29171
3.21038
3.17957
3.56013
3.21525
3.39132
3.55728
3.25421
3.21383
3.04007
3.43963
3.49328
3.31371
3.45179
3.26755
3.3088
3.61579
3.33376
3.46762
3.53331
3.43367
3.71162
3.3804
3.51196
3.20798
3.4097
3.39849
3.40703
3.28317
