3.42117
3.36889
3.44498
3.37771
3.48225
3.37194
3.42944
3.38266
3.40258
3.40758
3.28366
3.40705
3.40714
3.34164
3.44954
3.34948
3.39714
3.30236
3.23023
3.34188
3.44866
3.36335
3.30869
3.426
3.31038
3.5285
3.32947
3.40618
3.30832
3.26953
3.35979
3.39893
3.38544
3.25512
3.43705
3.35711
3.13145
3.35241
3.45721
3.16505
3.35936
3.47759
3.32499
3.34803
3.31862
3.31815
3.49733
3.43466
3.29227
3.30126
3.32661
3.23243
3.41559
3.20933
3.40191
3.40946
3.2236
3.21724
3.48307
3.6346
3.33484
3.25819
3.35185
3.26984
3.24382
3.34804
3.35901
3.34451
3.43545
3.16387
3.25367
3.35952
3.6338
3.49146
3.32842
3.36383
3.51716
3.30266
3.39983
3.38247
3.29751
3.22227
3.4747
3.416
3.3657
3.29292
3.38932
3.30788
3.29296
3.53301
3.32004
3.33609
3.30918
3.2135
3.37604
3.36649
3.31192
3.16101
3.31622
3.44806
3.51032
3.33302
3.26448
3.20708
3.21934
3.44444
3.36137
3.24161
3.28152
3.54856
3.30219
3.39457
3.55151
3.24463
3.34484
3.33255
3.58914
3.48995
3.23895
3.284
3.26304
3.34383
3.375
3.30282
3.45197
3.48263
3.27494
3.29408
3.45474
3.245
3.48011
3.35795
3.39077
3.35635
3.28941
3.55065
3.34996
3.32862
3.41966
3.60568
3.33443
3.34945
3.32828
3.11628
3.37534
3.61735
3.6107
3.56891
3.40729
3.30735
3.41264
3.37126
3.16086
3.55936
3.50803
3.42358
3.28997
3.41837
3.35798
3.36234
3.30041
3.36
3.44991
3.58758
3.29457
3.34361
3.24807
3.21201
3.26751
3.31086
3.11928
3.46146
3.38619
3.11981
3.25549
3.29037
3.5348
3.25377
3.78104
3.46384
3.49815
3.33552
3.37756
3.43329
3.35861
3.28133
3.59943
3.10161
3.48262
3.3235
3.20744
3.59954
3.38107
3.49377
3.3278
3.34633
3.61082
3.22886
3.47081
3.56305
3.43535
3.24861
3.57669
3.56667
3.60956
3.31934
3.13365
3.22735
3.22879
3.37883
3.52486
3.47841
3.2077
3.32527
3.34123
3.27633
3.26581
3.15271
3.51455
3.41915
3.20511
3.51211
3.40918
3.53583
3.30462
3.40941
3.53007
3.53298
3.47383
3.25977
3.13417
3.24662
3.23686
3.31583
3.33624
3.41603
3.49783
3.59676
3.27675
3.67469
3.18498
3.48013
3.46074
3.47736
3.73655
3.26939
3.56041
3.78255
3.3043
3.56603
3.52078
3.32921
3.69344
3.50306
3.79609
3.392
3.35702
3.33065
3.2795
3.45015
3.44052
3.40446
3.3547
2.99936
3.36023
3.54559
3.57056
3.64322
3.86304
3.50605
3.17459
3.46839
3.36673
3.27289
3.43901
3.94889
3.29753
3.20107
3.18673
3.42885
3.46921
3.14457
3.74098
3.28347
3.36315
3.3439
3.41958
3.40895
3.33408
3.56301
3.56577
3.35873
3.13451
3.44172
3.19844
3.31391
3.62166
3.58415
3.45793
3.70112
3.2913
3.34258
3.34695
3.46439
3.34816
3.82785
3.50984
3.52756
3.26718
3.40159
3.32725
3.36582
3.62257
3.49757
3.59122
3.56359
3.67263
3.2241
3.72285
3.77482
3.54943
3.505
3.26633
3.25019
3.2067
3.30564
3.54148
3.21499
3.23491
3.7168
3.34261
3.36266
3.60228
3.26123
3.77353
3.25486
3.07407
3.36261
3.57736
3.25351
3.4533
3.30309
3.63864
3.31059
3.42807
3.45455
3.2476
3.24075
3.30336
3.17396
3.56552
3.56928
3.15408
3.52805
3.37396
3.35168
3.26256
3.73139
3.38906
3.32471
3.39675
3.53659
3.24173
3.35563
3.57446
3.49334
3.3245
3.42057
3.35044
3.24008
3.50719
3.34422
3.40383
3.28596
3.44689
3.64387
3.47039
3.17552
3.48016
3.57041
3.15003
3.29664
3.45573
3.28397
3.40334
3.49198
3.66589
3.38735
3.47073
3.26409
3.49936
3.564
3.33187
3.26851
3.25707
3.33362
3.45614
3.46652
3.43063
3.47215
