3.28971
3.30202
3.37963
3.40453
3.38737
3.45465
3.5224
3.46889
3.52213
3.44542
3.58527
3.46967
3.47517
3.49364
3.49275
3.54052
3.56087
3.58839
3.49679
3.47395
3.65747
3.60513
3.6381
3.51039
3.50846
3.63376
3.44979
3.47569
3.59034
3.68057
3.55114
3.45262
3.62372
3.7287
3.68916
3.49203
3.49227
3.42558
3.49177
3.32693
3.38455
3.35391
3.42525
3.46571
3.52301
3.48775
3.60967
3.68629
3.50194
3.603
3.55739
3.541
3.59629
3.42879
3.36683
3.48998
3.41168
3.54123
3.46005
3.60453
3.50508
3.51645
3.35365
3.44324
3.42715
3.61396
3.52552
3.54103
3.46641
3.54248
3.48953
3.32762
3.62824
3.36723
3.43606
3.58873
3.60258
3.43512
3.59537
3.54561
3.74831
3.66003
3.46483
3.58463
3.32994
3.38414
3.44854
3.19264
3.38909
3.3155
3.46312
3.45774
3.50667
3.36024
3.40525
3.26649
3.34986
3.37129
3.45037
3.28742
3.51205
3.5729
3.41695
3.48327
3.39816
3.56495
3.283
3.66969
3.61343
3.68643
3.59595
3.37872
3.59406
3.69079
3.45386
3.37435
3.71932
3.55345
3.60467
3.61147
3.75112
3.64368
3.57159
3.53897
3.41769
3.53007
3.65952
3.56601
3.39657
3.59435
3.50704
3.29596
3.48971
3.47229
3.60307
3.58082
3.47827
3.99547
3.41613
3.50585
3.40389
3.47883
3.53262
3.58256
3.69003
3.48255
3.65488
3.3998
3.77532
3.49218
3.57807
3.58616
3.72508
3.86831
3.40825
3.4222
3.77772
3.50775
3.39769
3.64127
3.50377
3.66578
3.33064
3.85452
3.52442
3.43421
3.28072
3.54469
3.46737
3.647
3.54437
3.64908
3.38699
3.35355
3.33627
3.50692
3.67277
3.4458
3.75771
3.44936
3.27347
3.72897
3.65772
3.72058
3.61291
3.76188
3.7601
3.44815
3.33181
3.54874
3.44974
3.39239
3.40729
3.378
3.71122
3.52992
3.47519
3.66821
3.40215
3.44034
3.69778
3.48443
3.64729
3.51231
3.42501
3.85231
3.74629
3.86441
3.40992
3.70255
3.85941
3.43982
3.47983
3.61452
3.58704
3.68901
3.34548
3.70156
3.45403
3.77667
3.25093
3.32259
3.77082
3.4928
3.5413
3.50683
3.4496
3.8772
3.6458
3.98329
3.50989
3.45921
3.28121
3.40883
3.44553
3.64814
3.80302
3.41408
3.27903
3.78713
3.57869
3.68026
3.40648
3.50231
3.34015
3.37034
3.47953
4.1897
3.6905
3.59394
3.72698
3.50375
3.46038
3.33845
3.58266
3.54701
3.57882
3.64902
3.33956
3.57911
3.20532
4.10785
3.66426
4.12406
3.39239
3.35235
3.47329
3.42527
3.67624
3.87491
3.91729
3.62212
4.16048
3.86017
3.61566
3.93616
3.59084
4.3111
3.41109
3.61967
3.50206
3.35985
3.51217
3.38126
3.80957
3.47895
3.51417
3.76727
3.29975
3.28486
3.86511
3.55394
3.48722
3.78816
3.16361
3.29572
3.4031
3.58191
3.39643
3.9773
4.04769
3.55804
3.63904
3.33261
3.57105
3.40143
3.76963
3.14974
3.41228
3.46902
3.32189
3.61245
3.68974
3.58431
3.26373
3.75917
3.48055
3.50435
3.68307
3.74738
4.08357
3.69308
4.30208
3.92021
3.24925
3.35129
3.65595
3.3603
3.75428
3.33725
3.44624
3.43158
3.31063
3.87787
3.31626
3.25036
3.67761
3.66203
3.42631
3.51977
3.355
3.33878
3.50545
3.4549
3.62136
3.52092
3.89956
3.44907
3.27526
4.07252
3.73051
3.62656
3.75478
3.79448
3.35153
3.38884
3.70792
3.65685
3.73639
3.6263
3.8513
3.50063
3.45031
3.87964
3.75326
3.27993
3.49824
3.25799
3.42972
3.6848
3.54582
3.68463
3.30179
3.31901
3.34423
3.51424
3.58892
3.29961
3.60507
3.58491
3.43021
3.37068
3.48844
3.39911
3.4045
3.57925
3.47123
3.68871
3.39317
3.63903
3.36116
3.45619
3.43996
3.4211
3.35426
3.58858
3.57606
3.38604
3.44241
3.40961
