3.29265
3.30258
3.30672
3.3286
3.46408
3.3635
3.31067
3.42184
3.53838
3.48266
3.43385
3.40558
3.42234
3.4916
3.44999
3.46619
3.48625
3.62847
3.51544
3.46027
3.50901
3.54823
3.43522
3.65421
3.53867
3.5834
3.54469
3.56196
3.62484
3.54941
3.73797
3.65142
3.56254
3.64238
3.42695
3.50167
3.57403
3.50522
3.58368
3.76544
3.51316
3.68198
3.71861
3.54331
3.51377
3.63964
3.72173
3.34532
3.564
3.58312
3.55243
3.74692
3.66471
3.73332
3.607
3.28924
3.50016
3.48289
3.45096
3.44726
3.59334
3.42766
3.68384
3.53113
3.40676
3.62846
3.4724
3.54396
3.38545
3.50425
3.723
3.49455
3.56937
3.52995
3.44982
3.47898
3.49298
3.52023
3.70739
3.43962
3.54605
3.63354
3.52791
3.46742
3.58001
3.41699
3.42655
3.49155
3.62527
3.52636
3.63278
3.27726
3.67717
3.54144
3.58735
3.47831
3.75966
3.39025
3.52843
3.63109
3.51881
3.52261
3.74088
3.52916
3.71236
3.5552
3.34083
3.56938
3.41397
3.41187
3.59003
3.52854
3.47666
3.45666
3.68106
3.55715
3.61906
3.69661
3.55291
3.5709
3.43378
3.43745
3.55179
3.61794
3.52346
3.56661
3.41605
3.67261
3.5477
3.589
3.46976
3.67744
3.57807
3.71573
3.30851
3.52262
3.84995
3.64041
3.59567
3.56719
3.53003
3.72199
3.55969
3.43837
3.47634
3.64584
3.60563
3.53748
3.51288
3.5828
3.52291
3.50999
3.53608
3.69026
3.74171
3.54757
3.52143
3.29282
3.56729
3.60411
3.48581
3.61338
3.71686
3.90211
3.5699
3.43737
3.55263
3.75937
3.5242
3.37534
3.58966
3.45115
3.64935
3.54838
3.74647
3.56886
3.54919
3.60011
3.71734
3.61753
3.34414
3.62075
3.50651
3.6579
3.43953
3.79935
3.60142
3.55934
3.99289
3.57996
3.35173
3.68736
3.40861
3.77385
3.59069
3.41952
3.50243
3.40766
3.58571
3.55849
3.43243
3.41283
3.64705
3.71449
3.5807
3.47953
3.38767
3.33053
3.33924
3.44243
3.60581
3.4665
3.664
3.86633
3.57197
3.78525
3.89092
3.38058
3.65172
3.67122
3.09015
4.00937
3.57798
3.63145
3.72865
3.43462
3.67978
3.48748
3.37521
3.31904
3.46504
3.83278
3.41074
3.54797
3.53666
3.364
3.48915
3.5552
3.36161
3.55666
3.59148
3.46777
3.51369
3.90028
3.41424
3.45365
3.49153
3.72591
3.25828
3.70487
3.72422
3.64449
3.35186
4.14068
3.3819
4.43253
3.68701
3.56292
3.41111
3.53661
3.97205
4.00878
3.41662
3.586
3.37279
3.8349
3.64708
3.47746
3.52766
3.56817
3.84162
3.86034
3.45138
3.47201
3.54407
3.51854
4.70144
3.31512
3.23201
3.46722
3.47803
3.58799
3.28704
3.81394
3.82456
3.49831
3.98041
3.46427
3.33959
3.67387
3.6229
3.2144
3.90771
3.42757
3.57816
3.30707
3.29354
3.35321
3.83555
3.68164
3.57867
3.37881
3.36455
3.56951
3.39928
3.59244
3.61373
3.43961
3.17251
3.6676
3.52748
3.13058
3.44076
3.29162
3.43352
3.82197
3.81605
3.76701
3.4878
3.37032
3.36945
3.69939
3.23277
3.28874
3.81382
3.36546
3.55971
3.93484
3.46369
3.04057
3.3042
3.46955
3.67346
3.18752
3.42253
3.22733
3.48967
3.77322
3.47868
3.20714
3.93366
3.55251
3.47487
3.38311
3.65716
3.58161
3.45418
3.30567
3.24215
3.66796
3.74095
3.65249
3.15302
3.87149
3.51641
3.37108
3.69941
3.20078
3.56642
3.5362
3.34491
3.43182
3.07298
3.3194
3.25504
3.53702
3.45092
3.43199
3.49427
3.38341
3.2795
3.2969
3.51383
3.43674
3.44632
3.25901
3.34835
3.33284
3.32525
3.47142
3.51545
3.43725
3.45973
3.57609
3.51179
3.45052
3.42961
3.2943
3.36936
3.51206
3.40659
3.39583
3.46876
3.54799
3.57228
3.76123
3.74456
3.54559
3.50771
3.62404
