4.30894
4.30476
4.37687
4.20001
4.46141
4.28063
4.52474
4.64602
4.37479
4.40118
4.66857
4.30412
4.44465
4.68484
4.50116
4.75252
4.28898
4.7971
4.7804
4.27755
4.33891
4.02746
4.4041
4.41895
4.21598
5.39579
4.48624
4.32595
4.93696
4.951
3.88125
4.77255
4.05196
4.27578
5.21245
4.48141
5.19415
4.13811
5.29813
5.23513
4.06264
4.28802
4.35178
4.80352
4.56952
4.36115
4.20108
3.9619
4.54946
4.20161
4.0283
4.47653
5.1624
4.18851
inf
3.88881
4.6298
4.14928
3.78495
5.00048
4.39144
3.99309
4.66485
4.23431
4.27713
4.38319
4.11917
4.19658
4.02751
5.01246
5.09182
4.09491
4.36569
4.61216
4.07892
4.05671
4.30517
4.21482
inf
4.38352
inf
4.3939
4.64219
4.04652
4.16728
4.16111
4.64201
5.02968
4.03064
4.6054
4.22328
4.1878
4.16978
4.62573
4.36944
4.13278
4.90372
4.33798
4.19418
4.3252
4.17269
4.32489
4.36334
4.54723
4.1181
4.16088
3.76983
4.49434
inf
4.31065
4.96751
4.8724
inf
4.3826
4.36073
3.77061
4.60053
4.3406
4.98946
4.95979
4.07643
4.18912
4.01063
3.94637
4.62757
4.3101
4.28592
inf
4.55402
4.17868
4.15609
4.58356
4.35122
4.37374
4.64112
5.04937
4.94625
4.62511
4.63151
4.33733
4.20743
4.28643
4.93289
4.66457
4.22643
3.67843
5.02059
4.36861
5.10067
inf
4.63694
5.01488
4.22509
3.99163
4.2602
4.35138
4.21948
4.96943
4.21787
5.06777
inf
4.62125
4.37657
4.45849
4.67774
4.47459
5.20415
4.65632
4.15238
4.26706
4.70601
4.30558
5.14438
4.51166
4.47207
inf
4.45889
5.20806
4.52355
4.77433
inf
4.53189
4.56101
4.12571
4.30098
4.8427
4.56502
4.64135
4.20883
4.1392
4.85906
4.47872
4.18845
5.37293
4.86464
4.40611
4.57132
4.37143
4.84927
4.57302
4.25833
4.43718
4.59397
4.16005
4.43794
4.40327
4.91529
4.36635
4.48781
5.27915
4.84552
5.21786
4.54241
4.85559
4.39838
4.8295
4.53513
4.35677
4.81175
4.71417
4.82505
4.52775
4.18332
4.7315
4.30307
4.4951
inf
5.04579
4.27713
4.46559
5.0432
4.05519
4.48744
4.69103
5.1205
4.24694
4.46073
3.8126
4.64512
3.99637
inf
4.64793
3.97918
4.58843
4.39704
4.38802
3.95393
5.00668
4.10698
4.2073
4.13126
4.15471
4.22009
5.01972
4.5891
5.04991
4.17016
3.76361
4.35744
4.32727
4.51823
4.34756
4.2926
4.34533
4.89206
4.58675
4.93655
4.52916
4.57808
4.31679
4.58006
4.97854
4.35668
4.30181
4.60686
4.35154
4.30646
4.34055
4.3103
4.29157
4.32243
4.56439
4.58496
inf
4.58651
4.29407
4.16682
3.89954
4.34801
4.11495
4.32337
4.57487
4.92561
inf
4.27146
4.31982
4.58564
inf
4.56543
4.85638
4.54062
5.00377
4.54019
4.97418
4.5712
inf
4.56849
3.86864
4.54551
4.59578
inf
4.32693
4.33045
5.02706
4.35574
4.21197
4.34788
5.02224
5.06058
5.05358
4.63974
4.96811
4.22851
4.10196
4.09079
4.37947
4.64275
inf
4.68175
4.67193
5.08282
4.61484
4.45623
4.68512
4.4461
4.39779
4.45767
4.74319
4.10789
4.6926
3.87532
4.12351
4.11362
4.70265
3.97244
4.19965
4.48342
4.48857
5.14624
4.50214
5.07941
4.71355
4.4237
4.79746
4.15027
4.38603
4.57092
4.28484
4.84271
5.30833
4.79305
4.63175
4.35283
4.01342
5.19387
4.68235
4.49304
4.53039
4.71928
4.96881
4.54727
4.59949
4.99865
4.50602
4.85834
5.04916
4.72685
4.41071
4.73958
4.51126
4.96694
4.19
4.53796
4.33183
4.50735
4.57936
4.43487
4.49292
4.51635
4.75666
4.58356
4.73877
4.59698
4.26998
4.4272
4.81545
4.46145
4.67554
4.77281
4.74691
