4.36365
4.41867
4.3643
4.40626
4.27975
4.51285
4.60027
4.42962
4.68909
4.46907
4.4917
4.58599
4.51516
4.58039
4.30393
4.4461
4.69774
4.69304
4.62977
4.56283
4.63803
5.0435
4.6901
4.73478
4.50508
4.88695
4.25829
4.78716
4.84676
4.43645
4.78698
5.15498
5.06368
4.76817
4.78991
5.25534
4.69857
5.06283
4.73219
4.42524
4.14765
4.03736
5.09083
3.78368
4.55045
5.0878
4.97836
4.60411
4.42035
5.05041
4.12159
4.3174
4.05471
4.57838
4.58938
4.93867
4.24656
4.5765
4.36509
4.9098
4.23571
4.3324
4.85491
4.29036
3.95587
4.25491
4.56747
4.86209
inf
4.54608
4.25135
4.4824
3.92946
4.52556
4.92266
inf
4.90709
4.3986
4.49484
4.55368
3.90242
5.03022
inf
4.4678
4.43005
4.88833
inf
4.08996
4.85158
4.80112
4.46852
4.92506
4.43688
4.01167
4.19417
4.85082
4.83013
4.06497
4.86594
4.10069
4.89201
4.22875
4.85492
4.71909
4.34815
4.83159
4.0266
4.21994
4.46297
4.00466
4.78745
4.48168
4.44499
4.4351
4.45775
4.39379
4.04606
4.82303
4.19031
4.41352
4.15581
4.44615
inf
4.38735
4.8562
4.90023
4.47096
inf
4.76426
4.39556
4.47507
4.96672
4.77277
4.82837
4.48863
4.7278
4.89166
4.45335
4.43386
4.50224
inf
3.98213
3.91449
4.38337
4.4777
4.06818
3.82043
inf
4.89949
4.8867
4.22157
4.89994
4.29839
4.9209
4.09494
inf
4.28316
4.93634
4.24855
4.31279
4.26493
4.55826
4.03054
4.30705
4.28198
4.15592
5.01928
inf
4.17931
4.93651
4.16461
4.97652
5.00669
4.33473
4.37734
5.04726
5.07827
4.64138
inf
4.63683
inf
4.68157
4.67555
4.6564
4.7111
4.66393
4.71636
4.72513
5.17541
4.77132
4.03928
4.78128
4.79078
inf
4.57445
4.59562
4.92632
4.71586
4.45532
4.71181
4.66774
4.76081
4.70975
4.65677
4.91173
4.30823
4.59374
4.26635
5.25714
4.80696
4.5122
5.23721
4.51154
5.17222
4.22042
4.26321
4.68829
4.14966
4.63206
4.71274
5.02297
4.73874
4.67792
4.47014
4.39591
4.99174
4.29222
4.39228
inf
4.61258
inf
4.60386
3.93251
5.03566
4.37238
4.13909
inf
inf
5.02905
4.51912
5.03526
4.30609
4.58065
4.25787
inf
4.1423
4.58523
4.9495
4.99557
4.9329
inf
4.32726
4.55762
4.89712
4.36245
inf
4.57518
4.94513
4.94102
inf
4.91369
4.56888
4.55298
4.48179
4.10695
4.88878
4.90317
inf
inf
4.28357
4.90898
4.91845
4.52946
4.50758
4.12641
4.5322
4.93872
4.84248
4.97096
4.90599
inf
4.90424
inf
4.58358
inf
4.86297
4.51359
4.91688
4.49888
4.26848
4.08747
4.52093
4.5146
inf
4.94291
3.98937
4.53623
inf
3.98988
4.94851
4.28738
4.84829
inf
4.24875
4.52095
4.27633
4.52852
4.5218
4.5323
4.29018
4.57357
4.31126
4.5272
4.84992
4.45761
4.85788
4.0156
4.32551
4.5516
4.25365
inf
4.30854
4.18545
inf
4.59336
4.56755
4.95717
4.60431
4.36624
4.60158
4.32732
4.63042
inf
4.99907
inf
4.64587
4.68777
4.30913
3.92345
4.64131
5.09768
5.15498
inf
4.71997
5.10041
4.63275
4.6666
4.45215
4.47298
4.73469
inf
4.79149
4.3194
4.06678
4.24348
4.36096
4.50136
4.01812
4.51261
5.17773
inf
4.8235
5.2804
4.83706
4.61741
4.1712
4.61205
4.49232
4.50123
4.52134
4.69486
4.89718
4.70175
5.41555
4.17785
4.47962
4.95631
4.23598
4.13023
4.4495
4.18279
4.98012
4.46957
4.67959
4.70722
4.5012
4.60489
4.40923
4.33119
4.7296
4.41614
4.56562
4.70554
4.86395
4.73139
4.62935
4.39564
4.73658
4.76441
4.7087
