4.4685
4.52637
4.43104
4.52019
4.64679
4.63295
4.6987
4.72079
4.71768
4.55276
4.67642
4.62658
4.85902
4.73663
4.28943
4.17444
4.53268
5.24564
4.94968
5.00428
4.43835
4.69483
4.66868
4.24571
4.67124
4.82351
4.61701
5.05588
4.14219
5.40679
4.7348
4.22748
4.96154
4.3146
4.91136
4.35808
4.91222
5.33721
4.81978
4.4199
4.32003
4.80095
4.79632
4.26565
4.73062
4.13838
4.13001
4.72238
4.5033
4.32663
4.49734
4.14369
5.16643
4.4549
4.19658
4.27661
4.27367
4.65674
3.86484
4.42168
4.40686
4.6803
4.46216
4.02387
4.67962
4.38769
4.22812
4.36643
4.42693
5.00871
4.53188
4.05722
4.65601
inf
4.24661
4.33411
5.00147
4.35429
4.18539
4.34101
inf
4.32002
4.16756
4.60267
4.9735
4.3578
4.60745
4.56372
4.57996
5.03066
5.06622
5.01081
4.26927
4.3558
4.5066
5.0269
4.30442
4.29922
4.52768
4.00746
4.14425
inf
4.14844
4.92437
4.36932
4.97255
4.35586
inf
4.96845
4.33854
4.22519
4.13116
4.33139
inf
4.90318
4.75948
4.29985
4.29291
inf
inf
4.476
4.2949
4.31342
inf
4.33361
4.96597
4.5444
4.92618
4.53864
4.13443
4.59633
4.53367
4.31116
4.95194
4.51489
4.91193
4.30667
4.03112
4.5856
4.50841
4.57079
4.968
5.04136
4.58061
inf
4.95805
5.00213
4.40285
inf
inf
4.15564
4.57126
4.37811
3.99295
4.03685
4.56721
4.96271
4.31606
4.94661
4.55163
4.92737
4.36982
4.25687
4.21899
4.6223
4.61211
4.61051
4.66065
inf
4.66374
4.62147
4.42128
4.21734
4.26174
4.70213
4.28121
inf
4.26179
4.30571
5.12694
4.50121
4.2986
4.7767
4.48709
4.09579
4.74891
4.51407
4.75006
4.25332
5.30262
4.58793
4.91947
4.83682
inf
4.62812
4.89599
5.43167
4.59225
4.47183
4.63299
4.34628
5.24637
5.36333
4.75001
4.49637
4.44793
4.06346
5.24455
5.22359
4.84831
4.57771
inf
4.14267
4.21227
4.10739
4.75189
4.20738
4.14346
4.80594
4.69487
4.70532
4.45309
4.44919
4.14847
4.43385
5.11069
5.08533
4.04689
5.1017
4.24617
4.25959
4.39903
4.39754
4.41559
5.1446
inf
4.97624
5.04616
4.08216
4.08577
4.04797
4.37079
4.20832
4.2475
5.02609
4.34645
4.54022
4.30754
4.31117
4.40582
4.41086
4.59911
4.52674
4.52345
4.60158
4.55907
4.31438
4.33436
4.01229
3.87457
4.98451
4.51787
4.14048
4.53355
4.59123
4.29694
4.39509
4.32803
4.30897
3.7293
4.27206
4.18192
inf
4.26358
inf
4.49359
4.92966
4.54869
4.24165
5.00164
4.56712
4.01263
4.98664
3.9251
4.52996
4.11603
5.04344
inf
4.96945
4.58155
4.37091
3.92287
4.36442
4.50965
3.98375
4.32446
4.56029
4.20407
4.34085
4.12963
4.04237
4.92628
4.12318
4.12685
3.97996
3.91428
4.60784
4.32659
4.39444
4.98815
4.65192
5.01327
4.30666
4.06499
4.5512
4.64689
4.38717
4.10625
5.09779
4.32137
4.15873
4.41302
4.32361
5.03756
3.99043
4.6149
5.01619
4.68464
4.59125
4.66861
inf
4.68598
4.27638
inf
4.40549
5.06593
4.1792
4.75926
4.30163
5.09324
4.64137
4.68922
4.51506
4.62673
4.10169
4.32552
inf
5.04602
4.46602
4.69358
4.34319
4.36273
4.26357
5.25675
inf
4.14911
5.24206
4.45466
5.21188
5.27686
5.33522
4.48422
4.85851
4.70123
4.40556
5.3355
4.39859
4.93507
4.59667
4.4556
4.7009
5.0419
4.61347
4.61425
4.61088
4.35386
5.15452
4.37735
4.4287
4.55592
4.51539
4.66258
4.70037
4.7442
5.14145
4.95573
4.60279
4.78693
4.50656
4.53926
4.96433
5.06728
4.62402
4.75724
4.60675
4.69231
4.62501
4.66499
4.82385
4.65465
