4.67516
4.4117
4.67632
4.47614
4.5159
4.34326
4.37539
4.85753
4.39517
4.35296
4.39563
4.67975
4.2452
4.48386
5.09795
4.52939
4.5276
4.54365
4.75563
4.28584
4.45275
4.54554
4.18514
4.7929
4.51035
4.59667
4.74273
4.96521
5.40011
4.98661
4.92536
4.7157
4.62754
5.20159
4.4514
4.43728
4.60379
4.8791
4.60524
4.22928
4.42732
4.82161
4.78995
inf
4.80844
4.67147
5.12344
inf
4.49619
inf
4.30722
4.65688
inf
4.1303
4.42908
4.65007
5.09809
5.09429
4.25836
4.71184
4.65338
5.04794
4.88399
4.59082
4.38344
4.24708
5.05178
4.99018
4.21871
inf
inf
4.62379
5.03218
inf
inf
4.33058
4.35622
4.36648
inf
4.82943
4.38073
4.52558
4.99701
4.55854
4.27865
4.32947
4.52693
inf
4.56809
inf
inf
4.32066
4.58368
4.92796
4.94595
4.30817
4.97881
4.95281
inf
4.33752
inf
4.91212
4.45765
4.28728
4.48348
4.99592
4.10257
inf
4.04708
4.59678
4.92659
4.57245
4.55336
4.32096
4.97383
5.01695
4.07857
4.28964
4.96212
4.88764
4.5331
4.47475
4.52183
4.08782
inf
4.31341
4.81466
4.35032
inf
4.99285
4.52711
4.91959
4.5444
4.83122
4.86962
inf
4.52319
4.97717
4.5164
3.95197
4.59505
4.52411
4.35218
inf
inf
inf
5.01151
4.62804
4.31696
4.99556
4.34569
5.04741
4.51447
4.38424
4.61457
4.59511
5.07493
4.99055
4.67377
5.01101
4.08649
4.66
4.65041
inf
4.43106
4.13424
5.07722
5.04327
4.2311
4.70331
4.2985
4.66598
5.12847
4.28347
5.13179
5.12491
4.71397
5.13563
4.20086
4.49861
4.76075
4.53898
5.14282
4.33996
5.095
4.16791
4.58294
5.24518
4.56459
inf
5.22979
4.31811
4.46172
4.37092
5.38506
4.54503
5.43732
4.26863
4.40598
4.75784
4.92789
4.79001
4.29145
4.34421
4.92381
4.2091
4.36909
4.6292
4.49035
4.88725
4.09925
5.2676
4.38677
5.26092
4.33976
4.76995
5.23089
4.81124
4.52817
inf
4.18928
4.07211
4.53092
4.51818
inf
5.09844
4.7604
4.43605
4.28698
4.15065
4.45551
4.26412
4.47698
4.46027
inf
inf
5.14021
4.25173
4.41097
5.09626
4.60127
4.88783
5.05899
4.60434
4.25484
4.57226
4.40876
inf
4.20746
4.18051
4.68857
4.21148
4.85384
5.06474
4.66006
5.09804
4.61287
4.60415
4.53604
4.33721
4.88723
5.02548
5.03255
5.00451
5.07826
4.64122
4.34405
4.92211
4.32893
4.20492
5.01537
4.28576
4.36162
5.0604
inf
4.57708
5.02904
4.52067
5.01924
5.04565
4.1394
4.95088
5.11766
5.00889
inf
4.25013
4.32534
4.58154
4.30094
4.95282
4.5668
4.57635
4.54956
4.62321
4.12604
inf
4.56669
4.59578
4.02649
4.31
4.58383
inf
inf
inf
4.56032
5.08596
inf
5.0284
4.96566
4.35708
4.93631
4.60265
inf
4.06083
4.59212
inf
4.33018
4.0654
inf
4.98338
4.96789
5.07212
inf
4.38853
4.68231
4.41597
4.35246
4.66827
5.0008
4.54162
4.37997
4.37865
5.02439
4.395
4.60596
4.46816
4.46851
4.29655
5.11534
4.66253
4.21676
4.69375
inf
4.62873
5.17624
4.4603
inf
inf
inf
inf
5.09644
4.7586
5.12023
4.24341
4.54149
5.15126
4.55542
4.0745
4.63162
4.55179
4.59156
inf
5.30769
4.62104
4.63757
4.61957
4.6866
4.98419
4.66391
4.90018
4.94608
4.42448
4.98031
4.7692
5.03658
5.06272
4.66072
4.83341
4.67135
4.86214
4.77016
5.61063
4.47977
4.62871
4.99154
4.46441
4.81739
5.15508
4.78006
4.49179
5.05203
4.66069
4.96093
4.80877
4.41972
4.83511
4.75577
4.63274
4.5352
4.65699
