4.48022
4.60637
4.66966
4.90854
4.78588
4.73533
4.54874
4.80144
4.50965
4.67485
4.94284
4.73013
5.00526
4.83968
4.68829
4.66908
4.86847
4.61825
5.66398
5.67047
4.36447
5.13943
5.53403
4.71758
4.82567
5.3402
4.80203
5.44358
4.976
4.4179
5.35078
4.72101
5.37133
4.5057
4.64191
4.89863
4.88797
5.23767
inf
5.30642
4.87191
4.59654
5.23112
4.79551
4.81687
4.75247
inf
5.07391
4.45624
4.77451
5.0403
4.24349
5.08237
5.07118
5.18035
5.18204
5.08439
5.15384
4.64825
inf
inf
inf
5.07075
4.64458
inf
4.61246
5.0359
4.96897
4.60941
5.01639
inf
4.55383
4.17908
5.01575
inf
inf
4.97132
4.83718
inf
4.51136
5.04001
4.53894
inf
4.91698
4.97313
inf
4.97095
4.57091
4.93593
inf
inf
4.94735
4.41415
4.47536
inf
4.98204
4.95144
inf
4.79752
4.29556
4.92699
inf
inf
inf
4.92706
4.81706
inf
inf
inf
4.45658
inf
4.77632
inf
4.84612
4.45807
4.90432
4.90753
4.80944
4.41819
inf
3.91811
inf
4.8787
inf
inf
inf
4.91721
4.20553
4.42129
inf
4.2429
inf
inf
inf
inf
inf
4.49229
4.40478
4.91086
inf
4.83851
inf
4.89853
4.85028
inf
4.76009
4.90877
inf
4.43831
inf
4.20119
inf
4.25203
inf
4.87649
4.51926
4.91799
4.51969
4.96866
inf
4.88802
4.92189
inf
4.4251
4.27742
5.0023
4.90971
inf
4.50265
inf
inf
inf
inf
inf
inf
4.99397
inf
4.59579
5.00147
inf
inf
4.02693
inf
4.39054
4.64011
5.05702
4.6345
5.12895
inf
5.09327
5.12812
inf
4.72737
4.76296
5.19088
5.2778
4.82513
4.89665
4.69217
4.52177
4.64461
4.70656
4.47327
4.85657
inf
5.1775
5.17599
4.78949
4.59202
4.08965
5.04875
inf
5.13105
5.01447
5.08176
4.66146
inf
5.02384
inf
5.07862
5.05959
inf
4.62281
5.04845
inf
inf
4.61588
inf
4.35173
5.07177
4.98531
4.97809
4.98686
4.9719
inf
4.94331
5.02266
4.99836
4.55807
4.99449
4.94885
inf
4.51532
inf
4.87112
5.00432
4.91003
inf
inf
4.90531
4.9293
inf
4.49692
inf
4.93221
4.96619
inf
inf
4.8716
inf
4.55041
inf
inf
inf
inf
4.88459
4.90862
4.90998
inf
4.94754
inf
4.85165
4.92119
4.23412
inf
4.92365
inf
4.22051
4.26274
4.99407
inf
4.86606
4.86195
inf
inf
inf
4.4804
inf
4.47356
inf
inf
inf
4.8323
4.83367
4.90588
inf
4.82451
inf
inf
inf
4.90776
3.95195
inf
inf
inf
inf
inf
inf
inf
4.87072
4.86708
4.50404
inf
inf
4.8866
4.49497
4.97072
inf
4.97702
inf
4.9023
inf
inf
4.94019
4.93139
inf
inf
4.14431
inf
4.32955
5.04595
5.06261
inf
4.9474
5.06488
inf
4.63968
inf
5.111
4.61873
inf
inf
inf
5.08433
inf
inf
5.09138
4.62634
inf
5.04975
4.71173
5.08878
4.70304
5.15751
5.18381
inf
inf
inf
5.19991
4.70014
4.53631
4.56857
4.84355
4.54366
5.28098
inf
inf
inf
4.67312
inf
4.93763
inf
4.56737
4.72565
inf
4.35677
inf
4.50848
5.51477
5.57199
5.57713
4.57249
5.20548
5.00213
5.02696
4.90147
5.04411
4.92917
4.77367
4.46332
4.96931
4.89545
5.00818
4.60685
4.88525
4.79627
4.68953
4.53489
4.64653
4.58477
