4.68042
4.37058
4.58144
4.26109
4.2446
4.15216
4.12127
4.16083
3.94801
4.00892
3.93226
4.09905
4.078
4.27707
3.87221
4.04652
4.15054
4.07693
3.95782
3.93307
4.05133
3.97724
3.90626
4.11526
4.26641
4.25975
3.77359
3.94502
3.99258
4.10601
3.99154
4.26339
3.87233
3.81216
3.92902
3.73382
3.85216
4.23544
4.00294
4.02927
4.06313
3.78221
3.97634
5.04271
3.54566
3.96433
4.07564
3.96232
4.36274
4.67947
3.79037
4.17672
3.95013
5.05885
3.95343
4.30063
4.22257
4.36543
4.57549
4.48464
3.88191
4.56193
3.91015
4.31003
3.99294
3.76449
4.94237
4.48169
3.85586
4.53481
4.30138
4.08809
3.74081
4.13705
3.92009
4.03974
4.31139
3.77606
4.07972
4.80186
4.02947
3.88621
4.78271
4.50959
4.06946
3.92346
4.2392
4.19048
3.92685
4.09578
4.21977
4.22268
4.22033
4.04175
4.22295
5.02569
inf
4.78621
inf
3.91699
inf
3.86382
4.14576
3.94196
3.75953
4.09711
4.68157
3.98056
4.23755
4.44002
4.87617
4.39165
4.4699
4.42236
4.20254
4.04488
4.20862
4.14898
4.35839
4.11667
4.0285
inf
4.8393
4.97718
4.03507
4.23176
4.24209
3.94904
4.05889
4.04514
3.54769
4.07861
inf
4.06304
3.90358
4.45964
4.07424
4.24081
4.4477
4.81614
3.89062
4.04079
4.24456
4.45856
4.21753
4.06844
4.08099
4.27304
4.49544
4.33602
inf
4.4531
3.86422
3.95845
4.48675
4.52498
4.23433
4.23804
4.26793
3.7448
4.33804
4.54446
3.80941
4.57746
4.31765
4.04271
4.09839
4.18905
4.25777
4.92073
4.36365
4.33275
4.98334
4.03994
4.89158
4.3443
4.2086
4.37116
3.63837
4.62922
3.9294
4.40541
4.43823
4.59423
4.15384
4.14019
4.79311
4.20473
3.8806
4.08921
4.11643
4.36668
4.81792
4.31548
4.81231
4.47058
4.36808
4.51861
4.34415
4.6493
4.49488
4.2087
4.1036
4.64587
4.50375
4.53298
4.87619
4.17886
4.57178
4.12354
4.04581
4.49975
4.41241
4.46624
3.91738
inf
3.9602
4.27556
4.13739
4.14209
3.67059
4.04379
4.62703
4.42488
5.15892
4.17081
4.19583
4.55209
4.11157
4.53031
4.19489
4.94179
3.96585
4.6048
4.56843
5.06547
4.3527
4.15472
3.90408
4.60656
4.16049
4.91022
inf
4.94841
3.89504
4.29955
5.01557
4.55627
4.30967
4.13457
4.29301
4.28465
4.83477
3.84706
4.27998
4.34036
4.88285
4.26358
4.31494
4.55897
4.26194
3.89263
4.0718
4.78519
4.98915
inf
4.3343
4.52623
4.29614
inf
4.08022
4.27062
4.58407
inf
4.91583
4.92624
4.8785
4.24369
4.5411
4.26524
4.10996
3.87053
4.5312
4.30649
4.27961
3.94087
4.46995
4.8838
4.80375
4.07504
4.08573
3.98271
4.25263
3.97392
4.48493
4.48544
3.96703
4.95257
4.98685
4.11068
4.61272
3.855
3.91226
4.5327
4.02063
3.98053
4.09685
3.90951
4.11408
3.89281
4.93976
3.97794
3.81793
4.55138
4.53764
4.0009
4.19524
4.56824
4.18205
3.9226
3.92031
4.18678
4.53223
4.173
4.14346
4.54927
4.21391
4.18428
3.96266
4.17397
4.33834
4.40038
4.39123
3.94087
4.07311
4.01026
3.78124
4.25693
4.63613
4.25081
4.02662
4.30251
4.416
3.92966
4.67295
4.06044
3.88514
4.29157
4.333
5.13006
4.18662
4.20153
4.37021
3.81162
3.9539
3.82441
4.24584
4.2044
3.88084
4.00842
4.0155
3.96505
4.15257
4.34973
4.45714
3.93286
4.39422
3.97747
3.88435
3.85541
3.99503
4.04654
4.01959
3.89126
4.10877
3.87548
4.19671
3.84544
4.17101
4.03918
4.28774
4.04971
4.07481
4.07058
4.28377
4.16946
4.06837
4.25898
4.11324
4.1924
3.97063
4.2015
4.31472
4.17002
4.16726
4.10187
4.27102
4.35719
4.37811
4.44663
