4.62887
4.57584
4.41394
4.41887
4.54096
4.29055
4.36989
4.42698
4.40005
4.18972
4.53803
4.29122
4.3315
4.53835
4.3238
4.20843
4.2261
4.51794
4.42083
4.4675
4.3505
4.40732
4.16825
4.40951
4.36441
4.16995
4.19113
4.20831
3.85159
4.27511
4.13569
3.87188
4.27777
4.56234
3.96014
3.97162
4.06225
4.13924
4.06379
4.83896
4.48137
3.93822
4.08684
4.16789
4.6161
4.78062
4.51086
4.39491
4.24604
4.55163
4.57481
4.12958
5.11053
3.95723
5.17099
4.17885
4.14384
3.79866
4.05293
4.13554
4.11355
4.10029
4.08422
4.14968
4.40728
4.04181
4.64535
4.25615
4.01308
4.10403
4.1791
4.65275
4.36598
4.23624
4.1226
4.65341
4.05451
4.19236
3.97701
4.37777
4.67456
4.59381
4.9796
4.1633
inf
4.6608
4.6398
4.16407
4.62792
3.98399
4.1426
4.93323
4.02085
4.54853
4.35509
4.94895
inf
4.61741
4.11543
4.65371
4.16419
4.29153
4.11996
4.31331
4.27998
4.98444
4.6176
3.95533
4.53711
4.00766
4.29075
4.57151
4.07834
4.3281
4.26616
4.57384
4.19888
4.92401
4.32401
3.9881
4.15372
4.11054
4.24745
4.56801
4.32447
4.56249
3.87559
4.06905
3.80641
3.97963
4.30898
4.18251
4.30187
inf
4.1508
4.16229
5.0391
4.02234
4.5538
4.52553
4.29246
4.11116
4.13442
4.18097
4.13147
3.92968
4.53186
3.80519
4.32958
4.56362
4.57305
4.29853
4.32603
4.34048
4.20642
4.42165
inf
inf
4.36845
4.36619
4.58068
4.40618
4.36552
4.19975
3.96035
4.35595
4.62987
4.13922
4.22673
3.73183
3.98857
4.10661
3.9081
4.15643
4.01576
4.42576
4.01531
4.17618
4.71908
4.45928
4.24999
4.30517
4.28619
4.49112
3.84331
3.8534
4.22851
4.37389
4.77776
4.11163
4.58377
4.5749
4.09122
4.89981
4.06858
4.68175
4.30122
4.1506
4.1882
4.35993
4.51824
3.94992
4.67555
4.2144
4.12465
3.81092
4.31405
4.01571
4.08395
4.84499
4.12175
4.27703
4.58627
3.95837
4.33308
4.48373
4.30663
4.00784
4.47703
4.1671
4.16759
4.47177
4.25237
4.75138
3.85604
3.66512
4.6728
4.2165
4.394
4.68143
4.62014
4.24164
4.9521
4.58167
4.57865
4.06667
3.9477
4.22265
4.59977
3.85718
3.83748
4.19767
4.15306
4.30868
4.31898
4.14969
4.15561
4.14498
3.54623
4.00595
3.9902
4.15126
4.56771
4.53714
4.15074
4.13637
4.28157
4.0067
3.81445
4.00935
3.9996
4.10916
inf
3.72894
4.44191
4.94078
4.11037
4.96092
4.49538
4.1165
4.06559
4.1216
4.29565
3.98586
3.87923
3.79424
4.06401
3.88756
4.27344
4.23814
4.56968
4.47695
4.2771
4.99916
4.11538
4.13374
3.96719
4.89662
4.50209
4.46393
4.23302
4.53325
4.07907
4.32254
4.85919
3.80634
4.10958
3.9501
4.89025
4.85586
4.14583
4.34456
3.97585
3.76201
4.30772
4.91489
4.14637
inf
4.13563
3.63387
4.16906
3.90758
4.16342
4.55247
4.94804
3.99116
3.98167
3.91237
4.01743
4.31911
3.91323
3.90351
3.82116
3.95857
3.9173
4.19035
4.04249
4.02183
4.53877
4.38795
4.0338
4.63441
4.20839
3.88419
4.35707
4.37485
3.98547
4.00657
4.19481
3.98578
4.20472
4.11449
4.07946
5.02721
3.92628
4.24084
4.24262
4.65335
4.27453
3.76155
4.62198
4.51457
4.31311
4.30542
3.73823
4.74646
4.08731
4.36087
4.79297
4.24523
3.96388
4.09661
4.26288
4.39569
4.28747
4.61093
4.28477
4.23666
4.1637
3.99623
3.90104
4.29341
5.37804
3.97621
4.44354
4.42524
4.56633
4.5033
4.26655
4.34644
4.17869
4.43969
4.45976
4.37852
4.15983
4.20742
4.04393
4.42999
4.44904
4.40331
4.20463
4.25049
4.20188
4.28841
4.42097
4.26955
4.56049
4.16801
4.33278
4.36405
