4.77041
4.61585
4.5898
4.62282
4.57783
4.56042
4.56103
4.35679
4.27832
4.69765
4.23179
4.39587
4.61748
4.28847
4.35796
4.1846
4.37432
4.21574
4.32513
4.15302
4.16286
4.15969
4.35166
4.16027
4.3381
4.03284
4.12231
4.27848
4.4284
4.56145
4.74632
4.17663
5.24454
4.64259
4.69292
4.42124
4.31916
4.42765
3.77796
4.59578
4.26226
4.35483
4.38148
4.71217
4.22146
4.69217
4.37925
4.49882
4.3019
4.52657
4.25813
5.12182
4.13713
4.44062
4.3062
4.17366
4.1102
4.26018
4.66755
4.25453
3.79299
4.1046
4.99263
3.97735
4.35993
4.07506
4.2066
4.07193
3.94541
3.76636
4.32056
4.18366
3.98703
4.60213
5.03393
3.91912
4.53017
4.99929
4.3379
4.51184
4.57886
4.11343
4.51575
4.57257
4.13515
4.30368
4.95761
4.2895
4.09514
4.11265
4.34201
4.13675
4.95796
3.94339
4.92319
4.06366
inf
4.52882
3.96428
inf
4.28846
4.27747
4.90223
4.89767
4.07775
4.54186
4.226
4.49663
4.53241
inf
4.92092
4.09791
4.95825
4.92897
4.90826
4.95682
4.8735
4.09332
4.06872
4.88959
4.22059
4.88723
4.2702
4.55762
4.90929
4.89691
5.01141
4.85373
4.48725
4.46511
3.98111
4.49233
3.8225
4.52645
inf
inf
4.93957
3.97808
4.55535
4.49494
4.51006
4.0921
4.97601
4.94923
3.81188
4.15887
4.28629
4.53928
4.13174
4.10958
4.00623
inf
4.37371
4.9518
inf
4.14144
4.87028
4.94199
4.95837
4.55989
inf
4.38992
5.07241
4.36597
inf
4.07553
4.57092
5.02379
4.01243
4.20352
4.65807
4.67044
inf
4.26424
5.08308
4.2528
4.17131
inf
4.30532
4.13003
4.61681
4.72361
4.29169
4.20185
4.11455
4.14455
4.49844
4.36228
4.01052
4.83069
4.13477
4.41183
4.32492
4.88122
4.20231
3.81891
4.88157
4.51603
4.49067
4.2465
4.96573
4.46746
4.30433
4.17267
4.3733
4.60697
4.32718
4.28977
4.41732
4.56653
4.55454
4.06124
4.40757
4.32364
4.71685
4.53907
5.10792
4.30985
4.14105
4.45915
4.67417
4.04489
4.66528
4.70421
4.24826
5.10868
5.07392
4.14911
4.11234
4.40767
5.02178
4.21821
4.3404
4.63657
4.65504
4.37812
4.65488
4.39926
4.343
4.19331
4.35614
4.16366
4.62376
4.94031
inf
4.3697
4.94724
4.58583
inf
4.60425
5.02942
4.59558
inf
4.57715
4.88639
inf
4.55773
4.56392
inf
4.54332
4.57623
4.51101
4.55704
4.52509
4.51331
4.13998
4.52157
4.12455
4.57936
4.94127
4.30461
4.91184
4.47368
4.2942
4.92032
4.93747
inf
4.5737
4.91881
4.91685
4.47742
4.9994
4.13222
4.47312
4.30837
4.56051
3.9598
4.11834
4.4783
3.94374
4.54793
4.9803
3.96777
4.31241
4.55128
3.85496
4.30225
4.98385
inf
4.98004
4.52072
4.09932
4.32658
4.97613
4.08772
4.49664
4.97214
4.95122
4.56265
4.98508
4.14244
4.56305
4.32368
4.13855
4.01181
4.97818
4.1445
4.60562
inf
4.58484
4.54869
4.15558
inf
5.04609
3.76504
4.32909
4.03529
4.00968
4.96009
4.63229
4.0645
4.05436
4.22141
4.65833
4.61793
4.64825
4.21208
4.08366
5.0362
4.65604
4.63566
4.4187
4.58927
5.13606
4.20683
4.12614
4.68653
4.45763
5.1005
4.4482
inf
4.67722
3.99462
4.50203
4.50884
4.35863
4.37148
4.78263
4.25446
4.38505
4.82903
4.3084
4.56734
4.29475
4.26374
4.86485
4.34589
4.48193
4.33737
3.98023
4.91473
4.37313
4.72862
4.42516
3.97677
4.37734
4.50671
4.24709
4.52539
4.44019
4.04204
4.59823
4.44428
4.56936
4.42556
4.62723
4.50199
4.45212
4.32009
4.63742
4.20427
4.33537
4.35336
4.35606
4.48194
4.25525
4.3554
4.15898
4.25313
4.32986
