3.28118
3.3034
3.33796
3.40962
3.3698
3.41505
3.3493
3.41663
3.39032
3.41487
3.42792
3.51265
3.50725
3.46678
3.51044
3.43761
3.46286
3.48436
3.54065
3.31474
3.62857
3.44622
3.38477
3.623
3.38057
3.50562
3.51546
3.30999
3.49558
3.49902
3.69941
3.41725
3.61491
3.55699
3.46486
3.41289
3.52988
3.54548
3.59514
3.46288
3.6108
3.54783
3.49832
3.56383
3.45342
3.45728
3.48361
3.62775
3.55958
3.39912
3.49435
3.52385
3.55789
3.48823
3.59087
3.54877
3.37568
3.53217
3.55414
3.54872
3.57655
3.78984
3.54561
3.41192
3.83427
3.65021
3.50719
3.61251
3.41436
3.46077
3.35108
3.39423
3.4882
3.26806
3.26269
3.58417
3.5407
3.27531
3.34303
3.44958
3.51872
3.25889
3.22917
3.66286
3.5608
3.34601
3.45202
3.42783
3.33636
3.3626
3.60998
3.33273
3.48989
3.50979
3.393
3.65469
3.41742
3.61446
3.43235
3.54464
3.52084
3.47568
3.46861
3.81628
3.33547
3.52442
3.45615
3.7097
3.59752
3.60756
3.70894
3.35921
3.37493
3.35465
3.61411
3.95938
3.44329
3.4188
3.3826
3.36985
3.21792
3.66206
3.65227
3.57593
3.5495
3.65675
3.45509
3.46717
3.39443
3.52031
3.52724
3.83335
3.35851
3.75866
3.92582
3.55917
3.41834
3.67466
3.57485
3.55683
3.42201
3.38769
3.39202
3.76158
3.47154
3.63739
3.35297
3.63789
3.76607
3.37466
3.55216
3.61417
3.45694
3.86025
3.52301
3.60434
3.90424
3.65852
3.59656
3.41477
3.44131
3.41668
3.51345
3.57067
3.35856
3.38125
3.55815
3.49855
3.55614
3.65589
3.72095
3.61667
3.50802
3.60712
3.43649
3.43926
3.57148
3.44374
3.71745
3.62898
3.35185
3.57241
3.25986
3.56038
3.74555
3.49703
3.62409
3.44251
3.53959
3.56828
3.76689
3.49765
3.60661
3.74589
3.54785
3.74865
3.73251
3.81343
3.42171
3.45371
3.4415
3.62663
3.92485
3.9615
3.47396
3.77634
3.58779
3.9673
3.54527
3.52174
4.13807
3.46764
3.53378
4.00064
3.59758
3.58106
3.49563
3.38495
3.63142
3.89219
3.74598
3.48865
3.52922
3.48907
3.41648
3.72632
3.59006
3.76019
3.27399
3.77352
3.52079
3.5635
3.82867
3.8227
3.83209
3.50287
3.33528
3.68978
3.36195
3.79372
3.42678
3.40831
3.79005
3.44463
3.61637
3.36909
3.70089
3.58519
3.63719
4.01162
3.76722
3.49164
3.56649
3.72843
3.54525
3.47762
3.44669
3.43477
3.45043
3.76282
3.62121
3.99126
3.55229
3.24457
3.15454
4.11677
3.37279
3.50821
3.73376
3.48609
3.41028
3.61256
3.4712
3.55974
3.67597
3.41303
3.72405
3.63296
3.34923
3.77862
3.71545
3.72599
3.84242
4.31488
3.83957
3.93081
3.2916
3.62575
3.26618
3.31074
3.98872
3.45364
3.26927
3.53891
3.47431
3.20933
3.81984
3.39612
3.3848
3.32918
3.63202
3.44375
3.33947
3.60288
3.5562
3.63368
3.64702
3.5427
3.98577
3.50476
3.52284
3.35769
3.6986
3.92877
3.72362
3.80854
3.5441
3.29885
3.68341
3.5952
3.74286
3.38961
3.68224
3.71812
3.23223
4.01634
3.65399
3.50943
3.64457
3.55656
3.49096
3.60618
3.66136
3.64762
3.29437
3.40764
3.66243
3.4035
3.49053
3.60404
3.46868
3.55361
4.20322
3.50288
3.60934
3.81886
3.54786
3.65135
3.82979
3.50132
4.02331
3.68981
3.7472
3.36942
3.42043
3.46283
3.76535
3.30121
3.51514
3.36037
3.66804
3.56056
3.58703
3.43428
3.38645
3.45325
3.54817
3.55233
3.06193
3.61026
3.27515
3.41326
3.71095
3.3735
3.42916
3.75154
3.66864
3.80837
3.48901
3.51771
3.40263
3.72955
3.58864
3.4224
3.49048
3.55701
3.5817
3.31549
3.62283
3.26028
3.42162
3.39218
3.47744
3.55425
3.61069
3.48261
3.55657
3.5202
3.56849
3.58708
