4.88383
4.98632
4.95499
4.81747
4.46945
4.29093
4.26647
4.4104
4.40601
4.18049
3.99941
4.23091
4.20656
4.11946
4.03499
4.39019
4.03076
3.98282
3.94493
4.42444
4.43891
3.84312
4.19076
3.86805
4.25898
4.39874
4.25465
4.23819
3.9325
4.00484
3.86067
4.36557
3.89888
4.12736
3.75113
4.02513
3.95862
4.28118
4.48871
4.04841
4.66514
3.89038
4.07301
4.30529
4.00834
4.18079
4.10622
3.70939
3.8437
4.36328
4.03757
4.27608
5.10469
4.08974
4.19703
4.30622
3.64174
4.27154
4.14809
4.03444
4.46214
4.06194
3.85573
3.95835
4.46498
3.71338
4.03542
4.09889
3.85619
4.25239
3.91782
4.00558
4.62077
4.26041
4.11052
4.142
3.8562
4.00668
3.94892
4.04419
4.98301
4.65063
4.06909
5.01222
4.60159
4.16664
4.12675
4.03997
3.86233
4.0427
4.15377
3.91239
inf
4.2692
4.34285
3.6772
inf
3.99836
4.31955
3.93031
4.98937
3.99024
inf
4.56538
4.31968
3.98636
4.12621
4.52181
4.15387
4.11796
3.89943
4.28142
inf
4.98032
4.9603
4.16219
inf
4.00765
3.88815
5.02841
inf
4.58068
5.06805
4.95832
4.00607
4.19043
4.34525
4.55823
4.16005
4.31205
inf
inf
4.28106
4.58135
4.16695
4.29835
4.96925
4.93716
4.62818
4.58973
4.18203
4.3065
4.13196
4.54385
4.96987
inf
inf
4.99753
4.50172
4.56121
4.53238
3.96698
4.02643
5.04941
4.6126
4.16696
4.38846
4.16395
4.38389
4.1782
inf
4.04554
4.19809
4.62039
4.43334
4.60878
4.41852
4.18913
4.24681
4.32404
4.1256
4.37621
4.14368
4.22465
4.67971
5.06615
4.27285
4.46013
4.41831
5.10407
4.44615
4.65636
4.73505
4.3033
4.7614
5.15043
4.26301
4.14695
4.11979
4.5857
4.58159
4.83585
4.83804
4.08336
4.38059
4.51857
4.95394
4.10988
4.14873
4.42458
4.28159
4.80983
4.27541
4.5314
4.27057
4.47795
3.9928
4.47361
4.65955
5.24531
4.03728
4.12947
4.50927
4.52173
4.01238
4.72244
4.21417
3.81729
3.97097
4.06472
4.19813
4.27218
4.75799
4.28758
4.71897
4.65811
4.26598
4.11432
4.61708
4.07663
3.77953
5.09907
4.25408
4.20513
4.09774
4.64189
4.44566
4.16316
4.14708
4.41588
4.08829
4.24434
4.20666
4.38158
5.06103
4.21239
4.98378
4.94258
4.61126
4.58487
4.34681
4.00798
4.05254
4.15412
4.23251
3.91406
4.53375
4.1835
4.14976
4.29686
4.19106
4.30919
4.50645
4.48388
3.97374
4.55298
4.9035
4.26344
4.53701
4.32952
3.87131
3.71858
4.34407
4.1214
4.12666
4.25922
4.94984
4.5372
4.19489
3.85942
3.90898
4.10129
4.30725
4.32422
4.5356
4.31258
4.35325
4.97194
4.30223
4.47757
4.11929
4.33658
4.03652
4.92493
4.15511
4.50061
4.27593
4.90983
5.01557
4.2849
4.53388
3.83254
4.14676
inf
4.33657
4.58628
4.2957
3.72934
4.17829
4.03455
3.87245
4.02899
4.65388
4.20143
4.59243
4.1499
4.21946
4.36103
4.3591
4.58708
4.31041
4.98935
4.07444
4.07264
4.32931
4.35987
3.87921
3.72057
4.58317
5.0143
4.54316
4.37589
4.04249
3.77169
4.42864
4.08717
4.12597
4.2579
4.96898
4.43635
4.11964
4.67174
4.44988
3.94476
4.68176
4.26638
4.70643
4.32897
4.26779
4.46364
4.10174
4.32407
4.33773
4.50118
4.18853
4.2512
4.37504
4.37393
4.20522
4.17696
inf
4.82705
3.98422
4.60721
4.6538
5.30558
4.70436
4.09788
4.31842
4.72945
4.73634
4.29303
4.53212
4.25372
4.81209
4.30487
inf
4.84122
4.3524
4.37931
4.50223
4.28141
4.56557
4.27337
4.46698
4.2046
4.21121
4.31186
4.21283
4.63109
4.51804
4.39464
4.60727
4.14196
4.05419
4.36278
4.20757
4.2694
4.34893
4.34539
