4.5637
4.53259
4.45584
4.42693
4.56999
4.38478
4.45847
4.51153
4.3013
4.48895
4.42731
4.36283
4.59498
4.24158
4.12518
4.5728
4.22735
4.29491
4.31566
4.28507
4.54817
4.23752
4.57999
4.44291
4.07907
4.29985
4.295
4.78516
4.30206
4.27188
4.26924
4.43663
4.94439
4.8678
4.45766
4.658
4.43755
4.2329
4.4958
4.61451
4.36226
4.45256
4.17516
4.18423
5.11453
4.82067
4.2565
5.19694
4.14181
4.78196
4.3648
5.20007
4.39491
5.199
4.31056
4.49008
4.45561
4.19946
4.46782
4.05667
4.69923
4.18347
4.4475
4.67779
4.42134
4.44599
4.23919
5.15236
3.75466
4.46599
4.68888
4.44893
inf
4.99019
5.15876
4.41183
inf
4.25616
4.1017
4.23
3.96672
4.61073
inf
4.09253
3.85538
4.33661
4.22334
4.33241
4.0806
4.30437
4.41596
4.62107
4.21799
4.94004
4.37167
4.37118
4.2718
4.57951
4.96143
4.40578
4.49295
4.85119
4.60426
4.31803
4.07644
4.34133
4.61181
3.80736
4.31113
4.36431
4.19693
4.29755
4.98386
4.32511
3.97393
4.3486
4.02981
3.93213
4.3076
4.2286
4.0004
4.05907
4.57923
4.01097
inf
inf
4.65415
4.60832
4.19854
4.19585
4.1941
4.20087
4.57455
4.31925
3.88706
4.86828
4.33723
4.56177
4.17933
4.424
4.55368
4.06494
4.19615
4.6127
4.202
4.13428
4.53905
4.38986
4.92164
4.98449
5.00246
4.04997
5.05153
4.17833
4.39241
4.20974
4.66211
4.10442
4.07104
4.58044
4.69378
5.05426
5.02926
4.69019
4.44578
4.44677
5.09358
4.69341
3.97381
4.68043
4.58793
4.70591
5.02346
4.42797
4.73825
4.44606
4.18685
4.29422
4.16128
4.40918
4.6773
4.72447
4.31085
4.51039
4.53731
4.02145
5.03549
4.57726
4.4172
3.98997
4.5335
4.82856
4.31054
4.65778
4.30008
4.24817
4.54951
4.5487
4.45832
4.4845
4.51365
5.40686
4.74402
4.67095
4.03322
4.33036
4.17044
4.54143
4.41128
4.27549
4.39839
3.95353
5.17593
4.80675
4.74182
4.07328
4.32531
4.45023
4.30477
4.63633
5.03203
4.1304
5.12249
5.11763
3.99522
4.63252
inf
4.11371
4.17417
5.00622
5.05192
4.31752
inf
4.58759
4.3847
4.15842
4.33893
4.90291
4.33818
4.93406
4.55095
3.96902
3.88867
4.57374
4.99448
3.95861
4.13012
4.25163
4.32494
4.24854
4.90586
4.08766
4.45877
4.10182
4.24415
4.26407
4.06737
4.24681
4.91731
4.23257
4.04881
4.51225
4.51344
inf
4.05416
4.76469
4.50601
4.22424
4.84701
4.41931
4.78511
4.14908
4.80451
4.95937
4.01607
4.48046
4.47379
4.43542
4.81702
4.41365
4.42135
inf
4.79725
4.45774
4.21082
4.85472
4.77504
3.77139
4.19532
4.40294
4.89206
inf
4.46071
4.16321
4.94181
3.95837
4.07352
4.41372
4.17613
3.88991
4.22606
4.91517
4.40613
4.81858
3.91147
4.43912
4.92093
4.40971
4.37812
4.22494
4.78088
inf
4.44201
4.77702
4.35254
4.44686
4.26361
3.81538
4.21844
inf
4.90731
4.52185
4.29204
3.75991
4.86503
inf
4.09302
inf
4.17377
inf
4.9326
4.25871
4.52956
4.05968
4.52086
4.10512
4.88502
4.54299
4.95006
4.10619
4.48442
4.89183
4.13299
4.30555
4.29721
4.6119
4.59176
4.59469
5.08316
4.98595
4.33728
4.32514
4.18731
4.60045
5.00548
3.99479
3.9051
3.80231
3.91519
4.11302
4.02014
4.23007
4.20032
4.5024
4.50541
4.03454
4.51825
4.27069
4.35111
4.39734
4.51536
inf
4.64442
4.63888
4.67381
4.17367
5.28032
4.4054
4.58632
4.32185
4.28727
4.33204
4.55636
4.69725
4.5676
4.49919
4.40496
4.35378
4.28867
4.34208
4.35674
5.06441
4.41719
4.61392
4.70368
4.32234
4.85172
4.33602
4.41172
4.37449
