4.55924
4.72782
4.52659
4.72773
4.87534
4.64425
4.69767
4.71661
4.68059
4.89861
4.70745
4.9114
4.65248
4.65042
4.31804
4.71356
4.33411
4.95639
4.98217
4.59289
4.74073
4.56967
5.45729
4.81132
4.71006
5.43531
5.38581
4.99376
4.91617
4.69977
4.50982
4.49698
4.94951
4.44821
4.58915
inf
4.60172
5.17832
4.39572
5.23336
inf
inf
4.49979
4.33079
5.1865
inf
4.70309
5.08739
4.46287
inf
5.13487
5.14132
4.14593
5.1139
4.60034
4.45682
4.40632
3.97955
4.42116
inf
4.96919
5.08505
4.0497
4.36105
4.60365
4.52996
5.04035
4.58247
5.10791
4.36855
4.38083
4.61381
inf
inf
4.56344
inf
4.08457
inf
4.1335
4.93359
4.1498
5.03734
4.26759
4.47979
4.29152
4.26578
inf
4.01791
4.14336
4.50691
4.88144
inf
4.53718
4.25405
4.99405
3.97028
inf
4.56376
4.84032
4.26063
4.55943
inf
4.89794
inf
4.46848
4.48724
4.91723
4.81103
inf
4.76823
inf
4.95767
4.79708
4.94037
inf
4.2863
4.95889
4.53867
inf
4.91964
inf
4.89773
4.5707
4.85107
4.85284
4.89867
5.0111
4.95477
4.21684
4.80111
inf
inf
4.97825
inf
4.22339
4.94131
4.93468
inf
4.9286
4.98085
4.47577
4.91749
4.97363
3.99123
inf
4.5137
4.50141
inf
4.97338
4.53188
inf
4.24345
inf
4.95824
4.30716
4.30228
5.02728
inf
inf
4.91209
inf
4.88937
4.38196
4.98615
4.25583
inf
5.03123
4.97102
5.03932
5.06445
4.23039
inf
4.57529
4.41735
4.97635
4.41125
4.64514
4.70952
4.43726
4.41916
4.11677
5.08546
5.06005
4.45213
inf
inf
5.20597
5.22016
4.75238
4.81762
inf
5.27406
4.79136
5.18827
4.58141
4.61166
4.48565
4.18969
5.40443
4.90786
4.21726
5.3498
4.52914
4.19077
4.46205
4.48035
5.25694
4.55575
5.24395
4.82471
5.16974
4.47382
4.75234
4.31574
3.96972
5.1793
5.10938
4.68495
4.74437
inf
4.21533
5.0156
4.01987
4.60187
4.73781
4.61896
4.3417
inf
5.01984
inf
5.13044
inf
4.57596
5.0254
inf
4.1921
4.99142
4.28266
4.32253
4.92712
4.26056
4.13287
4.54805
4.4767
4.94726
4.12696
4.90571
4.52811
4.13077
4.32401
4.28686
4.4915
4.58003
inf
4.85355
4.94724
4.05014
inf
4.52717
4.91676
4.80148
4.85656
inf
4.10114
4.55821
4.08651
5.00548
4.47195
4.20716
3.84732
4.83184
4.89272
inf
4.83255
3.8399
3.98726
4.44563
inf
4.90711
4.42436
4.31105
4.46273
4.82516
4.07457
4.23029
4.51996
4.87306
inf
4.48117
4.20682
4.52916
inf
4.44093
4.82322
4.21591
4.87199
3.93031
4.82407
5.02025
4.90183
4.40898
4.88987
4.4605
3.73164
3.80794
4.93752
4.48789
4.05829
inf
4.08877
4.48441
4.93966
4.454
3.99627
4.98495
inf
4.85203
4.92734
4.87465
4.10757
4.31257
4.27724
inf
4.34449
inf
4.09767
4.01158
5.04163
4.12952
4.28049
4.99631
4.9712
4.98941
inf
4.52971
4.60688
3.94824
4.49255
4.1508
inf
4.29755
4.63174
4.60231
5.04488
4.32648
4.58682
4.6472
5.1202
4.42988
4.10764
5.09991
4.98342
4.47025
4.12103
inf
4.27582
4.40112
4.71789
4.29947
4.46422
4.72548
4.31319
4.5101
5.17448
4.11063
4.10309
4.39862
4.58931
4.39476
5.3311
4.09448
4.49894
4.48472
4.39615
5.3776
4.25559
4.93276
4.92528
4.46913
4.40931
4.28059
4.5513
4.54548
4.48085
4.40927
4.64464
4.72526
4.36695
4.64077
4.94419
4.69681
4.54428
4.46114
4.6044
4.74681
4.4572
4.71432
4.69639
4.4639
4.33134
