4.58312
4.56904
4.64373
4.57302
4.70328
4.53253
4.62324
4.47648
4.55817
4.48036
4.95913
4.60794
4.37093
4.97739
4.71518
4.24048
4.07573
4.35085
4.59275
4.32511
4.75545
4.28547
4.24199
4.22323
4.54338
4.51438
5.03648
4.17255
4.47813
5.05329
4.32509
4.3199
4.40767
4.34053
4.68268
5.33251
4.62041
4.61595
4.4637
4.59079
5.28834
4.29394
5.32612
4.56457
4.78668
5.23793
5.21502
5.27915
4.28471
5.15192
5.31263
4.72383
4.17116
4.0649
4.5135
inf
4.65084
4.3143
5.15567
4.6275
4.97686
inf
4.25489
4.42093
5.10779
4.38276
4.6641
4.60285
5.07062
4.97127
5.0059
4.22936
4.56227
5.03944
4.34171
4.38718
inf
4.54008
inf
4.61417
inf
5.02467
4.15246
4.17679
4.94847
5.07027
4.98926
4.93137
inf
3.90151
4.32069
4.32191
4.55843
4.93061
inf
4.3467
4.29376
inf
4.52715
4.54685
4.02336
4.87761
inf
4.32822
inf
4.5376
4.28124
inf
4.13431
4.88819
4.90753
inf
inf
4.51786
4.85719
4.30706
4.6106
4.56377
4.51473
4.861
4.52271
4.92081
4.28829
4.56012
4.31044
4.45715
4.96565
4.26704
4.98074
4.91436
4.25592
inf
4.98925
4.95593
4.97772
4.87453
4.51669
4.36479
4.60004
4.51907
inf
4.12975
4.92532
3.90829
4.11445
4.97887
4.94436
4.52264
4.57292
inf
4.57351
4.97246
4.52747
4.57125
3.85775
4.34024
4.61563
4.38555
4.62128
4.2092
4.38922
4.10703
4.606
5.01139
5.00428
4.36751
5.13348
4.40963
4.99762
4.4028
4.40112
5.07555
5.08179
4.4406
4.24007
inf
4.44511
4.47424
4.68221
5.20637
3.96039
4.19819
4.20437
4.51116
5.17342
inf
4.47168
4.82154
4.55705
4.16781
4.60543
4.60793
4.84989
4.42933
inf
4.37988
4.92815
4.55222
4.51426
4.51217
4.75329
4.52278
4.71776
4.41751
inf
4.36385
5.31556
4.35186
5.24223
4.41354
4.59367
5.19064
4.55984
4.37313
5.29206
4.72657
inf
4.48409
4.6263
5.12713
4.68461
4.30752
3.96765
4.70303
inf
5.08673
4.70602
4.61601
5.10541
4.42102
4.58555
4.18287
4.66415
4.69072
4.97569
5.0162
4.65143
4.65392
5.09321
4.3987
4.38673
4.35872
5.05821
4.37249
4.66621
inf
4.59667
4.98931
4.64955
4.97346
5.02879
4.00199
4.92812
4.55219
4.98593
inf
4.47049
4.60726
4.58759
inf
inf
5.04463
4.16999
4.45194
4.31075
4.57032
4.9725
4.52616
5.0205
4.56155
inf
4.90425
5.09338
4.26017
4.12246
4.96202
4.56033
inf
4.5115
4.32539
4.6106
4.98836
4.54434
4.29374
4.30199
4.95094
3.8963
4.93841
inf
4.91964
4.5469
4.9687
4.18653
4.55653
4.53062
3.99904
4.57575
4.07262
4.55852
4.25363
4.91352
inf
4.64462
inf
3.8479
4.55565
4.28722
4.53703
5.07431
4.46634
4.90806
4.29247
4.5019
4.29826
5.02434
4.35191
4.27767
4.29468
3.91048
4.94992
4.96304
inf
4.19789
4.61554
4.60233
inf
4.11251
4.34292
4.93041
4.35061
inf
5.07317
4.56603
4.35245
4.14941
4.58493
4.37873
4.41581
4.35615
inf
inf
inf
inf
4.12649
4.35552
4.46562
4.6793
inf
5.09309
4.50794
5.2235
4.71531
5.15515
4.75146
4.68377
4.5103
4.71545
4.74997
4.76154
4.51621
4.80692
4.21533
5.18409
4.82633
4.48901
4.04046
4.57664
inf
4.43774
5.17162
5.26023
4.20976
4.47771
4.11452
4.96572
4.35509
4.44557
4.74953
4.97201
4.86711
4.69467
5.21786
4.68929
4.62342
4.51016
4.79952
4.61409
4.74567
4.66627
4.71329
4.93594
4.38574
4.64288
4.31262
4.52883
4.45762
4.70138
4.27954
4.35597
4.34654
