4.54149
4.71403
4.7416
4.6652
4.69271
5.07439
4.85303
5.16205
4.66406
5.34463
4.72965
4.40003
4.66974
4.78031
4.53915
4.55368
4.41431
4.97908
4.78648
4.6122
5.58432
5.13191
5.09229
4.82337
4.28399
4.83542
5.52497
4.81054
4.75563
4.39783
5.3709
4.70427
4.91548
4.44219
4.61048
inf
4.57605
4.41061
4.82096
5.2278
4.36897
5.31208
4.8262
4.72679
inf
5.10156
4.42978
4.50783
5.10108
4.73729
4.64532
4.6338
4.72691
4.17487
5.13031
4.68624
4.69588
4.66628
4.3921
4.37077
5.05116
inf
4.68305
4.3866
5.05378
4.41607
4.59456
5.10813
4.61615
4.37528
4.44188
inf
5.011
4.64993
inf
4.68528
4.37813
inf
4.35413
5.13334
inf
4.90631
4.13238
4.99892
4.37011
5.00033
4.92799
4.51031
4.97603
4.87906
4.32687
4.91293
4.53261
inf
inf
5.02393
4.50667
inf
4.95627
4.49932
inf
4.91662
4.28647
4.92357
inf
4.97023
4.89143
4.94658
inf
4.87741
4.52526
inf
4.5932
5.06768
inf
4.51133
4.90135
4.58509
4.53961
3.87186
4.47216
4.96965
inf
4.97235
4.31175
4.53579
inf
4.30328
4.56515
inf
inf
4.85467
4.57775
4.95687
inf
inf
4.26518
4.55145
4.9284
inf
inf
4.60442
4.97974
3.8211
4.17421
5.01901
4.59642
4.53157
4.93071
5.07075
4.3142
inf
4.18424
5.04354
inf
4.16489
4.98622
inf
4.18748
5.00217
4.37101
4.34621
5.11939
4.23177
4.58464
4.25555
4.62372
4.34595
4.54535
4.27867
4.37526
4.44258
5.16699
4.61441
4.41192
4.65569
5.106
4.04722
5.08816
4.71555
4.805
4.67535
4.1641
4.73138
4.20823
5.13503
4.21434
4.22428
5.04563
4.57723
4.56682
5.20191
4.43674
5.25019
4.6531
4.64408
4.9226
5.39651
4.77607
4.91592
5.61022
4.55315
4.3171
4.6828
4.9492
4.61799
4.80198
4.88768
4.57364
4.16918
4.7744
4.55044
5.19043
4.29203
4.70206
inf
inf
5.07983
4.75317
4.72306
inf
5.0834
inf
4.72334
inf
4.21699
4.24863
4.44964
4.6496
5.11204
4.15621
5.00832
5.0541
4.96247
4.81923
4.1803
inf
5.08069
4.51894
4.54948
4.29861
inf
4.87461
inf
4.35772
4.90302
4.83487
4.83838
4.49423
4.58992
5.04692
4.95218
4.95101
4.98531
4.29463
inf
4.8232
inf
4.51341
4.48773
4.2956
4.91728
4.9214
inf
4.25501
4.51494
4.92128
inf
inf
4.95288
inf
4.2778
4.91704
4.41871
inf
4.79722
inf
4.46595
inf
inf
4.82081
4.92245
inf
4.8625
4.4429
inf
4.98207
4.95346
4.26598
4.82608
inf
4.8203
inf
4.50282
4.20812
inf
inf
4.57486
inf
inf
inf
4.28917
inf
4.91538
4.28414
inf
4.07526
4.9417
inf
4.92462
inf
4.46344
4.46284
inf
4.93758
inf
inf
inf
4.48112
4.46433
4.29423
inf
4.85795
inf
inf
4.8461
inf
4.93374
inf
inf
4.89475
4.97712
4.61972
inf
4.12872
4.96726
4.369
4.63731
5.08543
inf
inf
inf
5.10261
4.69056
4.62477
4.26725
5.11221
4.67225
4.44155
5.15939
5.07858
inf
5.12263
4.66883
5.19673
4.79328
4.52228
4.71119
4.59843
4.82021
inf
4.29366
5.30167
4.63798
4.85561
4.87344
4.31778
inf
5.38975
4.55955
5.44833
4.56667
4.59365
5.03192
5.36316
4.32697
4.40455
4.83191
4.88633
5.17392
4.97599
4.78541
4.50225
4.81206
4.78637
4.5747
4.56246
4.94225
4.93988
4.69101
4.74959
4.42128
4.53893
4.48954
4.60478
4.365
4.60116
4.49763
4.46178
4.43471
