4.52168
4.53906
4.63018
4.75103
4.51261
4.52682
4.78966
4.73753
4.76328
4.92692
4.77976
4.77052
5.0363
4.64088
4.33722
4.41744
4.86911
5.23684
4.69856
4.53389
4.53232
5.53378
5.07742
5.57548
5.07867
4.31459
4.8137
4.37255
4.99572
4.24087
4.67524
4.73713
5.00124
5.35619
4.91027
4.65853
4.67511
4.50197
4.88633
inf
5.15814
inf
4.81825
inf
5.22804
inf
5.16449
4.53927
4.5032
4.79581
5.23067
4.68875
4.72063
4.60385
4.67892
4.64521
5.10256
4.98378
4.61008
5.13146
5.11407
4.24567
5.10181
4.40436
4.20371
3.77038
4.43027
4.62695
inf
4.5428
4.15605
4.63105
4.88924
4.56819
5.09912
4.18294
4.57718
4.56571
inf
inf
4.35858
5.04729
4.99628
4.55223
4.52246
4.93181
4.5522
4.29732
5.06315
4.98312
4.86351
4.9302
inf
inf
4.28106
4.44968
4.4101
4.47987
4.62106
4.94503
4.08435
4.4665
4.11743
4.87048
4.23398
4.93639
inf
inf
4.28094
4.14202
4.45831
4.25056
4.23213
inf
inf
4.46298
4.25808
4.92755
4.50856
4.09341
4.49958
inf
4.23864
inf
4.87217
4.31592
inf
inf
4.88255
inf
inf
4.88077
4.89067
4.25227
4.50275
4.26655
4.88192
4.56507
4.52967
4.29964
4.50595
4.888
4.5836
inf
4.58063
4.93369
4.50283
inf
inf
4.48945
inf
4.51489
inf
5.02951
4.32872
4.26608
4.31152
4.87713
inf
4.55661
4.28554
4.32329
5.03186
5.02371
5.0133
5.03006
5.00758
4.59309
4.5603
4.55175
4.60682
4.35104
5.04941
4.59883
5.00218
4.37018
5.03345
4.26712
4.41327
inf
4.24603
5.0336
5.06152
inf
4.73611
4.31313
4.52105
5.11202
4.74662
4.52085
4.39944
4.42295
4.59872
4.16595
4.86095
4.86992
4.67364
4.90188
4.32597
4.72983
4.32661
4.32941
4.48468
4.36511
4.84386
5.28537
4.84178
4.35141
4.41506
5.14917
5.22552
5.17576
inf
5.17145
4.74726
5.05491
4.71832
5.17038
4.2853
4.40376
inf
5.09973
4.63083
5.04002
4.64713
4.64075
4.98844
4.40442
5.06603
4.22666
4.5895
4.38118
4.17188
4.61298
inf
inf
4.97301
4.54972
4.99929
4.31432
4.97653
4.52103
5.03547
inf
4.52356
4.54447
4.91591
4.54757
4.26078
4.84205
4.30295
4.93728
4.91003
4.99814
4.46074
4.50368
4.90266
4.89012
inf
inf
4.91747
inf
4.24084
4.11185
4.30589
4.50208
4.09422
4.55138
4.4997
4.46867
4.84377
4.49397
4.92455
4.46642
4.26418
4.52237
inf
4.91562
4.50906
inf
inf
4.88451
4.26242
4.89134
4.46358
4.50102
4.41865
4.93513
4.93467
4.92598
4.2446
4.96849
4.49759
4.23465
4.89145
4.94805
4.93576
inf
inf
4.55114
4.54268
4.5046
4.89262
4.48153
inf
4.92629
4.9045
4.50347
inf
inf
4.49402
4.95079
4.52366
4.57753
4.89532
inf
4.31985
4.92503
4.57235
4.9984
4.99004
5.05176
4.48874
4.6334
5.06042
4.52369
4.33351
5.03408
inf
4.31844
5.01478
inf
5.04886
4.60024
4.94643
5.0484
4.61688
5.02777
inf
4.57238
4.2578
4.41428
5.09406
4.70316
4.5223
4.47514
4.70838
5.10264
inf
5.11348
4.30308
4.15281
4.50677
5.16869
inf
5.17774
5.2078
5.2115
5.14682
4.35151
inf
4.51504
5.09675
5.16729
4.87817
4.65282
inf
4.4754
4.88583
4.7125
5.33832
4.53629
4.75333
5.02863
4.3962
4.48915
4.81605
4.33162
4.57691
4.37722
5.21963
4.77358
4.64195
4.70086
4.87212
4.60942
4.52994
4.36074
4.6895
4.64939
4.60903
4.59722
4.3995
4.4977
4.44145
4.51077
4.51404
4.58087
4.49287
4.45557
