4.5175
4.45191
4.61556
4.79043
4.46068
4.81469
4.85829
4.68735
4.94101
4.63405
4.56131
4.35328
4.76172
4.93829
4.76456
5.29888
4.65945
4.99615
4.84299
4.9914
4.53318
4.67107
4.82529
5.44813
4.85318
5.43613
inf
5.39518
5.30667
5.0136
4.55074
4.25353
4.94889
4.66846
inf
inf
4.81551
4.42645
5.31043
4.41135
4.54682
4.54559
4.52321
4.75487
4.51045
4.72814
inf
inf
5.08261
inf
inf
5.07107
4.66267
5.06091
5.10247
5.05601
4.26585
4.73743
inf
inf
inf
inf
4.36482
4.63332
5.01043
5.02378
inf
4.98965
4.99833
inf
4.54378
inf
4.54016
inf
inf
4.93942
4.53665
4.56369
4.98141
inf
4.51034
4.30175
inf
4.13486
4.96784
inf
inf
inf
inf
4.21624
4.94098
4.88929
inf
inf
4.8992
4.84873
inf
inf
inf
4.87058
inf
4.91041
inf
4.45546
inf
4.48684
4.90272
4.87721
4.86387
inf
inf
4.87513
4.81799
inf
inf
inf
4.41913
4.80995
inf
4.87196
inf
inf
4.85335
4.80263
4.41748
inf
4.81001
inf
inf
inf
4.79512
inf
inf
inf
inf
inf
4.84095
inf
inf
inf
4.80967
inf
4.88181
4.8851
4.46098
4.91484
4.90161
4.4198
4.87085
4.8147
inf
4.9079
inf
inf
inf
inf
inf
inf
inf
inf
inf
4.28311
inf
4.45731
4.97798
4.99659
inf
4.50084
4.92193
inf
4.4545
4.91531
4.91934
inf
4.92416
4.13169
5.08851
4.99379
4.99457
4.98259
inf
4.33224
5.0194
5.03726
inf
inf
4.96891
5.05231
4.62611
5.10745
4.68798
inf
4.7403
4.50726
4.50822
5.11621
4.87428
inf
4.60935
inf
5.02434
inf
5.24869
4.76896
4.77904
inf
5.0842
inf
5.05752
inf
inf
5.02701
inf
5.06165
inf
inf
inf
inf
4.86875
4.30147
inf
inf
4.88365
4.49959
4.99744
4.24616
4.89812
4.90259
inf
inf
4.85466
4.88727
4.42099
inf
inf
inf
inf
inf
4.85767
4.87684
4.42379
inf
inf
inf
4.91999
inf
inf
inf
inf
inf
inf
4.3449
4.82384
inf
inf
inf
inf
4.87268
4.35829
4.84045
4.7737
inf
4.90501
4.40121
4.7663
4.71925
inf
inf
4.19076
4.92559
4.89318
inf
inf
inf
inf
inf
4.36496
4.71495
inf
inf
4.70189
4.68483
4.84335
4.76097
inf
4.11689
inf
4.82159
4.70491
4.84534
4.4487
4.69618
inf
inf
inf
inf
4.82233
4.76469
inf
inf
4.7529
4.78978
inf
inf
inf
4.90406
4.89705
4.72432
inf
4.78606
inf
inf
inf
inf
4.81442
inf
4.45697
4.43506
inf
inf
inf
4.94376
4.85764
inf
inf
inf
4.80447
4.83458
inf
4.85385
4.91366
4.52273
4.52642
4.47876
4.96228
inf
inf
inf
4.98393
4.61306
inf
5.0759
inf
inf
inf
inf
4.65943
inf
4.61496
4.98956
5.06187
4.65888
4.66492
inf
5.04309
inf
4.71847
5.0969
5.13735
inf
inf
5.13463
5.1677
inf
4.87543
5.29308
5.23673
inf
5.33153
4.46829
inf
inf
4.40671
4.95445
4.96377
5.361
inf
4.6603
5.01272
5.1331
5.14756
4.6092
5.64195
4.69445
5.04717
5.03183
5.1244
4.85962
4.68536
4.97613
5.11423
4.60497
5.03022
4.72193
4.81635
4.68466
4.71209
4.70599
4.55132
4.50572
