3.39545
3.42523
3.41265
3.43771
3.41831
3.39187
3.43803
3.36812
3.47402
3.39242
3.35444
3.437
3.48522
3.50822
3.41412
3.39414
3.38245
3.46644
3.3498
3.49266
3.4644
3.46442
3.37863
3.51653
3.57652
3.52725
3.56587
3.36094
3.43733
3.55491
3.49515
3.39395
3.45681
3.35327
3.34053
3.39095
3.37859
3.33698
3.45244
3.43724
3.19768
3.36483
3.5863
3.43539
3.42036
3.3443
3.50407
3.30017
3.4782
3.60125
3.48035
3.60262
3.50813
3.46892
3.43484
3.46492
3.5928
3.31057
3.31715
3.58166
3.34341
3.29472
3.48036
3.4261
3.45445
3.23627
3.37806
3.39917
3.50986
3.37287
3.59903
3.67619
3.23456
3.38051
3.43291
3.34927
3.15323
3.37885
3.31225
3.56193
3.54043
3.23635
3.41806
3.42004
3.42649
3.61761
3.21399
3.36347
3.47895
3.6044
3.22555
3.4425
3.44467
3.30516
3.39407
3.20965
3.5326
3.41092
3.31706
3.50115
3.64749
3.25716
3.26203
3.30981
3.30572
3.57723
3.70289
3.38433
3.3904
3.3386
3.42151
3.25097
3.51565
3.35602
3.36235
3.57624
3.33712
3.48987
3.56497
3.45749
3.36061
3.33137
3.48474
3.43047
3.39463
3.48178
3.35023
3.37401
3.47232
3.59217
3.73179
3.77779
3.39807
3.58092
3.56104
3.34305
3.91173
3.61955
3.36347
3.47788
3.43882
3.15725
3.44329
3.42179
3.53254
3.46202
3.39997
3.42906
3.26813
3.91627
3.46979
3.49431
3.54818
3.59541
3.40665
3.38487
3.37675
3.2582
3.48297
3.34482
3.40892
3.36479
3.32819
3.3974
3.29996
3.21436
3.30467
3.53404
3.29226
3.48959
3.28314
3.46826
3.49506
3.381
3.47355
3.30113
3.53509
3.29877
3.15212
3.4539
3.25634
3.28272
3.22417
3.3115
3.51965
3.32538
3.23937
3.49068
3.67804
3.44494
3.13556
3.36299
3.60273
3.28126
3.63583
3.4634
3.46246
3.31891
3.48745
3.41473
3.37202
3.32244
3.2532
3.39594
3.31548
3.28801
3.43186
3.11422
3.35439
3.20738
3.36446
3.67206
3.33507
3.54185
3.4312
3.64405
3.44439
3.28359
3.46116
3.34368
3.38824
3.23338
3.33894
3.52628
3.33939
3.41534
3.17754
3.63626
3.55678
3.37487
3.4864
3.49569
3.56336
3.369
3.21623
3.29424
3.34166
3.27091
3.40463
3.22214
3.39922
3.5961
3.60869
3.34421
3.25026
3.32856
3.47364
2.90296
3.22084
3.56986
3.41806
3.25308
3.3819
3.41867
3.28481
3.364
3.08551
3.63416
3.37457
3.28983
3.3373
3.25966
3.3603
3.22986
3.1416
3.81897
3.1472
3.27729
3.23417
3.22504
3.19765
3.16143
3.54189
3.46097
3.35026
3.62554
3.14898
3.47697
3.08655
3.32802
3.70088
3.74224
3.40069
3.0064
3.31414
3.11678
3.46012
3.19183
3.69633
3.37877
3.31409
3.43143
3.57391
3.07026
3.37971
3.34796
3.29093
3.37952
3.32902
3.19748
3.5261
3.362
3.70863
3.25226
3.34649
3.18606
3.50906
3.29007
3.27756
3.31246
3.31625
3.23831
3.76211
3.07387
3.51065
3.61412
3.09289
3.33505
3.03111
3.2076
3.27948
3.74297
3.19918
3.59636
3.26991
3.30887
3.60922
3.61727
3.5319
3.40997
3.33473
3.40355
3.09072
3.3396
3.44998
3.03263
3.24227
3.26777
3.42918
3.57897
3.38791
3.34907
3.7246
3.51256
3.41708
3.43917
3.26592
3.18685
3.26116
3.53154
3.46325
3.18866
3.34194
3.64087
3.45635
3.30837
3.40523
3.50834
3.42695
3.22393
3.54838
3.40361
3.49982
3.32364
3.15726
3.36379
3.29277
3.54525
3.14827
3.1754
3.32474
3.31274
3.28575
3.44532
3.42589
3.25423
3.47437
3.39537
3.29369
3.18689
3.34724
3.28375
3.22209
3.47634
3.21151
3.1539
3.1182
3.43485
3.26654
3.32011
3.31066
3.18811
3.30738
3.31435
3.3315
3.2864
3.25675
3.31866
3.23794
3.29851
