4.22785
4.22417
4.13015
4.18574
4.10808
4.21292
4.29598
4.22534
3.98974
4.1992
4.25266
4.13748
4.13348
4.30459
4.50467
4.52072
4.62429
4.40611
4.21128
4.51496
4.20404
4.44294
4.68654
4.24801
3.99033
4.2034
4.28054
4.2101
3.84378
4.30752
4.07662
4.33685
3.98514
4.17708
4.03469
4.11564
4.89219
4.84963
4.17303
4.05709
4.79936
3.95475
4.05663
4.14627
4.78033
4.71778
4.21327
4.34185
4.49428
4.31128
4.30478
4.10241
4.17343
3.88363
4.33759
4.30871
4.75709
4.28727
4.66474
4.30688
4.14582
4.00905
4.12067
4.42254
4.30658
4.0856
3.82079
4.61854
3.71261
3.98707
3.9592
4.04268
4.35807
4.36787
4.10733
3.99184
4.57427
4.63612
4.58223
4.4978
4.07135
4.34578
4.01306
3.96142
3.92794
3.75551
3.80753
3.75135
4.00702
3.99829
4.12861
4.14486
4.46556
4.14781
3.87421
3.90267
3.93426
4.00184
4.03252
4.54904
4.32186
4.00036
4.47046
4.57942
3.98443
3.98069
4.18321
4.2311
4.36245
4.46782
4.53425
3.94685
5.0315
3.72125
4.68106
4.29629
3.54403
4.30216
3.94087
4.33492
4.59867
3.91904
3.78391
4.25121
4.17143
4.48116
4.31995
3.83176
3.82033
4.15538
3.81421
3.96961
4.13839
4.35368
5.03636
4.13749
4.27947
5.03142
4.14885
3.89988
3.90471
3.99488
3.80488
3.79189
4.47316
4.32148
4.00857
4.10782
5.02357
4.14116
4.03922
3.97134
4.35523
4.14349
4.33037
4.65444
3.78171
5.01708
4.18735
3.76836
3.91231
3.94987
5.09617
4.98272
4.07233
5.06537
3.97252
4.62422
4.4457
3.60751
4.14011
3.78414
3.94165
4.21401
3.84541
4.42011
4.06824
5.06622
3.93637
4.22408
3.90891
3.99596
4.28606
3.9082
4.48509
4.23061
4.12439
4.19325
3.86498
3.86615
4.06751
4.79221
3.96699
3.82299
3.70009
4.16352
3.91313
4.22749
3.93622
3.78152
4.1031
3.93013
4.58618
4.63189
4.2952
4.08626
4.1304
4.0323
4.24394
4.20748
4.20859
4.35285
4.00808
4.1854
4.16461
4.44273
4.16177
4.49545
4.29345
4.1835
4.73472
3.94144
4.22119
3.9934
4.04938
4.26409
3.97043
4.00365
3.9692
3.73273
4.24443
4.07274
4.0441
3.86105
4.32577
3.95155
inf
3.94361
4.52374
3.78078
4.20951
4.34156
4.13422
4.3021
4.95281
3.98887
3.82563
3.87099
4.89841
4.20418
inf
4.32521
4.51244
4.51214
4.01058
4.57548
4.12849
4.12159
4.26489
4.47896
4.13616
inf
4.77194
4.13417
4.56178
3.81656
4.14063
4.10847
4.06807
inf
4.54323
4.84945
5.01225
3.6786
4.48238
4.23975
4.49885
4.11683
4.29608
3.79437
4.55321
3.95427
4.11929
3.75715
4.49603
3.84551
3.94117
3.93965
4.27248
4.92764
4.30043
4.49221
4.06812
3.96063
4.4744
4.02831
3.67264
3.76818
4.25472
4.29816
4.10515
4.50514
4.49134
3.66518
4.57238
4.11603
3.87362
4.01845
4.02475
4.24435
4.27021
4.10704
3.82887
3.76793
3.58921
3.76539
4.32582
4.00973
4.53196
3.93774
4.38312
3.88395
4.13166
4.34582
4.03247
3.96793
3.93523
3.84325
4.98147
4.44313
3.70866
3.92945
4.37737
5.04249
4.42084
4.20808
4.23863
3.76314
3.98927
4.65446
4.21383
4.6615
4.24789
3.89587
4.09391
4.4544
4.13967
4.30583
4.17014
3.80874
3.821
inf
4.18726
4.54736
4.0072
3.82227
4.09488
4.2232
4.12326
3.96911
4.004
3.80452
4.60589
4.29093
4.48111
3.69325
4.37843
4.22749
4.16151
3.96073
4.68854
4.21699
4.27488
4.18275
3.91644
4.28916
4.0386
4.0113
4.03392
3.90503
4.05065
4.05837
4.19193
4.17686
4.29797
4.09145
4.2821
4.13238
4.11891
4.2813
4.27659
4.22561
4.22632
4.16796
4.26384
4.27081
4.17903
4.4389
4.40456
4.41576
