4.23715
4.31363
4.36485
4.36112
4.3259
4.32681
4.21974
4.32227
4.31337
4.29456
4.91812
4.24016
4.22902
4.43285
4.40578
4.40964
4.28697
4.35298
4.54082
4.12095
4.34339
4.57823
4.09628
4.40268
4.32716
4.2066
4.63191
4.0406
4.45973
4.1939
4.34159
4.11744
4.6658
4.38748
4.60219
4.32584
4.59439
4.19445
4.07132
4.09775
4.89592
4.57615
4.58658
4.19364
4.33449
4.10894
4.06026
4.0867
4.16447
4.27359
4.41465
4.33334
4.18253
4.03439
4.47566
4.66495
4.08259
4.63006
4.24217
4.39606
4.6852
4.42149
4.08334
4.10607
inf
4.55377
4.13263
4.94179
3.79298
4.59015
4.35339
4.19296
4.20924
4.19202
4.54242
4.01982
4.56745
4.14799
4.97751
4.13933
4.56032
4.49235
4.35559
4.55568
5.00619
4.11366
4.1381
4.02105
4.57168
4.55139
3.96971
4.27499
4.61708
4.57572
5.03914
4.88404
4.31344
3.83732
4.09964
4.27223
4.51572
4.65992
4.11764
4.34077
inf
4.01299
4.30107
4.59091
4.15763
4.54497
inf
4.91542
inf
4.54871
4.09856
4.2809
4.27706
4.51011
4.90598
4.36016
5.00103
4.62773
4.50123
5.02406
4.15715
4.52175
4.04392
4.12118
4.0106
5.00539
inf
4.51875
inf
5.0865
4.62926
4.17146
4.94396
4.50729
4.57153
4.91303
4.30657
4.51066
4.29753
4.53554
5.00028
inf
4.3155
4.28309
4.01337
4.24126
4.00755
4.1959
4.05474
5.05789
4.28549
4.59613
4.626
4.20311
4.61547
inf
3.88229
4.43221
4.40865
4.4102
4.21939
4.38939
4.06544
4.04209
4.34503
4.41022
3.91232
4.39659
4.08141
4.44802
4.26781
4.23932
inf
4.73227
4.28305
4.32639
4.16659
3.95635
3.96625
4.48975
4.35568
4.11065
4.56402
4.54108
4.56837
4.77397
4.00822
4.20324
4.29628
4.42661
4.20486
4.13131
3.91535
4.13931
4.05961
4.39103
3.89407
4.24867
4.37152
4.29354
4.35156
3.88112
4.45678
4.45384
4.17849
4.28128
4.28588
4.50612
4.0361
4.32797
4.02106
4.20392
4.48177
4.5205
4.66356
4.4826
4.44609
4.31472
4.49049
inf
4.22398
4.31679
5.2908
4.10292
5.01672
4.64454
4.43619
4.47849
4.58833
3.95967
4.09119
4.99408
3.94443
4.07888
4.56304
4.19484
4.25968
5.06236
4.20282
4.17625
inf
4.04547
4.23567
4.0566
3.92088
inf
4.18593
4.00678
4.35508
4.62278
4.02598
4.65665
4.57243
4.19748
4.53288
4.33487
4.56168
4.10571
inf
4.34405
4.95826
4.26692
4.90078
3.88515
4.21031
4.01587
5.00631
4.51182
4.09746
4.30554
4.30938
4.36771
4.10992
inf
5.01437
4.03672
4.31205
4.5171
4.9001
3.71223
4.52289
4.34095
4.45175
inf
4.49016
4.29106
4.58836
5.03589
3.86135
3.99679
4.10093
4.10152
4.10143
4.07614
4.35281
4.2473
3.98222
4.30196
4.90198
4.49051
3.97927
4.25965
5.0251
3.99939
4.32283
3.6712
4.61423
4.31492
3.9986
4.95811
4.18053
4.9832
4.31595
4.50481
4.98019
4.33493
4.1506
4.3337
4.36678
4.57092
3.70129
4.20768
4.56132
3.92565
5.05338
3.95791
4.6116
4.15544
4.18439
5.01703
4.63807
4.34969
4.60912
3.89981
4.2362
4.64395
4.93561
5.03048
4.36314
3.88383
4.03992
4.00794
4.69778
4.10074
4.28815
4.32232
4.49665
4.79763
4.5034
4.47115
4.20959
4.11348
4.23163
4.56665
4.22081
4.30246
4.17401
4.17555
4.54554
4.03778
4.18611
4.15469
4.14558
4.42354
4.39013
4.55351
4.30981
3.9273
4.15822
4.18459
4.26711
5.40082
5.10341
4.1949
3.96812
3.82868
4.26969
4.18063
4.20966
5.00465
4.44644
4.24921
4.45698
4.46779
4.30909
4.19116
4.54981
4.64079
4.39743
4.43802
4.40451
4.46949
4.52356
4.40029
4.30748
4.29884
