4.3792
4.27852
4.36092
4.41158
4.43399
4.42215
4.50284
4.40833
4.49982
4.33805
4.39944
4.91314
4.28041
4.88401
4.74813
4.30691
4.71085
4.70164
4.77198
4.45109
4.58408
4.68879
4.33443
4.3138
4.49023
4.59982
4.5436
4.09328
4.28892
4.20659
5.34485
4.60432
4.89385
4.65991
4.27012
4.77362
4.54186
4.59263
4.32088
4.55543
5.20335
5.16474
5.21848
4.35094
4.49908
inf
4.03253
4.63364
5.25138
5.17007
4.65464
4.63163
4.43474
4.64344
4.39322
4.36194
4.68467
4.37967
4.63369
5.05007
4.56038
5.02569
4.5407
4.1997
4.34955
4.17439
inf
4.93091
4.27472
4.54539
4.95554
4.43206
4.96435
inf
inf
4.8511
4.47827
4.46063
4.09979
4.23918
4.83742
4.44924
3.81445
4.44943
inf
4.88386
4.79559
4.86347
4.29055
inf
4.44088
4.24037
4.91496
4.8849
4.42088
4.82125
4.36281
4.43322
inf
4.83667
4.42598
4.34596
4.80555
4.38809
4.36191
4.47971
4.80116
inf
inf
4.01967
4.74654
4.40535
4.00305
4.35341
inf
inf
4.84037
4.90919
inf
4.37485
inf
4.73554
4.37772
4.33068
4.16209
4.84042
4.83158
4.7005
4.36796
inf
4.88642
4.8951
4.38283
4.8378
4.1192
inf
4.37494
4.2026
4.82417
4.73436
4.94127
4.75921
4.74963
3.97847
4.75873
4.76215
inf
4.40723
inf
4.83279
4.94009
4.46823
3.98121
4.78991
inf
inf
4.8961
4.38758
inf
4.15343
4.8273
inf
inf
4.86943
inf
4.82389
4.4665
inf
4.50786
4.48149
4.03066
4.47794
4.8879
inf
4.84655
4.21804
inf
inf
inf
4.51062
inf
4.30954
4.85609
4.12324
4.55239
4.5784
4.48647
4.60156
4.53282
inf
4.35554
5.03008
inf
4.64287
5.0795
5.06757
inf
5.1761
4.7942
4.80619
4.91316
4.37295
5.19868
inf
4.6013
5.07024
inf
inf
4.07524
4.40553
4.3786
4.54915
4.99243
4.96663
inf
4.26142
4.86441
inf
4.56792
4.86126
4.50224
4.86638
4.12289
4.51384
4.24857
4.90548
4.06777
inf
4.897
5.00747
4.95945
inf
inf
4.50102
inf
4.43166
4.53303
inf
3.88658
4.42813
4.87635
inf
inf
inf
inf
inf
4.77498
inf
4.41406
4.84435
4.39474
4.36634
4.45627
4.77468
4.48097
4.91551
4.77138
4.93047
4.78833
4.39957
4.14591
4.75223
4.45331
4.85032
4.73781
4.81421
4.15709
4.8903
4.36221
inf
4.84588
4.11767
3.98566
4.74054
4.41229
4.91885
4.42621
4.88526
inf
4.79487
4.43792
4.742
4.83127
inf
inf
inf
4.02597
inf
4.76862
4.22578
inf
4.90417
4.77435
4.0317
4.41287
4.43503
4.18785
4.78522
inf
4.88677
inf
inf
4.24688
inf
4.26128
4.42049
4.44807
inf
4.11377
4.86819
4.49685
4.43166
4.30712
inf
4.30438
inf
4.9364
4.53792
4.53221
inf
4.8407
4.30071
4.53332
5.04724
4.99432
inf
5.00458
4.1524
4.15671
inf
4.15328
inf
4.54203
4.05704
4.6934
4.3866
4.59021
4.02417
4.56833
4.1935
4.64515
4.21413
4.4007
4.70047
4.24149
4.65368
5.09674
inf
4.75121
5.08234
5.03883
inf
4.74514
4.46377
4.50616
4.73493
4.22732
4.79902
4.1641
4.26322
4.31877
4.25017
5.25355
4.58486
4.48609
4.78425
4.38185
4.89951
4.08363
4.16762
4.93496
4.62714
4.60523
4.34685
4.61879
4.42645
4.48742
4.16297
4.33083
4.33173
4.39177
4.68341
4.57953
4.10923
4.50734
4.22375
4.43756
4.43076
4.79397
4.38443
4.35674
4.17225
4.33343
4.17889
4.29912
4.31379
4.44467
4.23955
4.3427
4.29218
