4.15843
4.23531
4.21707
4.3255
4.27892
4.36436
4.27753
4.25999
4.33042
4.15979
4.15685
4.24104
4.04496
4.3557
4.60783
4.08295
4.09773
4.16481
4.79148
4.17865
4.08858
4.31728
4.12463
4.38857
4.31612
4.60453
4.21385
3.84294
4.13943
4.3887
4.3816
4.30721
3.99587
4.12282
4.83862
4.30896
4.58384
4.18464
4.50581
4.5519
3.96985
4.1207
4.35447
4.29441
4.01123
3.97461
3.96476
3.99016
4.13928
4.26795
4.20351
5.17259
4.07218
4.63419
4.10344
4.10015
4.30212
4.22167
4.17532
3.91015
4.38075
4.19206
4.1002
4.17965
3.85903
5.06893
3.98586
3.93159
4.17772
3.8409
4.59853
4.98027
4.65092
3.90577
4.52947
4.51423
4.29414
4.01368
4.28134
3.94822
4.01475
4.55596
4.46394
3.97887
4.23348
3.96295
4.10028
inf
4.27009
4.23962
4.29708
4.50244
3.95032
3.95696
4.00655
4.9063
3.95547
4.24775
5.06826
3.96591
inf
4.07868
inf
4.24237
4.23992
4.0424
3.89962
4.90981
4.23887
3.95563
4.22118
4.45374
4.89262
3.60357
4.23439
4.05546
4.48359
inf
4.46935
4.05818
4.14437
4.21521
4.83297
5.00695
4.76083
4.5072
4.52029
4.82494
4.95554
4.49502
inf
4.90945
4.09
4.54638
4.42354
4.28776
3.76393
4.50031
4.06835
4.02163
4.11363
inf
4.1516
4.94111
3.94587
4.48707
4.52194
4.90269
4.29435
inf
4.26347
3.88893
inf
4.25899
4.01486
4.87524
4.43114
4.07791
4.30753
4.28131
inf
inf
4.14043
4.55326
3.94818
inf
4.55977
inf
4.35707
4.30184
4.40446
4.05025
4.34321
5.05677
4.61456
4.60552
4.63413
4.6798
3.99385
4.38271
4.40457
4.04354
5.09957
4.21899
5.00973
4.71619
4.71466
4.72025
4.69075
4.31034
4.32976
4.53285
4.10906
4.39719
4.2926
4.00721
4.44528
4.33991
4.53488
3.99223
4.63824
4.71154
4.33889
4.87704
4.07592
4.75888
4.79497
4.41381
3.94703
4.1907
4.0242
4.16745
4.44936
4.1377
4.07364
4.42513
4.66907
4.245
3.90996
5.06153
4.31364
4.38083
4.08032
4.4289
4.61232
3.94654
inf
4.18396
4.57876
4.36019
4.65154
4.63176
3.77118
4.17697
4.157
4.48286
4.33052
3.91337
4.1367
4.5383
4.02505
4.11594
4.97316
4.0968
4.31872
4.95763
4.53278
4.50781
4.50306
4.08276
4.15551
4.55823
4.25783
4.14368
4.08074
4.85981
4.08725
4.45846
3.87224
4.08959
4.24189
4.20919
3.95444
4.06059
4.28128
4.42407
4.23475
3.75487
4.90373
4.45896
4.51081
inf
4.89749
inf
4.943
3.66838
3.82098
4.30392
4.24345
4.40857
3.94719
4.05226
inf
4.2081
4.19995
4.41757
4.45275
4.11893
4.10538
4.49229
4.43345
4.23548
4.24584
4.84965
inf
4.04371
3.73507
3.73892
4.78189
4.06859
4.51295
4.48879
4.05552
4.8298
4.86854
3.94044
3.83266
4.12692
4.89926
4.27944
4.55613
inf
4.41943
4.0741
inf
4.09088
3.73413
4.09082
3.83965
4.10239
3.98821
4.45396
3.87953
4.06275
4.52595
4.4478
3.5985
4.94595
4.10839
4.50374
4.5563
4.15864
4.16756
4.02405
4.19146
4.2815
4.15545
inf
4.598
4.36698
4.38742
4.22073
inf
4.26858
4.68086
5.0809
4.38329
5.0348
4.28233
4.23753
4.13071
4.01752
3.95602
4.50287
4.12746
4.46659
4.32281
4.49495
3.921
4.12511
4.37111
3.9557
4.19026
3.77907
4.20508
3.72414
4.5938
4.33704
4.37382
4.2698
5.37858
4.6848
4.25761
4.42375
4.33306
4.34251
4.15417
4.03734
4.52002
4.6554
4.58163
4.03723
4.47532
3.93305
4.31156
4.35044
4.32226
4.20182
4.61446
3.99766
4.47224
4.33477
4.56963
4.43009
4.40294
4.40652
4.28737
4.33519
4.35533
4.32485
