 8499.604954
 10161.151564
 9033.042647
 7546.715783
 9274.413249
 968.364217
 799.221153
 573.813481
 793.071684
 1043.186225
 871.615838
 1003.436689
 664.012774
 853.703521
 673.155271
 2363.839481
 1983.843012
 1466.785827
 1979.723717
 2417.638403
 2622.203103
 2216.771963
 2485.972066
 2038.425876
 2603.489743
 1654.127171
 2123.242535
 1479.234510
 2154.373765
 1698.653208
 1675.580347
 1982.318452
 2435.794889
 2063.013465
 1695.025555
 3826.439777
 3270.779433
 2536.085897
 3312.573592
 3978.991853
 4368.436670
 3622.108556
 4062.526291
 3428.238932
 4289.107765
 2803.211243
 3536.108343
 2685.886360
 3602.739268
 2876.998583
 2905.861343
 3281.119451
 3906.910794
 3405.265573
 2871.830444
 6707.529233
 9158.041760
 8013.879921
 7678.753300
 6457.086101
 6499.637953
 671.265521
 577.723879
 608.707504
 520.098614
 369.538978
 895.811810
 842.469469
 680.786359
 763.647143
 692.742665
 539.604092
 562.714022
 493.147710
 497.056023
 355.773427
 1697.959975
 1475.655880
 1544.775907
 1340.940440
 983.143432
 1759.811171
 2359.798841
 2177.655744
 1795.250916
 1995.674663
 1495.202720
 2264.284218
 1791.157777
 1373.990619
 1469.006267
 1521.917564
 2119.921563
 1741.473998
 1280.158533
 1244.735780
 1297.319462
 1694.200942
 1403.806753
 1255.146024
 942.962935
 956.579661
 1870.147320
 1427.360596
 1260.047662
 938.373429
 2922.462770
 2550.183616
 2606.553075
 2324.152975
 1773.472677
 3003.528571
 4060.658613
 3665.951348
 3036.052387
 3362.588499
 2567.514440
 3828.116666
 2992.721817
 2310.984051
 2486.603224
 2436.865930
 3422.206838
 2842.649358
 2121.039017
 2104.802264
 2156.254025
 2886.357914
 2399.888233
 2192.324961
 1713.889983
 1756.658133
 3132.781061
 2460.079029
 2264.316894
 1705.577795
 1712.433019
 1639.280453
 1700.095890
 1774.897554
 1683.163348
 829.527153
 840.165402
 756.039126
 817.657429
 818.630599
 849.860407
 829.611930
 793.920806
 851.076081
 828.590840
 348.251033
 356.506654
 378.658477
 359.516779
 342.171299
 355.058479
 348.198612
 369.479483
 360.110574
 375.252882
 1751.992271
 1615.157469
 1661.608924
 1685.386228
 1753.837222
 1773.458916
 687.182909
 665.399197
 686.145402
 659.617230
 519.677790
 660.336328
 673.307713
 674.933465
 669.073740
 682.674194
 636.961868
 663.065460
 612.870015
 652.346608
 469.362569
 280.918666
 290.194518
 288.598160
 298.506834
 312.013624
 266.932439
 268.942638
 282.822268
 279.989921
 279.151128
 291.256878
 291.776827
 297.824239
 302.030563
 311.419739
