5.02984
5.22708
5.33153
5.32126
5.29207
5.42589
5.27904
5.41289
5.51721
5.50268
5.53487
5.56403
5.57231
5.6175
5.53655
5.46788
5.50954
5.50107
5.36457
5.36642
5.44217
5.6804
5.56694
5.54198
5.64823
5.66857
5.58625
5.82555
5.53525
5.56115
5.60978
5.5082
5.55017
5.72507
5.99003
5.51347
5.60637
5.59052
5.6939
5.58761
5.76083
5.40915
5.58845
5.58948
5.5431
5.88643
5.62536
5.70788
5.6552
6.08395
5.71742
5.98909
5.60193
5.60955
5.66811
5.92651
5.60396
5.80511
5.91269
5.49912
5.63624
5.67476
5.76
5.61792
5.50754
5.57825
5.69813
5.68452
5.68282
5.52754
5.63125
5.99597
5.61835
5.62016
5.55966
6.18756
6.18626
5.3704
6.15014
5.98165
5.56124
5.73682
5.85075
5.65046
5.72336
5.41492
5.96111
5.73713
5.97098
5.4135
5.63572
5.78307
5.54518
5.47585
5.69176
5.72704
5.96713
5.91313
5.77538
5.71113
5.47981
5.58812
5.60426
5.59288
5.56279
5.69628
6.02372
5.67816
5.55457
5.78054
5.48837
5.54496
5.45166
5.57732
5.50987
5.50038
5.73646
5.7522
5.92503
5.62401
5.42305
5.66557
5.73867
5.47277
5.91921
5.36346
5.95413
5.87918
5.57005
5.40707
5.84696
5.57302
5.57322
6.02978
5.72299
5.6627
5.82186
5.8422
5.88329
5.49939
5.72678
6.55011
5.33316
5.90335
5.92278
5.77804
5.88463
6.02651
5.82489
5.62906
6.28437
5.901
6.10391
5.65167
5.69065
5.77375
5.63028
6.03737
5.70927
5.88476
5.43981
5.5988
5.76766
5.59621
5.53204
5.88672
6.23787
5.97614
6.00172
5.62816
5.85556
5.58196
5.7649
5.43665
5.79706
5.88904
5.48127
5.86611
5.52899
5.99273
5.42429
5.56843
5.59465
5.68174
5.67334
5.83311
5.81983
5.65349
5.50341
6.10483
5.5027
5.80128
5.66589
5.78097
5.51992
5.59287
5.42236
5.55752
5.58548
5.79665
5.67985
5.55852
5.43159
5.48122
6.01055
5.5839
5.69667
5.47888
6.07841
5.75359
5.7821
5.4402
5.63022
5.70088
5.29747
6.24205
5.38201
5.59225
5.66306
5.69431
5.54348
6.45605
6.85901
5.52389
5.4719
6.24708
5.94369
6.17635
5.66138
6.41817
6.11023
5.8565
5.74174
5.55677
6.12347
5.80721
6.17034
5.66943
5.519
5.9214
6.24119
5.65486
5.7404
6.65744
5.48612
5.52664
inf
5.46405
5.4602
5.77035
6.05277
6.47413
5.57788
6.60529
6.16264
inf
6.32972
5.82966
5.70516
5.26119
5.69151
5.73767
6.06821
6.49013
inf
6.08041
5.28071
5.66641
inf
6.46287
5.53727
6.13227
5.79251
5.75746
5.38376
6.23942
5.70038
inf
5.97942
5.77584
inf
6.36609
5.643
5.5766
6.36244
5.66967
6.26297
5.92491
5.66743
5.52699
inf
inf
5.7867
5.13232
5.46808
inf
5.79473
6.02083
inf
inf
5.28937
inf
6.20422
6.19114
5.72219
inf
inf
5.77746
inf
5.8515
6.22422
6.17712
5.97413
5.20398
5.44387
5.77508
6.14829
5.79715
inf
inf
5.65928
inf
6.05692
inf
6.20324
6.22123
6.04994
6.13278
5.27748
inf
inf
inf
6.16726
6.02262
inf
inf
5.77071
6.08051
5.33696
5.77723
inf
inf
6.05824
5.71238
inf
5.7768
inf
5.49261
5.61247
inf
6.2235
inf
5.53306
inf
inf
6.02261
inf
6.21605
inf
5.39582
6.15843
inf
inf
6.24269
inf
inf
6.1691
inf
inf
6.26295
6.14703
5.83465
inf
6.35631
inf
6.37399
inf
6.28813
5.84561
6.23374
6.35901
inf
6.46277
inf
6.34845
6.40132
inf
6.42557
6.51004
6.56968
6.16253
6.56837
6.71035
6.33831
6.38966
inf
6.94391
inf
7.16429
6.5189
