6.51025
6.14088
6.07748
5.97089
5.94939
5.83292
5.8018
5.67967
5.63552
5.54094
5.67391
5.63995
5.3772
5.61373
5.48604
5.55659
5.34172
5.4638
5.59103
5.37157
5.39391
5.34626
5.50318
5.33116
5.23855
5.42891
5.48896
5.51659
5.35678
5.39973
5.4634
5.37643
5.44429
5.37544
5.38053
5.68859
5.29189
5.21587
5.23252
5.21367
5.33728
5.39377
5.57171
5.43252
5.28735
5.17922
5.65057
5.24632
5.41405
5.25404
5.37359
5.48704
5.62825
5.27194
5.12822
5.49655
5.44105
5.36913
5.44899
5.31926
5.23221
5.7054
5.40061
5.34676
5.234
5.54199
5.35522
5.36821
5.42438
5.63945
5.37164
5.56237
5.40141
5.69125
5.30727
5.33903
5.48205
5.69065
5.44317
5.69389
5.46189
5.26408
5.57094
5.42899
5.28921
5.26411
5.39159
5.33666
5.7684
5.55694
5.40778
5.58761
5.28142
5.55291
5.56486
5.3663
5.29594
5.33247
5.26542
5.52612
5.46968
5.43177
5.47319
5.6202
5.50612
5.38873
5.80938
5.68547
5.6561
5.63972
5.41392
5.62414
5.92507
5.29278
5.64926
5.19014
5.31743
5.23868
5.36239
5.24026
5.49629
5.49288
5.46764
5.32471
5.67119
5.57669
5.53991
5.5147
5.39501
5.67985
5.30092
5.43284
5.83728
5.53335
5.28275
5.67491
5.67888
5.87988
5.16369
5.43561
5.38788
5.55902
5.76679
5.44801
5.48942
5.63423
5.32295
5.16629
5.47605
5.57519
5.50722
5.66346
5.56929
5.36975
5.57461
5.1918
5.49414
5.4326
5.31865
5.28332
5.68183
5.77113
5.55267
5.78618
5.49924
5.62181
5.35638
5.46308
5.10634
5.59307
5.52759
5.3255
5.29996
5.21635
5.41361
5.21697
5.46732
5.80345
5.23058
5.69895
5.48629
5.34145
5.29672
5.35551
5.44915
5.7787
5.33056
5.63068
5.45328
5.63894
5.73113
5.34673
5.25516
5.57453
5.69912
5.52822
5.29153
5.49403
5.36409
5.51404
5.37733
5.55048
5.55546
5.49169
5.33795
5.42633
5.29859
5.7761
5.47304
5.34573
5.17197
5.49639
5.63575
5.55312
5.68077
5.52422
5.7218
5.34817
5.37286
5.60609
5.55591
5.56693
5.104
5.70457
5.32545
5.62288
5.2672
5.5726
5.4183
5.33715
5.57737
5.48917
5.30056
5.54536
5.48834
5.32131
5.95499
5.62412
5.54313
5.49047
5.43288
5.45158
5.68361
5.44215
5.73492
5.59386
5.53177
5.79632
5.21038
5.44157
5.4982
5.64055
5.57283
5.89637
5.87047
5.77317
5.63722
5.19023
5.41816
5.52034
5.69966
5.23714
5.3649
5.20496
5.48577
5.44722
5.89087
5.50941
5.29146
5.44013
5.48338
5.27251
5.34943
5.50598
5.63327
5.55806
5.53615
5.57023
5.45553
5.45864
5.60584
5.70011
5.21325
5.54826
5.67803
5.5464
5.52132
5.52892
5.53514
5.37192
5.56273
5.51881
5.16714
5.11676
5.34475
6.05142
5.421
5.44738
5.427
5.5446
5.41966
5.49111
5.68205
5.50706
6.28907
5.24643
5.60629
5.25857
5.59299
5.64854
5.50174
5.50355
5.39788
5.65744
5.64902
5.54946
5.35792
5.32913
5.25813
5.38784
5.33327
5.2991
5.90745
5.3379
5.59533
5.56317
5.65478
5.83933
5.70114
5.2056
5.29088
5.44011
5.63275
5.58621
5.63697
5.44993
5.56174
5.25242
5.80166
5.73291
5.61115
5.50144
5.58561
5.50371
5.64821
5.4182
5.52272
5.50882
5.54132
5.48562
5.57127
5.56789
5.42627
5.40201
5.55389
5.31004
5.31789
5.72059
5.46727
5.59928
5.59549
5.70564
5.59602
5.69689
5.69711
5.59867
5.62209
5.36415
5.43924
5.48772
5.7949
5.44839
5.48336
5.28361
5.46871
5.49101
5.70682
5.6005
5.57276
5.43963
5.49328
5.66679
5.84657
5.75973
5.57009
5.79063
5.56486
5.59516
5.53423
5.57956
5.56769
5.664
5.91391
5.67209
5.65469
5.76566
5.88982
5.87652
5.82179
5.98064
