inf
inf
inf
inf
inf
inf
inf
inf
inf
inf
inf
inf
inf
inf
inf
inf
inf
inf
inf
inf
inf
inf
inf
inf
inf
inf
inf
inf
inf
inf
inf
inf
inf
inf
inf
inf
inf
inf
inf
inf
inf
inf
inf
inf
inf
inf
inf
inf
inf
inf
inf
inf
inf
inf
inf
inf
inf
inf
inf
inf
inf
inf
inf
inf
6.19526
inf
inf
inf
inf
6.1688
inf
inf
inf
inf
inf
6.21773
inf
inf
inf
inf
inf
inf
inf
inf
inf
6.21244
inf
inf
inf
inf
inf
6.15588
inf
inf
inf
inf
inf
inf
inf
6.20651
5.75884
inf
inf
inf
inf
inf
6.12323
inf
6.19213
inf
inf
inf
6.26394
6.21669
6.24469
6.21088
6.27157
inf
inf
inf
6.2501
5.8171
6.18626
inf
inf
6.26848
inf
inf
5.81004
inf
5.85916
inf
6.27977
6.31109
inf
6.34131
inf
5.86329
inf
6.3405
inf
inf
inf
inf
inf
inf
5.74054
inf
6.35387
6.24927
inf
5.87868
5.78337
inf
6.37992
inf
5.9229
6.03966
inf
5.48355
inf
5.52887
6.51742
6.09175
6.54427
5.79626
5.35296
5.95048
6.54505
5.42841
5.43593
6.08326
5.96151
6.19125
inf
6.16285
6.71532
5.69362
5.47364
5.93606
6.68377
5.92722
6.42326
5.62765
6.02162
5.97832
6.4144
5.42083
5.56995
5.53462
5.78363
5.49638
5.9695
5.56789
5.67156
5.98468
5.78455
6.18882
5.60601
5.53831
5.95727
5.48427
5.77584
5.63206
5.5672
5.71167
5.75716
5.61405
6.22045
5.60623
5.80758
5.58183
5.52019
5.46622
5.58346
5.47106
5.27319
5.4661
5.98669
6.02683
5.57302
5.56689
5.319
6.26
5.22559
5.29356
5.44434
5.22685
5.36982
5.64598
6.22436
5.74655
5.60148
5.47574
5.25758
6.07804
5.28158
5.40454
5.31032
6.1616
5.87754
5.74311
5.18754
6.0814
5.6646
5.69514
5.43152
5.87141
5.91315
5.75762
5.41122
5.86789
5.94498
5.39807
5.33623
5.7766
5.93934
5.62969
5.74955
5.14905
5.87255
6.33572
5.69482
5.72249
5.46592
5.70392
5.63656
5.44955
5.66103
5.47857
5.68326
5.91865
5.65154
6.06704
5.76991
5.94854
6.36935
5.60175
5.75726
5.57798
5.88915
5.52854
5.67548
6.25936
5.63717
5.77868
5.31603
5.38498
5.88108
6.05347
inf
5.5662
6.06544
5.85014
5.83552
6.00492
6.01681
5.8305
6.20028
5.83463
5.87945
5.92734
5.53887
5.64377
5.82962
6.34596
6.10247
6.17617
5.85734
6.00975
5.67976
6.09195
6.38338
5.93347
6.12118
5.47379
5.84547
5.7209
5.72757
5.95137
6.09294
6.20354
6.56456
6.50231
6.12264
5.62961
5.86979
6.25068
5.74975
5.89953
6.47282
6.0993
5.92255
6.25567
6.1748
6.46208
5.74236
5.62027
6.13256
5.91016
5.80974
5.85405
5.66618
5.99254
5.98033
6.07381
5.97599
6.11114
5.98202
5.93871
5.98844
6.43341
5.89549
6.31122
5.99771
6.15528
6.10104
5.85425
5.91356
6.3051
6.26411
6.07289
6.44629
6.03085
5.80377
6.0466
6.09952
6.38053
6.10564
6.37474
6.36891
6.06701
6.27761
6.18981
5.8323
6.18506
6.12842
6.3383
6.01165
6.55399
6.31366
6.54153
6.22888
6.47193
6.16181
6.27332
6.43821
6.13029
6.3053
6.27964
6.33192
6.14883
6.153
5.91279
6.04279
5.97338
5.95431
6.03986
5.73806
5.72268
