6.44434
6.35965
6.24948
6.25799
6.03425
6.07745
6.05146
5.93933
5.82631
5.72629
5.88724
5.76241
5.82342
6.03624
5.61998
5.96028
5.71928
5.82112
5.66687
5.82737
5.94411
5.64311
5.50619
5.57061
6.16539
5.72609
5.92779
5.57082
5.45088
5.82603
5.67776
5.69972
5.57063
5.73337
5.98355
5.52513
5.70456
5.53141
5.97256
5.52749
5.8086
5.87496
5.4849
5.58279
5.89304
5.45315
5.75183
5.5434
5.3576
5.56843
5.93499
5.87261
5.50394
5.82353
5.35239
5.62526
5.36302
5.56119
5.38831
5.70432
5.5128
5.6107
5.29592
6.01734
5.78828
5.88099
5.73665
5.60589
5.53869
5.83423
5.42879
5.49228
5.6337
5.67779
5.2243
5.76729
5.71781
5.3699
5.49247
5.56835
5.82376
5.44199
5.71463
5.89797
5.82983
5.82453
5.57271
5.93037
6.06034
5.55034
5.83653
5.53
5.66317
5.77366
5.52263
5.4168
5.65991
5.43877
5.92419
5.78326
5.47314
5.96274
5.67806
5.90774
5.85746
5.80678
5.9684
5.27846
5.9236
5.78008
5.77772
5.57396
5.46068
5.51823
5.60856
5.69878
5.84466
5.98013
6.13421
5.4185
5.93232
5.61654
5.87684
5.77182
5.99224
5.83791
5.9376
5.2435
5.76496
5.39411
5.90642
6.04999
5.89434
5.51707
5.94158
5.65098
5.73386
6.00067
5.44327
5.75068
5.74469
5.55445
5.73688
5.68471
5.84938
5.15207
5.49667
5.70231
5.47237
5.76368
5.91581
5.37017
5.64822
5.53658
5.62373
5.9793
5.62711
5.44465
5.64173
5.67497
5.44728
5.61673
5.38144
5.96452
5.72966
5.46949
5.5586
5.88521
5.92837
5.93204
6.05034
5.54423
6.05723
5.94673
6.11045
5.66265
5.61166
5.56824
5.36036
5.55943
5.89168
5.66621
5.58614
5.5898
5.55076
5.25647
5.64591
5.73337
5.66187
5.39496
5.69821
5.39256
5.72613
5.89761
5.75062
5.23904
5.64005
5.46198
5.65877
5.4875
5.62598
5.76767
5.90837
5.81131
5.72228
5.74707
5.68115
5.62807
5.70405
5.43652
5.80555
5.36698
5.53539
5.55032
5.75363
5.54686
5.8102
5.70655
5.69055
5.8118
5.62687
5.78151
5.64393
5.80509
5.68842
5.48067
5.90347
5.90764
5.50365
5.69929
5.42466
5.76428
5.81204
5.67522
5.7672
5.88034
5.51494
5.63035
5.74467
6.01217
5.47467
6.1144
5.40206
5.57644
5.47201
5.56227
5.91183
5.61273
5.90175
5.65507
5.99223
6.06948
5.68775
5.62636
5.72004
5.89729
5.68395
5.40045
5.62089
5.4489
5.93127
5.79229
5.83719
5.66911
5.57747
5.55871
5.61003
5.50987
5.58377
6.21199
5.68528
5.4879
5.75
5.32544
5.84169
5.54584
5.64141
5.7456
5.61747
5.70249
5.61214
5.40829
5.82651
5.48512
5.74339
5.55297
5.7059
5.3097
5.59173
5.92384
5.24104
5.45621
5.91039
5.48314
5.74017
5.50535
5.55544
6.06898
5.88046
5.43534
5.50745
5.60965
5.83305
5.35077
5.28114
5.47994
5.52737
6.01961
5.41407
5.78889
5.65164
5.432
5.65546
5.3989
5.76903
5.42624
5.47198
5.44457
5.77419
5.7556
5.72528
5.4254
5.20395
5.59433
5.6252
5.49659
5.68345
5.72027
5.68661
5.43259
5.42264
5.43711
5.42889
5.72628
5.32826
5.69028
5.72717
5.45175
5.43011
5.67644
5.50658
5.61762
5.69835
5.67372
5.38923
5.56594
5.42604
5.48966
5.56706
5.36604
5.71411
5.64406
5.90978
6.01663
5.51605
5.55952
5.8385
5.31692
5.48545
5.53135
5.74656
6.20782
6.1628
5.79192
5.69089
5.67994
5.54771
5.91017
5.62356
5.59208
5.48883
5.53733
5.65243
5.54849
5.97343
5.58413
5.6652
5.61506
5.68189
5.92583
5.83002
5.60977
5.78185
6.00674
5.86548
5.52193
5.91179
5.6363
5.61509
5.83448
5.64009
5.71781
5.77328
5.78616
5.96063
5.76316
5.87578
5.81577
5.90631
5.89714
