6.16704
6.08399
6.44324
6.13411
6.14928
6.26406
6.14996
6.2999
6.24493
5.8835
6.01478
6.56908
6.10586
6.29942
5.92616
6.52659
6.87108
6.42814
5.91796
5.81189
6.1831
6.298
6.07257
5.86143
5.98557
5.73506
6.16427
6.2253
6.05238
5.9478
5.98363
6.24303
5.89236
6.06
6.29717
5.7636
5.64178
6.1986
6.12298
5.88737
6.20964
6.43547
5.79424
5.93846
5.88271
5.61154
5.99272
6.32687
5.95197
5.97632
6.3554
5.60929
5.62449
6.31144
6.51155
5.60442
5.973
6.25072
5.89254
5.87222
5.72928
5.65139
6.11629
6.20563
5.92336
5.64196
5.74906
5.83646
5.81244
6.26891
6.25542
5.83219
6.2274
6.42082
5.7388
5.50732
5.78279
6.00063
5.52905
6.35605
5.71398
5.94768
5.40711
5.89165
5.54441
5.98402
6.01874
5.67854
5.45495
5.67187
5.70544
6.14555
5.69097
6.53394
5.94876
5.79741
6.15848
5.69364
5.90605
5.66637
6.03926
5.8516
6.09316
5.9427
5.56734
5.99179
5.55876
6.0415
6.28081
6.11082
5.99462
6.05613
5.88591
6.89573
6.08993
6.2854
5.7967
5.61916
inf
6.18535
5.63505
6.45973
5.88339
5.92781
5.83102
5.99053
6.1587
6.40948
5.53179
5.94925
5.53138
5.9409
5.91474
5.63636
5.42043
6.02132
5.90828
5.78541
5.70886
5.97899
5.66402
5.69602
5.96803
6.75276
6.01837
5.53895
6.69717
5.78285
6.42269
5.61424
6.4918
5.80931
7.02557
6.12672
5.64011
6.07222
5.91086
5.54514
6.08956
6.1774
5.38082
6.53757
6.91093
5.50452
5.58831
5.60688
5.72896
5.7727
5.65218
6.18542
6.51267
5.63697
6.87862
6.13482
inf
5.83607
5.79323
6.45761
6.13184
5.78468
6.17925
5.6131
5.6154
6.54286
5.96413
6.22771
5.68812
6.25192
6.62643
5.49994
6.39862
6.33742
6.00184
5.80946
6.06703
5.92516
6.06066
5.8141
6.38481
5.76295
6.88329
6.20837
6.21236
6.74752
6.36847
5.73162
6.07656
6.40458
inf
6.94097
5.65061
6.05918
6.46354
6.0182
6.01682
6.32496
5.60518
5.77163
6.46819
5.94109
5.65399
6.02391
6.66766
6.11397
5.66122
6.73377
inf
5.77352
5.77315
6.00771
5.58967
6.54272
6.2479
5.65549
6.35342
5.51201
6.59587
6.24282
6.67391
5.69227
6.30882
5.84948
5.80217
5.66924
5.61366
6.05511
inf
6.03045
5.88793
6.62916
5.83747
5.41973
6.11547
5.5325
6.488
5.49022
6.1634
6.04534
6.49794
5.69308
5.59734
5.84987
5.82736
6.58729
inf
6.01822
inf
6.42082
inf
inf
inf
6.05852
6.03842
5.73294
inf
inf
5.94952
6.09729
6.046
6.41761
5.64623
5.81503
6.28317
6.0333
6.47347
6.04643
5.88347
6.21272
6.38544
inf
5.59299
6.00283
6.24694
6.40797
6.44508
6.10392
inf
6.41894
inf
5.92555
6.16461
6.48565
inf
6.40096
6.00606
5.9889
5.79892
5.96953
inf
inf
5.80483
6.66605
6.50545
inf
6.04238
6.51512
6.40727
6.17606
6.11403
5.97304
inf
5.88651
6.47939
6.26432
6.14033
6.13617
6.60809
6.67025
6.17817
6.45529
6.19293
6.4978
6.40258
5.91391
6.18703
6.00026
6.54841
6.54152
5.9714
6.06545
6.26418
6.04884
inf
5.76127
5.62241
6.1201
6.23763
6.37047
6.8107
6.42772
5.6821
5.87876
inf
5.56903
6.39631
6.06747
5.88193
5.87961
6.14607
5.62792
6.04673
6.3229
6.01696
5.68849
6.00388
6.70433
6.64116
5.79548
6.06334
5.87084
6.2121
inf
6.15208
6.32401
6.21362
6.22863
6.11614
5.8417
6.55445
5.96043
5.84575
5.99199
6.15337
6.16018
5.91459
6.03594
6.07754
5.83065
6.25468
6.07124
6.0028
6.34145
6.07575
6.44257
6.01686
6.07324
6.12885
6.02353
5.92018
5.92132
