6.19428
5.8996
5.85462
5.81302
5.70134
5.57347
5.51638
5.46368
5.42604
5.38931
5.37307
5.42677
5.26439
5.3819
5.26973
5.57409
5.34977
5.25715
5.32025
5.19962
5.27756
5.06699
5.14849
5.36817
5.34189
5.22593
5.17866
5.19976
5.07427
5.15456
5.20811
5.25879
5.26724
5.24703
5.12538
5.21845
5.01085
4.97712
5.08468
5.03181
5.17309
5.28623
5.19105
5.16807
5.09655
5.06593
5.28288
4.99777
5.16663
5.04016
5.17252
5.20152
5.02394
5.20996
5.0025
5.13701
5.1572
4.9947
5.08693
5.12813
5.07743
4.93146
4.97178
5.10948
5.09486
4.95762
5.09029
5.15686
4.93207
5.42153
5.07818
5.06074
5.07077
5.2637
5.1252
5.3544
5.2502
5.25147
5.22283
5.10994
5.15618
4.96839
5.09563
5.32482
5.15056
5.00381
5.18105
5.06182
5.17282
5.11618
5.14266
5.08533
5.21822
5.04004
4.99328
5.11615
5.19333
5.00658
5.21527
5.07118
4.86886
5.02392
5.0492
5.09333
4.92734
4.81528
5.19091
5.06694
5.1183
5.0291
5.01694
4.99061
4.90579
4.99536
5.1932
5.0215
5.18486
4.88337
5.24426
5.0341
4.92509
4.93578
5.1244
5.4252
5.08861
5.05165
5.03466
4.82122
4.89222
5.16239
4.90102
5.06471
5.09751
5.22548
5.20722
5.28364
5.34
4.93917
4.91524
5.11744
4.99834
4.73614
5.13988
5.17977
5.17388
5.03888
4.94085
5.24126
5.05488
4.7758
5.01855
5.00405
4.94743
4.85716
4.98883
4.88645
4.89205
4.89784
4.92323
4.9198
4.98888
4.90091
5.01502
5.17839
4.89558
4.82566
4.86652
5.01127
4.79146
4.80661
4.84881
4.81942
4.95318
4.82836
4.68656
4.76182
5.06641
4.90457
4.87167
4.83994
4.92237
4.77724
4.79408
4.73248
4.72962
4.85867
4.76478
4.75418
4.78434
4.82452
4.62136
4.72339
4.75472
4.82289
4.85767
4.90138
4.72634
4.77453
4.52162
4.63872
4.67601
4.78977
4.84279
4.81369
4.55741
4.742
4.64904
4.79105
4.96056
4.74265
4.70077
4.67766
4.76743
4.56668
4.84835
4.8363
4.58856
4.71718
4.73694
4.66507
4.65552
4.6611
4.82411
4.79224
4.67662
4.66465
4.61097
4.86764
4.76761
4.71548
4.79708
4.80096
4.90192
4.74041
4.77335
4.72757
4.89386
4.63218
4.7158
4.86978
4.93769
4.71888
4.86585
4.57632
4.74738
4.92709
4.99531
4.69457
4.81815
4.71538
4.89268
4.88086
4.76884
4.68078
4.67199
5.02318
4.85876
4.81292
4.759
4.55614
4.79042
4.77037
4.78906
4.63853
4.68313
4.70703
4.60248
4.71313
4.83197
4.78846
4.67765
4.64204
4.64133
4.86061
4.89038
4.69311
4.72199
4.80407
4.70391
4.89035
4.59303
4.83343
4.93346
4.71941
4.66031
4.51509
4.83474
4.68181
4.76087
4.82048
4.71175
4.90272
4.79581
4.94116
4.74631
5.07416
4.78413
4.79492
4.84251
4.77224
4.70037
4.81529
4.94518
4.82795
4.91277
4.74118
4.89947
4.92195
4.66
4.69266
4.82108
4.90713
4.82053
4.81814
4.98744
4.84642
4.61207
4.78999
4.81355
4.83151
4.80216
4.77636
4.88859
5.12343
4.82119
5.06402
5.0652
4.87182
4.77539
4.80601
5.10804
4.72016
4.91182
4.73595
4.86831
4.7718
4.91864
4.80949
4.96191
4.82871
4.98737
4.81903
4.79662
4.91918
4.94757
4.87782
4.93501
4.91125
4.91052
4.7313
4.90589
5.00549
4.86719
4.97462
4.86302
4.6501
5.064
4.82739
4.91648
4.83436
4.93461
5.07757
4.87518
4.87193
4.96443
4.83178
4.86714
4.92816
4.95548
4.83038
4.87246
4.97483
4.89732
4.74021
4.97782
5.16213
5.00751
4.87427
5.07126
5.06517
5.04722
5.134
5.0061
5.12064
5.07245
4.79927
5.14185
5.081
4.94323
5.03455
4.98322
5.05584
5.0566
5.01261
5.14057
5.02523
5.03072
4.97422
4.88107
4.97384
