5.20759
5.3466
5.31727
5.38264
5.47128
5.4001
5.53498
5.41234
5.5594
5.47892
5.48265
5.42103
5.44658
5.64479
5.68177
5.52532
5.40481
5.52578
5.68442
5.49121
5.36796
5.66371
5.59963
5.42131
5.48894
5.66658
5.46584
5.47087
5.56673
5.4732
5.61111
5.47286
5.43828
5.64144
5.61594
5.41874
5.49644
5.28773
5.84257
5.42239
5.62501
5.48484
5.60957
5.71402
5.48231
5.35307
5.49714
5.31981
5.63382
5.69335
5.41662
5.51116
5.45682
5.80065
5.32779
5.82108
5.80047
5.28529
5.45655
5.35677
5.60161
5.5649
5.37614
5.55349
5.55219
5.52852
5.37032
5.23383
5.30058
5.43959
5.50335
5.48245
5.40263
5.48912
5.33763
5.48378
5.45193
5.40516
5.40477
5.30809
5.48826
5.66805
5.33067
5.48708
5.50663
5.62212
5.61048
5.43679
5.23248
5.53995
5.62985
5.52309
5.25611
5.53451
5.30344
5.48068
5.35703
5.75227
5.73148
5.38783
5.43608
5.36173
5.49791
5.45018
5.29814
5.52476
5.5123
5.57441
5.51489
5.38546
5.40352
5.48343
5.31013
5.44311
5.52861
5.35524
5.43289
5.46839
5.37522
5.67842
5.67641
5.3509
5.50849
5.56114
5.40597
5.57771
5.82964
5.19076
5.34048
5.42448
5.73229
5.58474
5.42316
5.55544
5.2534
5.2945
5.80761
5.49485
5.41971
5.54401
5.35825
5.32433
5.42364
5.3696
5.42982
5.31383
5.31396
5.65224
5.70002
5.46387
5.27307
5.26492
5.42776
5.25757
5.28751
5.51256
5.36564
5.5358
5.34114
5.33552
5.23289
5.27538
5.40331
5.18218
5.18553
5.4551
5.46784
5.45179
5.39315
5.77015
5.26228
5.13357
5.41635
5.29132
5.13017
5.61472
5.4506
5.29219
5.29318
5.18201
5.30803
5.2391
5.16673
5.36567
5.52189
5.31915
5.21949
5.34678
5.15774
5.23654
5.44108
5.00779
5.37109
5.35264
5.44779
5.56879
5.31005
5.37542
5.37358
5.18229
5.18347
5.4502
5.17309
5.08831
5.3573
5.20214
5.2102
5.19846
5.17257
5.2566
5.6555
5.20625
5.54191
5.0445
5.33827
5.17911
5.44006
5.40085
5.23857
5.32581
5.22335
5.38341
5.44826
5.38537
5.27422
5.17372
5.2179
5.4429
5.30595
5.37854
5.43892
5.07806
5.23683
5.16078
5.51535
5.36488
5.6531
5.58344
5.22746
5.30241
5.16801
5.75097
5.63854
5.33525
5.07696
5.36843
5.27545
5.11677
5.47531
6.22285
5.55722
5.51783
5.52039
5.39728
5.63873
5.06942
5.16799
5.43392
5.568
5.38099
5.31187
5.68121
5.28747
5.23616
5.46099
4.97612
5.6323
5.30704
5.31301
5.25466
5.09329
5.18839
5.65156
5.68604
5.24849
5.56884
5.3051
6.13167
5.52577
5.38112
5.1072
5.33568
5.16685
5.26129
4.98685
5.04222
5.25502
5.77031
6.04929
5.34404
5.22637
5.32969
5.04171
5.46263
5.38886
5.07437
5.51101
5.7066
5.60612
5.4341
5.34005
5.09092
5.39467
5.17231
5.88716
5.16872
5.19199
5.51493
5.45598
5.85025
5.24077
5.4551
5.14551
5.61657
6.59622
5.76202
5.2901
5.86763
5.16201
5.05356
5.26155
5.58139
6.03035
5.13937
5.21215
5.2252
6.00862
5.48354
5.52716
5.24861
5.33361
5.37261
5.34583
6.07059
5.19626
5.40798
5.36271
5.34734
5.32049
5.32704
5.4083
6.49226
5.61209
6.15967
5.47041
5.384
5.07198
5.45533
5.35358
5.46116
5.62557
5.69928
5.34536
5.63168
5.06843
5.41925
5.8376
5.38425
5.47187
5.68881
5.33362
5.55698
5.76555
6.26848
5.69162
6.45424
5.07788
5.49537
5.16284
5.32304
5.96098
5.81332
5.69772
5.64966
5.24999
5.86041
6.15606
5.2593
5.78642
5.88593
5.60535
5.42719
5.23133
5.3035
5.28414
5.65023
5.15071
5.78942
5.29154
5.398
5.52098
5.65023
5.24955
5.24293
5.7149
5.39612
5.09851
5.25372
5.36513
5.4209
