6.64625
6.33968
6.19797
5.96198
5.73987
5.68659
5.60964
5.62539
5.5013
5.53006
5.43289
5.36088
5.32403
5.30749
5.20584
5.26783
5.28253
5.17607
5.23481
5.1786
5.28442
5.19728
5.15335
5.35049
5.15756
5.21149
5.2411
5.26346
5.12846
5.37476
4.98824
5.18022
5.17796
5.26423
5.10555
5.03796
5.15009
5.29861
5.04063
5.15875
5.15522
5.30944
5.36856
5.33865
5.20015
5.01082
5.16276
5.27167
5.06566
5.29379
5.15625
5.00556
5.36401
5.21852
5.06485
5.14547
5.13073
4.90381
5.10704
5.14597
5.24134
5.64113
5.04339
5.09752
5.14666
5.0671
5.31338
5.08122
5.2682
5.18105
5.03181
5.17648
4.90401
5.06017
5.07414
5.10958
5.09216
5.0923
5.44967
5.07537
5.22741
5.34093
5.18748
5.07742
5.13463
5.37784
5.26718
4.91463
5.39434
4.99467
5.02768
5.13432
5.21582
5.19475
5.22062
4.99736
4.97229
5.04139
5.16476
5.21554
5.17073
5.22563
5.05457
5.03381
5.24961
5.26274
4.97807
5.03061
5.12632
4.95994
5.24857
5.18489
5.13203
5.04051
5.31677
5.06815
5.18314
5.0922
5.16301
5.27076
5.04403
5.20125
4.94457
5.14566
5.1041
5.05893
5.09625
5.17567
4.94801
5.08927
5.30165
5.10186
5.43919
5.08546
5.07957
4.99438
5.14992
5.04592
4.93977
4.9257
4.80112
5.01379
4.92584
5.17651
4.97963
5.06495
5.01009
5.41628
5.09925
4.91154
5.0285
4.96379
4.85897
4.93759
4.92007
4.9086
4.79729
4.76687
4.99921
4.98073
5.03809
4.90823
4.89321
4.85534
4.9523
4.94303
4.77262
5.01608
4.95469
4.8113
4.89317
4.81578
4.76135
4.69038
4.71646
4.89702
4.89265
4.72639
4.75052
4.7346
4.78352
4.73825
4.81649
4.58605
4.94667
4.64385
4.64124
4.79661
4.81542
4.71523
4.91538
4.56923
4.81284
4.79182
4.86878
4.52544
4.59622
4.60611
4.74935
4.61873
4.80732
4.55642
4.59399
4.6194
4.86213
4.7487
4.69598
4.64482
4.69275
4.69127
4.70205
4.78203
4.72474
4.69024
4.48502
4.7191
4.64313
4.85633
4.70783
4.79782
4.65528
4.6091
4.77185
4.55057
4.52946
4.78565
4.67862
4.82389
4.64008
4.79606
4.63363
4.60927
4.57669
4.57674
4.44602
4.75952
4.56282
4.58338
4.77024
4.6853
4.5158
4.81993
4.45909
4.83137
4.63836
4.58268
4.50959
4.80083
4.61166
4.74593
4.4385
4.90784
4.61365
4.62487
4.55008
4.52228
4.78371
4.60839
4.62559
4.56228
4.756
4.63754
4.65892
4.46907
4.66731
4.61823
4.4655
4.78264
4.40201
4.50171
4.57988
4.58089
4.57271
4.51011
4.50187
4.30887
4.47324
4.53383
4.41945
4.42763
4.54516
4.61179
4.49156
4.61981
4.77652
4.51244
4.46079
4.51575
4.62685
4.38056
4.6561
4.40465
4.42292
4.54784
4.62226
4.55296
4.5921
4.35147
4.63032
4.59523
4.51261
4.48695
4.45222
4.6206
4.74337
4.64804
4.54241
4.45918
4.57324
4.39675
4.42515
4.32735
4.36517
4.40606
4.45308
4.63427
4.44254
4.27479
4.45686
4.55811
4.59627
4.32193
4.56971
4.43972
4.47337
4.5865
4.40845
4.60106
4.51603
4.53048
4.57674
4.46246
4.56968
4.45176
4.72783
4.52226
4.4114
4.46692
4.41185
4.53701
4.4355
4.49064
4.4993
4.5992
4.50123
4.5628
4.6983
4.60723
4.48365
4.45745
4.62696
4.64501
4.5456
4.71779
4.60678
4.44908
4.6529
4.54353
4.39077
4.60247
4.71791
4.64103
4.589
4.72669
4.58962
4.7282
4.74183
4.54217
4.61429
4.63704
4.53687
4.65218
4.51163
4.66045
4.76099
4.51851
4.7174
4.4982
4.86549
4.65873
4.67218
4.73701
4.71551
4.73437
4.61141
4.6355
4.80223
4.87554
4.73991
4.63156
4.66841
4.63764
4.57875
4.59294
4.59184
4.5553
4.69889
4.69819
4.74457
4.79867
