5.66882
5.63403
5.6107
5.52558
5.41134
5.57711
5.31842
5.39861
5.41116
5.29187
5.39134
5.33031
5.33908
5.45835
5.27824
5.40305
5.36771
5.31562
5.45256
5.42489
5.31573
5.20541
5.35091
5.3146
5.43619
5.28773
5.53067
5.17383
5.12403
5.20302
5.24095
5.24724
5.3598
5.3085
5.41091
5.37729
5.16339
5.05203
5.45267
5.34953
5.20156
5.05468
5.27687
5.27711
5.32703
5.34408
5.22175
5.37425
5.03303
5.23258
5.13006
5.38928
5.43214
5.21927
5.22326
5.35806
5.13646
5.20515
5.20045
5.28605
5.25424
5.14007
5.17706
5.09024
5.52585
5.38346
5.30744
5.25447
5.42442
5.36829
5.54683
5.06108
5.49044
5.13434
5.19288
5.33416
5.19653
5.1297
5.19227
5.07039
5.1789
5.35277
5.45927
5.24403
5.14125
5.08068
5.31513
5.12639
5.31383
5.46296
5.40963
5.10858
5.22238
5.35707
4.97035
5.33834
5.36932
5.14726
5.05112
5.18222
5.27913
5.21754
5.18813
5.19384
5.35466
5.15926
5.19814
5.26634
5.1597
5.39687
5.35288
5.29418
5.18921
5.2895
5.49675
5.22555
5.08502
5.2271
5.20408
5.17824
5.11407
5.42584
5.29465
5.08206
4.96819
5.14409
5.11556
5.42665
5.2617
5.06124
5.3333
5.14132
5.35753
5.30109
4.93987
5.09852
5.29344
5.38285
5.15738
5.1405
5.09966
5.15766
5.05465
5.22218
5.05513
5.11658
5.33889
5.06526
5.19358
4.91684
5.21582
5.06675
5.15149
5.14142
4.94214
4.93371
5.04897
5.08223
5.12491
4.91266
5.02558
5.01912
5.17267
5.22133
5.20201
5.06871
5.02946
5.01604
5.16003
5.30501
5.14043
4.89815
5.05642
5.00075
5.01878
4.98286
5.05766
5.00796
4.96841
5.02123
5.04707
5.1183
5.10462
5.06216
4.89864
4.92119
4.94832
4.93742
4.83425
5.00921
4.85405
5.0026
4.94225
5.13138
4.9581
4.99603
4.85692
4.90665
4.82123
4.93067
5.07869
4.85526
4.86949
5.03824
4.96342
5.04889
4.86426
4.88386
4.99863
4.83686
5.041
4.92236
4.92913
4.92122
5.05641
5.12222
4.91494
5.00353
4.83515
5.20741
5.04182
4.99228
5.16329
4.87961
5.03407
5.09385
4.92407
5.0015
5.16496
4.807
4.92494
5.01724
4.82525
5.11164
4.94856
5.12307
5.16537
5.16426
4.80342
4.91568
4.96299
5.04156
4.86845
4.90544
4.71723
4.93672
5.07529
4.78147
4.85543
4.63845
5.19262
5.08508
5.11973
5.00689
4.9325
4.86711
5.12324
4.89608
4.89869
5.04334
4.87727
4.82741
4.93944
4.78035
4.8441
4.87395
4.70734
4.82213
4.8789
4.78555
4.80416
4.8172
4.85994
5.08044
4.77156
4.91705
4.91758
5.13138
4.94826
4.86317
4.73606
4.78246
4.94751
4.87231
4.94713
4.89864
4.89142
4.89198
4.86319
4.68506
4.93799
5.02002
5.0021
4.80772
5.03156
4.97556
4.5359
4.91472
4.72916
4.6285
4.99099
4.96157
4.82245
4.85226
4.72704
4.63166
4.75775
4.93201
4.7607
4.67963
4.81311
4.74065
4.85982
4.97737
5.04804
4.95362
4.6674
5.07155
4.86957
4.90776
4.64004
4.53402
4.91105
4.7204
4.75783
4.83204
4.84914
4.83989
4.59636
4.67511
4.65723
4.91615
5.02506
4.65303
5.1433
5.13319
4.74915
4.83892
4.87916
4.78608
4.66135
4.6638
4.60295
4.8143
4.69686
5.06374
4.63306
4.7687
4.51984
4.87338
4.73368
4.71382
4.62117
4.59845
4.46988
4.82339
4.64966
4.90112
4.78013
5.01264
4.69472
4.58492
4.73226
4.72426
4.79394
4.74153
4.80247
4.67193
4.5601
4.5358
4.70525
4.68247
4.71642
4.6948
4.76356
4.69225
4.75923
4.69431
4.77937
4.71226
4.68347
4.72689
4.5663
4.69445
4.82244
4.71047
4.66743
4.68161
4.71784
4.84105
4.75381
4.8703
4.86422
4.71241
4.87614
4.87003
5.0047
4.93496
4.88575
5.03177
