5.04026
5.20615
5.22558
5.26596
5.33566
5.42635
5.4254
5.27635
5.51204
5.47557
5.52371
5.49019
5.53826
5.48036
5.46065
5.56834
5.56012
5.5052
5.57541
5.68345
5.59643
5.7851
5.50604
5.66236
5.68512
5.69764
5.61825
5.76565
5.53436
5.68181
5.77004
5.8261
5.94335
6.06555
5.78315
5.6447
5.81791
5.68737
5.39862
5.71626
5.57133
5.47833
5.6188
5.65526
5.70612
5.66364
5.55967
5.36097
5.75719
5.7592
5.43753
5.6892
5.85949
5.69644
5.70402
5.77093
5.50943
5.77226
5.92287
5.80008
5.58714
5.56739
5.55777
5.66104
5.61896
5.72251
5.99418
5.76336
5.66332
5.44407
5.64396
5.62514
5.77817
5.51778
5.70287
5.81991
5.96031
5.61694
5.80906
5.83061
5.78492
6.05231
5.39775
5.59421
5.77406
5.92546
5.72915
5.65417
5.63966
6.00779
5.97202
5.71707
6.15968
5.68
5.43782
5.93134
5.64928
5.62849
5.69392
5.70296
5.63136
5.90596
5.84244
5.35787
5.72658
5.80669
6.31535
5.59574
5.71586
6.01778
5.5847
5.60874
5.99166
5.7887
6.95164
5.95452
5.98802
6.09002
5.82448
5.84451
5.76149
5.80712
5.91752
5.75087
6.23781
5.74988
6.22736
6.04298
5.65868
5.83554
5.80049
5.75261
5.72658
5.82971
6.34403
6.05603
5.96964
5.87889
5.69734
5.84175
5.95314
5.92101
5.96368
5.67917
5.80789
5.47218
5.98619
5.82352
5.83364
5.70011
5.63955
5.8207
5.39222
6.35558
5.89691
5.78309
5.53696
5.51776
5.72057
5.97576
6.13459
5.74151
7.06565
5.47084
5.53319
5.90978
5.86392
5.84102
6.05384
5.9764
5.8204
5.67301
5.53581
6.02233
6.07259
5.85195
6.06736
5.67218
5.93645
inf
5.77809
5.64683
5.59401
5.50365
5.88469
5.81745
6.01852
6.06743
5.90508
5.71529
5.86308
5.72412
5.7276
5.44967
5.6374
6.13754
5.80389
5.64593
5.83898
5.78301
6.06715
5.56616
5.89906
5.43417
5.70297
5.57362
5.93658
5.75488
5.43174
5.70554
inf
6.01969
5.72778
5.99788
6.1012
5.64923
6.15191
6.04904
5.69324
5.75234
6.04342
6.48628
5.90502
5.56012
inf
6.24872
6.19686
6.30742
5.95991
6.44536
5.92444
5.62003
6.37133
5.86464
6.10588
6.30506
5.62466
5.84459
6.31181
6.25993
5.6085
6.13853
5.4164
inf
5.8565
5.59017
6.21475
inf
inf
inf
inf
5.92778
inf
6.1957
inf
6.21293
6.19811
6.02489
inf
inf
inf
inf
5.70423
6.11434
inf
inf
6.14138
6.14481
6.11489
inf
inf
6.12153
inf
inf
inf
6.11321
inf
inf
inf
inf
inf
inf
inf
inf
inf
inf
inf
inf
inf
inf
6.05846
inf
6.0407
inf
inf
inf
5.92845
inf
inf
inf
inf
inf
inf
5.96472
inf
inf
inf
inf
inf
inf
inf
inf
inf
inf
inf
5.98308
inf
inf
inf
inf
inf
inf
inf
inf
inf
inf
inf
inf
inf
inf
inf
inf
inf
inf
inf
inf
inf
inf
inf
inf
inf
inf
inf
inf
inf
inf
inf
inf
inf
inf
inf
inf
inf
inf
inf
inf
inf
inf
inf
inf
inf
inf
inf
inf
inf
inf
inf
inf
inf
inf
inf
inf
inf
inf
inf
inf
inf
inf
inf
inf
inf
inf
inf
inf
inf
inf
inf
inf
inf
inf
inf
inf
inf
inf
inf
inf
inf
inf
inf
inf
