5.47984
5.41932
5.50721
5.42912
5.40031
5.31482
5.42012
5.45061
5.26915
5.32278
5.35583
5.23153
5.34493
5.36366
5.40817
5.42465
5.52165
5.26042
5.37476
5.32185
5.29348
5.24046
5.31924
5.32473
5.32425
5.23448
5.26924
5.14078
5.29392
5.32868
5.24348
5.2587
5.36375
5.23365
5.32359
5.31511
5.04618
5.38593
5.3309
5.26992
5.29709
5.2727
5.10704
5.28991
5.2032
5.35794
5.22919
5.24383
5.4117
5.29586
5.16966
5.31411
5.18421
5.32751
5.41151
5.2248
5.32711
5.33461
5.34616
5.24478
5.38585
5.06134
5.10413
5.25667
5.23843
5.43972
5.26435
5.23484
5.02157
5.10664
5.34566
5.30198
5.2424
5.39026
5.35112
5.29586
5.08366
5.21253
5.05068
5.29831
5.13583
5.11938
5.1638
5.14714
5.20517
5.44698
5.17911
5.2495
5.3034
5.48868
5.32142
5.21512
5.22776
5.71083
5.07056
5.35834
5.30423
5.18269
5.39313
5.10879
5.41551
5.17135
5.24563
5.25999
5.75365
5.27395
5.12942
5.26597
5.03317
5.33389
5.26125
5.23262
5.31384
5.37343
5.12274
5.36363
5.42551
5.17628
5.44677
5.47282
5.3237
5.40823
5.10162
5.04838
5.15987
5.41677
5.23397
5.07494
5.15513
5.18477
5.19257
5.11612
5.06489
5.0318
5.36804
5.29716
4.98138
4.96734
4.98126
5.24807
5.25259
5.42685
5.20292
5.2792
5.22214
5.12356
5.21075
5.03417
5.26457
5.34514
5.09283
5.55014
5.17939
5.38612
5.15175
5.19253
5.51444
5.16697
5.13746
5.20095
5.18632
5.16724
5.23306
5.26681
5.10486
5.42716
5.08535
5.55694
5.30674
5.38678
5.1398
5.24883
5.29575
5.00677
5.16685
5.37741
5.0763
5.08024
5.18034
5.11415
5.37323
5.12403
5.33264
5.28318
5.28904
5.4784
5.24445
5.40195
5.41019
5.04467
5.03727
5.30546
5.1025
5.10207
5.04485
4.87902
5.26204
5.20046
4.93723
4.9118
4.89625
5.20559
5.25653
5.46728
5.33399
5.17022
4.91323
5.26315
5.09107
5.00856
5.04531
5.24679
4.93774
5.27844
4.93317
5.0213
4.98442
5.20536
5.01373
5.2925
4.98544
5.33128
4.91564
5.42373
5.07873
5.04622
4.9285
5.04584
5.24138
5.03401
4.89364
5.12761
5.13489
4.983
5.04544
5.13571
5.16613
5.19357
5.16189
5.03553
5.11888
5.36823
5.23386
5.11282
5.18132
5.31472
4.94585
5.55906
5.39728
4.97228
5.33425
5.00401
5.18834
5.1938
5.10541
5.32292
4.85766
5.66612
5.1327
5.11727
5.03171
5.37523
5.42059
5.41279
5.30752
5.20755
5.1713
5.21258
5.28632
5.22797
5.10513
5.12844
5.19978
4.88029
5.34923
5.16433
5.00804
5.00336
5.42612
4.82913
5.09604
5.18844
5.01421
5.21597
5.49347
4.82877
5.03082
5.07846
4.95374
5.3302
5.38159
5.32343
5.23507
5.06042
5.09212
4.90017
4.95154
5.01518
5.15186
5.10329
4.92054
5.2312
5.10912
4.79348
5.2799
5.00644
5.20829
5.22594
5.01272
4.78829
5.32281
4.98162
4.94944
5.18348
5.08688
5.33327
5.37736
4.89922
5.12726
5.35609
5.33477
5.31303
5.07736
4.8418
5.39102
5.10243
4.95504
5.06038
5.15175
5.0678
5.0009
4.89932
4.95689
5.23252
4.88108
4.95891
5.16155
4.97272
4.89353
5.12846
5.43789
4.97025
5.05472
5.1972
4.94536
4.81425
4.98439
5.30176
5.11089
5.03449
4.90606
4.99541
4.96232
5.14908
5.06868
4.92481
4.87606
5.10339
5.10741
4.78774
5.39759
4.96957
5.16907
5.01574
5.07639
4.93412
4.97268
5.20145
4.93345
5.16934
4.94833
5.04545
4.99751
5.08262
5.10073
5.29774
5.03558
5.05062
5.01666
5.04173
4.96268
5.08923
5.18859
4.86826
5.12977
4.85335
4.93401
4.98231
5.10356
5.09408
5.13238
5.07307
5.13706
5.21504
5.20115
5.31797
5.15745
5.33567
5.22572
5.22388
