5.0013
5.18468
5.31368
5.32372
5.36621
5.48639
5.45526
5.43495
5.42228
5.50772
5.66026
5.62293
5.62491
5.66885
5.74516
5.65461
5.6418
5.76256
5.75206
5.73577
5.74923
5.59576
5.64625
5.88516
5.76331
5.8834
5.67708
5.84235
5.93399
5.44729
5.60921
5.82194
5.63063
5.69293
5.92621
5.91099
6.04094
5.97009
5.86523
5.70934
5.95424
5.68727
5.75633
5.86166
5.6132
5.73481
6.30371
5.78612
5.92227
5.58907
5.74079
5.6937
5.74255
5.63573
5.84969
5.66674
5.61605
5.90112
5.78775
5.62241
5.73357
5.70787
5.77263
5.73908
5.66507
6.17977
5.51298
5.56697
5.9207
6.02265
5.9055
5.36661
6.15194
6.56702
5.49713
5.73117
5.85704
6.01728
5.81856
5.97275
5.5434
5.6762
5.57306
5.91199
5.76826
5.81504
5.8432
5.88037
6.59305
5.66706
5.92706
6.82112
6.00051
6.05418
5.65279
5.94098
5.76173
6.06456
6.05282
5.80844
5.60914
5.56822
6.18325
5.92544
5.92413
5.81021
6.12535
6.30475
5.41333
6.65002
6.12221
5.98202
5.83104
5.75231
6.2238
5.73028
5.92068
6.18687
5.87807
5.76251
5.60536
6.02598
6.58272
5.68495
6.35351
5.74597
5.97465
5.82103
6.38078
6.31415
5.82499
inf
6.28784
5.76771
6.16362
5.85527
5.75379
6.0851
5.80897
5.99012
6.08698
6.03706
6.11848
5.83588
5.97049
5.99799
6.19453
5.99289
6.30872
6.16154
6.10348
5.72894
6.67776
5.77419
5.65086
5.94886
5.89129
5.88148
6.16315
7.07021
6.16638
5.92947
5.61382
6.40471
5.68702
5.52997
5.9658
5.69286
5.8999
6.08009
5.93282
5.64268
6.27869
5.5701
6.80709
6.23236
6.06441
6.41141
6.01083
inf
5.90701
5.6926
5.84566
6.10821
6.46441
6.24925
6.41401
6.64691
6.0771
6.81559
6.50571
6.40025
5.90157
6.52725
5.9048
5.76149
6.11938
6.13584
5.95027
6.2769
6.00076
6.05358
5.93964
5.58506
5.97956
6.06113
6.32698
6.30481
6.21725
6.24106
5.61843
6.07728
5.97591
5.84222
5.78702
6.12302
6.12851
5.91505
inf
5.88413
6.37852
6.60461
6.58757
6.17226
6.36356
6.51692
inf
inf
6.07051
5.6123
6.53076
inf
6.42864
6.06034
inf
6.46013
inf
inf
5.98854
inf
inf
inf
5.82888
inf
6.2191
5.95148
inf
6.29469
inf
inf
6.31136
5.91588
inf
6.39256
6.23993
inf
inf
inf
inf
6.29686
inf
6.21885
6.17131
inf
6.29246
6.22511
inf
inf
inf
inf
inf
inf
6.0492
inf
inf
inf
6.02657
inf
6.06134
inf
inf
inf
inf
inf
inf
inf
inf
inf
inf
inf
inf
inf
inf
inf
inf
inf
6.00333
inf
inf
inf
inf
inf
inf
5.99725
inf
inf
inf
inf
inf
inf
inf
6.07403
inf
inf
inf
inf
inf
inf
inf
inf
inf
inf
inf
inf
inf
inf
inf
inf
inf
inf
inf
inf
inf
inf
inf
inf
inf
inf
inf
inf
inf
inf
inf
inf
inf
inf
inf
inf
inf
inf
inf
inf
inf
inf
inf
inf
inf
inf
inf
inf
inf
inf
inf
inf
inf
inf
inf
inf
inf
inf
inf
inf
inf
inf
inf
inf
inf
inf
inf
inf
inf
inf
inf
inf
inf
inf
inf
inf
inf
inf
inf
inf
inf
inf
inf
inf
inf
inf
inf
inf
