5.70393
5.77014
5.78339
5.7926
5.82055
5.67845
5.87865
5.85533
5.75994
6.00819
5.7509
5.84704
5.92572
5.67101
5.86161
5.80439
5.81547
5.70804
6.1149
5.81988
5.72216
5.84758
6.01056
5.65704
5.95235
5.7195
5.72707
5.93738
5.8532
5.82908
5.93995
5.8858
5.54573
5.59759
5.67825
6.10572
5.87494
5.93273
5.39928
5.8096
6.01591
5.92999
6.24185
5.97339
5.58701
6.21084
5.68508
5.63126
5.57116
6.20394
5.82256
5.60164
5.86154
5.56796
5.82242
5.70279
6.0236
5.83386
5.57151
5.6935
5.65816
5.54993
5.93035
5.78634
6.01368
5.66126
6.19945
5.62174
5.63576
5.91905
5.98407
5.98216
5.5925
5.63787
5.85396
5.8139
5.82111
5.47081
6.12282
6.03703
5.63525
5.35507
5.56786
5.47688
6.25547
5.97037
5.50065
5.73883
5.80804
5.48523
5.76408
6.25427
6.20048
5.63026
5.76267
5.60507
5.83588
5.79466
5.72283
6.03607
5.88648
5.63628
5.60887
5.91509
5.54021
5.72685
5.83493
6.18664
5.82102
6.18145
5.86611
5.76681
5.86206
5.75103
5.76791
5.73394
5.63876
5.67432
5.3408
5.65174
5.98646
5.69263
5.61488
5.75053
6.14699
6.03907
5.59662
5.91338
5.93717
5.9485
5.90562
6.04181
5.47391
5.78091
5.71094
5.39905
5.86266
5.91019
6.19421
5.83541
5.74431
6.03665
5.83891
5.67696
6.10546
6.2041
5.79052
6.02361
5.66215
5.4606
5.78271
5.83135
5.69465
5.58583
6.02122
5.6308
5.69592
5.66352
6.24967
5.74078
5.76817
6.01842
5.59303
5.64098
6.17344
5.66491
6.05243
5.64606
5.53904
5.81383
6.47283
5.74239
6.09726
5.74358
5.76201
5.69944
6.22103
6.17396
5.43329
5.73868
5.6724
5.80175
6.01972
5.79724
5.87488
6.03144
6.16334
5.81778
5.86104
5.7853
5.81139
6.02778
5.67895
5.95381
5.54119
5.65804
5.82971
5.80027
5.53485
5.67958
5.86681
5.91305
5.62733
5.70983
6.08794
6.17639
5.39497
6.26367
5.9233
5.64318
5.67802
5.60484
6.31458
5.42646
5.82764
5.4167
6.03969
5.53988
5.80461
5.55609
5.79043
5.45438
5.7229
6.03037
5.54394
5.68358
5.74262
5.69134
5.63258
5.6648
5.62082
5.98271
5.69078
6.05127
6.04806
5.62427
5.60837
5.47976
5.90533
5.85639
5.53547
5.70214
5.69348
5.72211
5.73338
5.42264
5.66248
5.47411
5.88269
5.82232
6.01584
5.86213
5.75604
5.85143
5.95276
5.93378
5.38613
5.99506
5.54226
5.40453
6.01585
6.27697
5.57774
5.32664
5.91994
5.30364
5.51572
5.67383
5.61898
6.90295
5.5917
5.61829
5.29225
5.76739
5.85705
5.68873
5.61046
5.65219
6.06356
5.51129
5.69274
5.74592
5.33658
5.88914
5.88214
5.57276
5.61782
6.21939
5.21564
6.08354
5.72886
5.90292
5.3858
5.44633
5.39641
5.74969
5.62593
6.34153
5.46058
5.78321
6.03233
5.76475
6.11135
5.29539
5.42075
5.36523
5.65841
5.64666
5.4055
5.73283
6.92076
5.70849
5.72108
5.7828
6.16095
5.72566
5.94762
5.9027
5.55449
6.25437
5.80996
5.47179
5.35591
5.57171
5.49998
5.63664
5.29545
5.48362
5.67708
6.24124
6.72601
5.76931
5.23878
6.09116
5.62855
5.74048
5.52841
5.81316
5.88735
6.56933
5.66917
5.78889
5.41321
6.3483
5.82024
5.73174
6.31125
5.97911
5.78765
5.83673
5.71033
5.81059
5.79314
5.92444
6.17768
5.74028
inf
6.30478
6.29383
5.88551
5.74196
5.85592
6.13526
5.95067
5.74233
6.24105
5.96264
6.53467
5.92311
5.95326
5.70948
5.49561
6.74629
6.3881
5.79706
5.97034
6.62752
inf
6.48513
6.2237
6.16518
6.31429
5.98603
6.22459
5.87915
6.52333
5.99513
6.38339
6.22828
6.19507
6.69604
6.42604
6.69884
6.59066
6.42316
6.59343
6.68274
6.74046
6.8711
6.99656
