5.76926
5.99458
6.06447
6.09453
6.141
6.2872
6.09586
6.48028
6.04944
6.17348
6.27954
6.10258
6.1168
6.15961
6.40278
6.32571
6.08535
6.48852
6.35652
6.63484
6.28447
6.34478
6.4879
6.00217
6.18903
6.7293
6.64975
6.10539
5.80072
6.49746
6.03115
6.20988
6.16663
6.49726
6.10439
6.51887
6.20383
7.25112
5.85935
6.16737
5.97348
6.30597
5.8256
5.78586
6.16101
6.56904
6.16235
7.14387
5.94542
5.93721
6.52189
5.93243
6.62314
6.09351
6.53242
6.44776
5.87072
inf
6.56421
6.2149
6.40179
6.13668
5.60284
6.31112
6.02474
5.84592
6.08618
6.22882
6.02949
6.95416
5.88247
6.15646
5.6827
5.85036
5.61324
5.66799
5.77445
6.42079
5.65553
5.98707
5.79335
5.78298
5.59375
6.66076
5.87239
6.04104
5.8226
5.66332
5.9478
5.70704
6.50534
6.30991
5.9861
5.94179
5.7728
5.61273
6.0943
6.27676
6.43638
6.57069
5.8185
6.74706
5.85335
6.04154
5.71954
5.64613
5.73235
6.00424
5.59637
5.49224
5.81442
6.47997
5.56039
6.03211
6.00733
6.97878
6.01984
5.91752
6.55675
5.86948
5.99094
6.25838
6.20431
5.79705
5.9062
6.00298
5.88075
6.31083
6.23877
5.81966
6.04692
5.74723
5.71547
5.78479
6.12994
7.08742
6.02509
6.15947
5.75049
6.07781
5.66119
6.07131
5.96627
6.16946
6.81753
5.83436
6.63334
6.31569
6.10326
6.32003
5.89789
5.63694
5.6747
5.97972
6.19126
5.60598
5.79672
5.50343
5.44207
6.17695
6.10982
5.80529
6.14665
5.90078
5.77537
6.45461
5.61315
5.9935
5.95506
5.92769
5.97845
6.39242
5.67163
5.73357
6.03589
5.95667
6.22289
6.02891
inf
5.95401
5.83396
5.7931
5.97847
6.2422
6.2338
5.92867
5.47522
5.73569
5.74949
6.05248
5.49317
5.9717
5.94407
6.20083
5.94041
5.54787
5.90923
6.08118
5.79596
5.90516
5.93756
5.86406
5.91137
5.54518
5.64294
5.73048
6.18009
6.51758
5.62681
5.60012
5.77998
7.30708
6.0348
5.96408
6.22228
6.06389
5.44999
6.05183
5.57088
5.89307
5.71989
5.97984
5.95653
5.6805
5.88493
5.64573
5.90602
6.75193
6.1006
5.54511
6.30366
6.56973
5.62316
6.03383
5.80112
6.29382
5.6572
5.81469
6.43653
5.76508
6.16799
5.70826
6.05721
5.77496
6.00165
5.75569
5.80338
6.23886
5.86147
6.54804
6.00175
6.32517
6.82272
5.78015
6.50548
5.87472
6.04809
6.42329
6.05702
6.01965
6.26003
6.57556
6.48552
6.12609
5.92554
6.65916
5.84539
inf
inf
inf
6.25911
inf
6.01109
6.15455
6.17259
6.10527
6.48131
6.60201
6.61849
6.35125
6.18443
6.05641
6.14761
inf
5.96661
6.14727
inf
6.49917
6.43816
6.5144
6.13153
5.80371
5.97835
6.13889
inf
6.45269
6.3232
6.49413
6.44755
6.46563
6.25802
6.32826
inf
6.59781
inf
6.76003
6.47581
6.01231
6.78238
6.09051
inf
6.38587
6.46562
6.04333
inf
6.26471
inf
5.80176
6.07475
6.24151
6.25973
inf
inf
6.44694
6.31604
5.74132
inf
inf
inf
inf
6.40341
inf
5.87585
6.39124
inf
6.65169
6.02724
6.6537
inf
6.44461
inf
6.32071
inf
inf
inf
6.03613
inf
inf
5.8664
6.63623
6.11138
6.25937
6.00499
6.8828
5.96528
6.24713
inf
6.10023
6.20962
6.6607
6.07979
5.97072
6.73733
6.15276
6.6445
6.65114
6.74069
5.88965
6.99147
6.14253
6.663
6.48471
5.91005
6.31528
6.14329
6.77387
6.61928
6.80886
7.07447
6.32323
6.86041
7.245
6.64048
6.24375
6.98611
7.21723
6.82951
6.76532
6.2482
6.44892
6.36306
6.70787
6.35909
6.25165
7.04446
6.66922
6.84095
6.67747
6.7403
6.51129
