6.69095
6.3545
6.21444
5.98032
5.7525
5.85299
5.55044
5.65101
5.55925
5.38691
5.48958
5.2627
5.3481
5.33262
5.31831
5.35007
5.33955
5.15704
5.11951
5.28957
5.32821
5.30803
5.06765
5.17271
5.07519
5.3129
5.23975
5.16215
5.12911
5.29979
5.21756
5.31884
5.20783
5.04797
5.06071
5.13175
5.19181
5.16388
5.21374
5.1827
5.21848
5.2127
5.13346
5.31781
5.11378
5.18161
5.07811
5.21828
5.21946
5.23964
5.16008
5.17521
5.06066
5.10799
5.12841
5.10285
5.50023
5.0567
5.03021
5.14528
5.50412
5.60309
5.0215
5.24806
5.45927
5.10414
5.00521
5.06047
5.41716
5.46112
4.99687
5.14246
5.12894
5.01805
5.23398
5.39687
5.24467
5.19577
5.2801
5.13723
5.50767
5.66906
5.06358
5.17481
5.60218
5.48085
5.37079
5.24916
5.18236
5.48057
5.1929
5.36421
5.11116
5.37603
5.25701
5.34298
5.52464
5.30567
5.06141
5.23535
5.32431
5.12077
5.54297
5.26633
5.28401
5.27654
5.49383
5.40908
5.28694
5.24986
5.04105
5.57203
5.22014
5.50831
5.33692
5.34885
5.43623
5.18722
5.26722
5.55032
5.45068
5.08866
5.17393
5.16879
5.21468
5.18328
5.23061
5.36893
5.23617
5.43452
5.14493
5.1692
5.07445
5.31501
5.06343
5.17482
5.22452
5.42907
5.34366
5.16202
5.59969
5.24295
5.38492
5.26813
5.36971
5.07669
5.08166
5.40805
5.26426
5.41623
5.21361
5.41827
5.35925
5.17664
5.39197
5.35468
5.25996
5.20456
5.31853
5.2137
5.52735
5.23887
5.48583
5.40347
5.13331
5.49266
5.24798
5.18712
5.43037
5.08854
5.2361
5.36812
5.26351
5.25566
5.37917
5.12026
5.40524
5.30644
5.57425
5.19787
5.28348
5.2055
5.25439
5.35036
5.35178
5.39348
5.09559
5.17825
5.08743
5.21718
5.27845
5.23821
5.38847
5.4552
5.58217
5.37728
5.20172
5.28551
5.44084
5.16938
5.39641
5.23383
5.2636
5.47114
5.39385
5.25568
5.3663
5.38139
5.16117
5.3393
5.19997
5.13337
5.42601
5.23095
5.00716
5.37445
5.01522
5.60733
5.38463
5.35164
5.28086
5.42014
5.41733
5.16067
5.18426
5.30156
5.39974
5.33417
5.33086
5.36315
5.41449
5.23571
5.35299
5.47687
5.15621
5.29379
5.26275
5.39803
5.42347
5.44984
5.64783
5.22924
5.2429
5.22351
5.17672
5.46491
5.11957
5.46451
5.638
5.31249
5.40364
5.3249
5.28788
5.02188
5.38861
5.1159
5.44648
5.46121
5.27795
5.24442
5.26788
5.18694
5.23648
5.45506
5.40321
4.94257
5.35903
5.3371
5.25915
5.38023
5.12246
5.34848
5.16842
5.26374
5.36647
5.07569
5.10033
5.39114
5.62398
5.20005
5.37681
5.18266
5.20083
5.34488
5.66251
5.40643
5.49972
5.15212
5.28692
5.45438
5.35242
5.35152
5.39034
5.47117
5.18983
5.32854
5.2058
5.00479
5.28366
5.22462
5.29502
5.3116
5.11008
5.3486
5.47584
5.58103
5.43346
5.39419
5.37423
5.55388
5.39731
5.1934
5.07433
4.99573
5.33315
5.20032
5.56491
5.43956
5.51106
5.23284
4.98032
5.19244
5.31941
4.96717
5.25815
5.26885
5.40816
5.79052
5.27344
5.22794
5.51326
5.34745
5.10204
5.44454
5.2307
5.33708
5.00263
5.44523
5.24068
5.34156
5.37884
5.2189
5.14569
5.33115
5.46507
5.22494
5.33268
5.4186
5.09361
5.42149
5.50082
5.46644
5.54464
5.72243
5.4674
5.29153
5.17239
5.48886
5.37568
5.37699
5.56661
5.34444
5.23237
5.2423
5.64329
5.31111
5.29681
5.19634
5.05568
5.29474
5.30534
5.22805
5.3164
5.42314
5.33745
5.28248
5.52821
5.42797
5.388
5.48678
5.61176
5.38644
5.36295
5.44104
5.30285
5.39625
5.44933
5.3767
5.49318
5.42296
5.42639
5.46596
5.4881
5.47515
5.632
5.59285
5.63649
5.72663
5.82573
5.98664
