inf
inf
inf
inf
inf
inf
inf
inf
inf
inf
inf
inf
inf
inf
inf
inf
inf
inf
inf
inf
inf
inf
inf
inf
inf
inf
inf
inf
inf
inf
inf
inf
inf
inf
inf
inf
inf
inf
inf
inf
inf
inf
inf
inf
inf
inf
inf
inf
inf
inf
inf
inf
inf
inf
inf
inf
inf
inf
inf
inf
inf
inf
inf
inf
inf
inf
inf
inf
inf
inf
inf
inf
inf
inf
inf
inf
inf
inf
inf
inf
inf
inf
inf
inf
6.23103
inf
inf
inf
inf
inf
inf
inf
inf
inf
inf
inf
6.1786
inf
inf
inf
inf
inf
6.13703
6.24448
inf
inf
inf
inf
6.13561
6.2573
inf
inf
inf
inf
inf
inf
inf
inf
inf
inf
inf
inf
inf
inf
6.28575
inf
inf
6.28918
inf
inf
5.87053
inf
6.29356
6.04055
6.30795
inf
6.26611
6.22566
inf
inf
inf
inf
5.9438
6.3232
inf
inf
inf
inf
inf
inf
5.89538
inf
inf
5.99193
6.41449
5.8881
5.55864
inf
5.2005
6.38928
inf
6.39544
6.04157
5.7863
6.36557
inf
5.70417
6.48527
5.81366
5.74358
inf
inf
5.56603
5.56574
inf
5.80982
6.60775
5.94375
6.60833
6.50012
5.90261
6.14915
5.59921
5.82979
5.79973
inf
6.64008
6.08179
5.99779
5.64595
5.76789
6.08874
5.51189
5.7168
5.71657
6.24358
5.81015
6.18031
5.81213
6.3308
5.5481
6.27823
5.84929
5.54773
5.86175
5.79831
6.09632
6.18299
6.00207
5.82353
5.97356
5.97738
5.82818
5.48613
6.04084
5.4818
5.4913
5.9023
5.63327
6.21038
5.78706
5.75921
6.06205
5.51634
5.45411
5.74744
5.82782
6.38101
5.43961
5.59704
6.08708
6.12461
5.65164
6.1005
6.10436
6.80157
6.05969
6.81852
5.44009
5.84857
6.03192
5.91848
5.26488
5.85443
6.14371
5.84748
5.72743
5.72621
5.69243
6.75548
5.78459
5.84018
5.59725
5.90859
5.87683
5.49806
5.82931
6.16681
5.70622
5.68256
5.75271
5.82227
6.66256
6.00697
5.74984
6.22702
5.70791
5.44225
6.01751
6.5065
5.47725
5.4947
6.17532
5.81522
6.30551
5.31143
5.74973
5.65975
6.86318
5.73139
5.91252
6.28434
6.20583
5.88317
6.42241
6.55703
5.70172
6.34768
6.02975
5.67452
6.06003
5.58757
5.69296
6.28354
5.44824
5.92938
5.69148
5.40719
5.79623
5.89887
5.73294
5.49107
5.73702
6.11285
6.10021
6.21715
5.75039
5.93969
5.54243
6.37027
6.52138
5.77833
5.87706
5.74052
6.11384
6.11177
6.24567
5.78125
6.48815
6.0008
6.34374
5.54749
6.24373
5.7278
6.55691
6.26598
6.4079
6.66084
5.92066
5.84593
5.92381
5.87504
5.81944
6.10648
5.99112
5.36732
6.31515
5.94096
5.83471
5.87203
5.94732
5.91617
6.01858
6.81458
6.53266
5.85431
6.13304
6.04096
6.15867
5.9893
6.42659
5.78339
5.80071
6.16942
5.88575
5.8415
6.0542
5.99902
5.8255
6.21499
6.28123
5.89321
6.07526
5.91162
6.18325
6.46866
6.16284
6.41712
6.15085
6.15436
5.84564
6.12607
6.20897
5.96554
6.39092
6.02844
5.84468
6.11027
6.1621
6.1632
6.14575
5.85892
5.89534
5.95953
6.1064
5.85737
5.85691
6.08311
5.98737
5.85843
5.98084
5.80221
5.97672
5.90285
5.81434
5.86904
5.73141
5.68442
5.65321
5.67265
