inf
inf
inf
inf
inf
inf
inf
inf
inf
inf
inf
inf
inf
inf
inf
inf
inf
inf
inf
inf
inf
inf
inf
inf
inf
inf
inf
inf
inf
inf
inf
inf
inf
inf
inf
inf
inf
inf
inf
inf
inf
inf
inf
inf
inf
inf
inf
inf
inf
inf
inf
inf
inf
inf
inf
inf
inf
inf
inf
inf
inf
inf
inf
inf
6.31647
inf
inf
inf
inf
inf
inf
inf
inf
inf
inf
inf
inf
inf
inf
inf
inf
inf
inf
inf
inf
6.32891
inf
inf
inf
inf
inf
inf
inf
inf
inf
inf
inf
inf
inf
6.25271
inf
inf
inf
6.21309
inf
inf
inf
inf
inf
inf
inf
inf
inf
inf
inf
inf
6.23606
inf
inf
inf
inf
inf
6.18277
inf
inf
inf
5.87506
inf
inf
inf
inf
6.31177
6.37747
inf
inf
6.442
inf
6.37471
inf
6.43923
inf
6.31671
inf
inf
6.0004
inf
6.03433
inf
6.5196
inf
inf
inf
6.04473
inf
5.95381
inf
inf
6.45916
inf
inf
6.58917
inf
6.57724
inf
6.58837
6.61002
6.1678
6.54448
6.1247
6.68408
6.24015
6.64204
inf
inf
inf
5.9965
6.30917
6.4609
5.93509
6.03711
6.56402
5.82793
6.05291
inf
5.59717
inf
6.07847
6.27989
6.22547
5.39323
6.8826
6.3384
6.96123
5.86209
6.28762
5.54817
6.134
5.79687
6.23015
6.74354
6.1633
6.17591
5.78268
5.96797
6.63399
6.7758
5.78833
6.69585
6.8697
6.45514
5.56909
6.48909
6.79686
6.16865
6.32484
6.08859
5.86405
5.4288
6.13135
5.96192
6.19655
6.26952
6.31057
5.54718
5.61793
5.53625
5.85877
5.81108
inf
5.94638
6.43521
5.73455
5.86109
5.93642
5.54682
5.69078
6.00862
5.30231
6.81076
5.55441
5.97331
6.23952
5.76502
5.85175
5.47469
6.67736
5.45889
6.06509
5.59468
6.06267
5.61544
5.55252
5.90731
6.28186
5.66523
5.81623
5.84282
5.65574
5.75484
5.67628
5.56433
5.87338
5.67985
5.68193
6.86791
6.36789
5.61512
6.34934
5.79492
5.79974
5.77758
5.96721
5.63792
5.62727
5.9547
6.17436
5.64889
6.00237
5.7184
5.68986
5.78213
5.62565
5.49471
5.29191
5.40923
6.13405
5.57632
5.57796
5.53285
5.68864
5.27763
5.55219
5.54253
5.3849
5.75551
5.63742
5.69607
5.91834
5.60457
5.94524
5.55903
6.07094
5.76296
5.68502
6.05922
5.67519
6.03083
6.58882
5.85619
5.48413
5.68303
5.98754
5.60607
5.82314
5.7333
5.52512
6.07971
5.81162
5.50497
5.52342
5.69608
5.58028
5.71863
5.56216
5.44608
5.46047
5.81767
5.77779
5.62749
6.16046
5.99552
6.02986
5.8483
5.42314
5.62414
6.01238
5.85663
5.91084
5.66386
5.56325
5.66671
5.76531
5.85911
5.88753
6.34448
5.93834
5.8012
6.10864
5.6642
5.66418
6.06834
5.97406
6.07823
5.86809
5.76173
5.86218
5.99781
5.76529
5.84045
6.39358
6.19607
5.85282
5.97184
5.80051
5.87751
5.7867
5.67131
6.00887
6.11152
5.80276
6.10311
5.94827
5.99225
5.80917
6.11885
5.90658
5.83056
6.02079
5.93482
6.04523
6.08963
6.25324
6.11672
5.75938
5.99055
5.66649
6.26753
5.79864
6.09459
5.95922
5.89856
6.04408
6.01903
5.91377
5.88714
5.89298
5.86372
5.7997
5.78815
5.66539
