4.99593
5.19371
5.26071
5.43025
5.36357
5.4095
5.40881
5.55966
5.45014
5.61231
5.55256
5.62013
5.66612
5.52945
5.476
5.75047
5.60207
5.48297
5.79043
5.60677
5.52058
5.76781
5.65616
5.73803
5.56724
5.70714
5.6039
5.69497
5.40767
5.66714
5.83776
5.851
5.54539
5.52905
5.66352
5.39119
5.62383
5.80513
5.77764
5.57066
5.59808
5.6493
5.67023
5.63694
5.70867
5.51754
5.72988
5.40874
5.86118
5.96464
5.38598
5.77268
5.98973
5.67215
5.52179
5.57978
5.82959
5.48535
5.64632
5.84259
6.00711
5.62839
5.27429
5.65585
6.16071
5.8532
5.70497
5.40443
5.40945
5.88789
5.54444
5.87512
5.83125
5.80856
5.98128
5.8374
6.16638
6.21485
5.8256
6.13827
5.54354
6.1145
5.90941
5.55655
5.92677
5.52858
5.97714
5.75854
5.35607
5.84728
5.66771
5.68438
5.51547
5.76667
5.52791
5.84651
5.71651
5.65623
5.83607
5.45434
5.96654
5.75696
5.7194
5.87277
6.13817
5.82095
5.74201
5.63838
5.62358
5.96873
5.56944
5.95466
5.57564
5.35141
5.76133
5.62517
6.49437
5.71862
5.90383
5.63954
5.69623
5.76074
5.6772
5.84557
5.79041
5.89916
5.77694
5.68348
6.26804
5.29441
5.52304
5.51931
5.50089
5.91711
5.9101
5.65082
5.39066
5.59986
5.80769
5.94032
5.35427
5.72724
5.42575
5.4727
5.62213
5.68632
5.78691
5.74957
5.49184
5.63598
5.54098
5.51829
5.59427
5.56668
5.69706
5.55256
5.49241
5.40368
6.23321
5.56419
5.49706
5.83385
5.88592
5.66628
6.22386
5.35444
6.17136
6.01927
5.92772
5.59083
5.83962
5.67168
5.38833
5.7411
5.26094
6.0663
5.41393
5.43168
5.67649
5.56446
5.70358
5.68657
5.69976
5.60541
5.64482
5.75733
5.7541
5.78006
5.89942
5.80569
6.02663
5.82146
5.80946
5.70544
5.44884
5.56587
5.37783
6.03505
5.42149
5.56089
5.48527
6.08601
6.11095
5.70432
5.38695
6.31271
5.90575
5.58896
5.52249
6.11241
5.49261
5.54819
5.62634
6.38137
5.75536
5.85479
5.88348
5.92713
5.77632
5.70851
6.18627
5.69583
5.90838
6.15327
inf
6.55081
5.70039
6.5657
5.68269
5.78281
5.47082
6.25186
5.86354
5.38041
6.12209
6.01499
inf
5.91575
6.02654
5.97765
6.35189
5.74008
inf
6.19959
6.20243
inf
6.45089
6.23769
inf
6.27941
inf
inf
inf
5.99386
inf
6.22324
inf
6.24961
inf
inf
inf
6.21846
6.30171
6.18516
inf
6.22186
inf
6.19942
inf
6.16382
inf
6.1392
6.15882
6.13713
inf
inf
5.74415
inf
inf
inf
inf
inf
6.19877
6.0671
inf
inf
inf
6.19168
inf
inf
inf
inf
6.05347
6.05006
inf
5.66817
inf
inf
6.08144
6.13264
inf
inf
inf
inf
inf
inf
inf
inf
inf
inf
inf
inf
inf
6.00083
inf
inf
inf
inf
6.00809
inf
inf
inf
inf
inf
inf
inf
inf
inf
inf
inf
inf
inf
inf
inf
inf
inf
inf
inf
inf
inf
inf
inf
inf
inf
inf
inf
inf
inf
inf
inf
inf
inf
inf
inf
inf
inf
inf
inf
inf
inf
inf
inf
inf
inf
inf
inf
inf
inf
inf
inf
inf
inf
inf
inf
inf
inf
inf
inf
inf
inf
inf
inf
inf
inf
inf
inf
inf
inf
inf
inf
inf
inf
inf
inf
inf
inf
inf
inf
inf
inf
