5.26804
5.31623
5.28784
5.44784
5.34595
5.38387
5.3444
5.45295
5.39395
5.47651
5.4674
5.37395
5.37642
5.33497
5.30989
5.36832
5.45715
5.39594
5.43066
5.54505
5.58556
5.41009
5.42072
5.42626
5.40727
5.43646
5.29377
5.50251
5.44091
5.50149
5.36637
5.37548
5.72879
5.59079
5.37817
5.3517
5.48609
5.39852
5.42385
5.37839
5.27354
5.35207
5.22353
5.70965
5.34489
5.45971
5.35779
5.55303
5.33213
5.35542
5.4405
5.21394
5.29968
5.18761
5.46806
5.46749
5.62952
5.48914
5.68686
5.56296
5.45389
5.23208
5.4176
5.4153
5.50061
5.34114
5.40096
5.62155
5.42059
5.27122
5.20197
5.58657
5.66057
5.54267
5.6426
5.50187
5.55808
5.52043
5.51793
5.5265
5.70363
5.47647
5.37157
5.56211
5.3831
5.6952
5.27974
5.6701
5.54551
5.27803
5.18696
5.44
5.29563
5.38796
5.22462
5.53654
5.71113
5.47981
5.53131
5.47657
5.69582
5.55398
5.62496
5.29568
5.37966
5.48213
5.37029
5.52473
5.30446
5.36118
5.75381
5.18112
6.00586
5.27093
5.48773
5.484
5.53401
5.58434
5.1626
5.41643
5.29608
5.67828
5.27836
5.74335
5.43643
5.39319
5.37359
5.35911
5.42692
5.61852
5.29003
5.39475
5.41122
5.36931
5.40387
5.3607
5.41073
5.58482
5.46138
5.11255
5.30099
5.36798
5.26595
5.58581
5.6924
5.27523
5.41288
5.35201
5.30286
5.58332
5.24863
5.28389
5.21225
5.54526
5.30423
5.26428
5.3656
5.46294
5.66518
5.35133
5.51803
5.44942
5.27877
5.53828
5.52032
5.49517
5.62656
5.26151
5.395
5.32776
5.27712
5.49446
5.33212
5.47258
5.2145
5.17282
5.46339
5.39992
5.52591
5.44489
5.385
5.29161
5.52316
5.55516
5.1882
5.2885
5.29111
5.32899
5.26712
5.14069
5.48318
5.17443
5.22507
5.60621
5.25717
5.42234
5.40742
5.58046
5.34691
5.43648
5.12814
5.18342
5.30942
5.49498
5.36243
5.4587
5.2389
5.40424
5.42805
5.09833
5.1757
5.2405
5.43505
5.19418
5.25615
5.42145
5.68068
5.12732
5.12296
5.6892
5.4691
5.26238
5.41969
5.32878
5.36729
5.68967
5.73978
5.46553
4.89901
5.42825
5.37302
5.45039
5.33233
5.24133
5.05371
5.17976
5.2631
5.21441
5.33654
4.98634
5.31513
5.10659
5.30228
5.07995
5.2819
5.24965
5.90993
5.28482
5.29208
5.49666
5.30283
5.46273
5.33317
5.36499
5.30982
5.34345
5.10181
5.44228
5.32973
5.45982
5.20459
5.20934
5.3484
4.95118
5.15445
5.20614
5.24183
5.40148
5.52267
5.43484
5.32967
5.38518
5.43797
5.38285
5.06609
5.10878
5.42484
5.13977
5.55884
5.4667
5.26054
4.97731
5.45389
5.01555
5.35509
5.5367
5.13659
5.04777
5.32881
5.54182
5.08853
5.14259
5.28079
5.08174
5.14276
5.26021
5.0746
5.17313
5.40989
5.02641
5.26215
5.27335
5.10391
5.13266
5.39704
5.07407
5.24448
5.23481
5.09555
5.19637
5.11936
5.10463
5.36951
5.29375
5.35483
5.138
5.48713
5.14608
5.00067
5.16775
5.27185
5.24896
5.26715
6.0642
5.07724
5.27171
5.55932
5.41296
5.16005
5.27706
5.04939
5.18673
5.27761
5.13146
5.25064
5.46123
5.01637
5.29925
5.02447
5.32458
5.05187
5.356
5.27143
5.08431
5.06411
5.34748
5.07913
5.09149
5.19309
5.43357
5.43506
5.05367
5.13064
5.18954
5.28322
5.3381
5.0714
5.0862
5.39003
5.2131
5.07327
5.10768
5.35547
5.11008
5.47887
5.63141
5.43781
5.37998
5.2483
5.02471
5.23848
5.29841
5.15106
5.33848
5.0264
5.42152
5.29172
5.10552
5.21275
5.05914
5.19955
5.28391
5.34403
5.09754
5.48179
5.29637
5.61243
5.30699
5.45517
5.16249
5.33466
5.24625
5.4329
5.34485
5.2434
5.17477
5.28568
5.3806
5.23577
5.46045
