5.7078
5.86119
5.9745
5.89663
5.94485
6.14397
6.05156
6.03354
6.05445
6.31115
6.36408
6.38458
6.1901
6.12648
6.11679
6.22324
6.03946
6.12399
6.10828
6.13634
6.0691
6.45402
5.8249
6.11602
6.35931
6.51268
6.12321
6.45308
5.98281
6.27412
6.19206
6.24619
5.91668
6.30357
6.46079
5.88931
6.24347
6.47575
6.39391
6.06534
5.89134
6.01967
5.85879
5.93948
6.19773
5.75386
6.20857
5.91213
6.30562
6.31339
6.72391
7.10477
6.38425
6.05635
6.76311
5.80143
5.94325
6.23655
5.67637
6.0277
6.39122
5.99934
6.65295
6.74919
5.62731
6.0107
6.42737
5.90761
6.03259
6.07862
5.98171
6.31749
5.91127
6.39557
6.224
6.19792
5.95832
5.94319
5.88563
5.92657
6.24294
6.02688
6.0135
6.48769
6.37088
5.99743
5.96005
5.7513
5.90925
6.40513
6.21757
6.36772
5.68283
5.83162
5.8406
5.92406
5.65234
6.10955
5.80521
6.20636
6.06762
6.37864
5.6784
5.59343
5.75688
5.90084
6.25561
6.04208
6.0152
5.41744
5.96555
6.23723
5.84619
6.45669
6.27738
7.34887
5.94247
6.28415
5.96565
5.78415
5.76018
5.56153
5.77646
6.29913
6.01767
5.64495
5.77658
5.72942
5.65319
5.8521
5.9043
6.15735
5.82665
6.03212
5.87117
5.72874
5.72436
5.68119
6.19284
5.54012
5.80263
6.0387
5.53605
5.85179
5.92866
5.84094
5.60575
5.58862
5.80946
5.49205
5.86126
5.86038
6.37835
5.69257
6.26996
5.9101
5.85726
5.72346
5.5012
5.77212
5.40903
6.03051
5.57856
6.3284
5.72036
5.9127
5.97085
5.82351
5.66078
6.06893
5.78959
5.76228
5.75634
5.87119
5.70064
6.27265
5.80496
5.92785
6.08657
5.81496
5.60746
5.56647
5.68892
6.10225
5.84916
5.60025
5.87093
5.7651
6.10643
5.94229
5.68556
5.91879
5.5724
5.67021
5.89159
5.46967
5.72001
5.89441
5.58718
5.63472
5.69135
5.75814
5.73419
5.60721
6.40614
5.63559
5.49302
5.60432
5.72
5.92436
5.50742
5.60098
6.01686
5.93882
5.8572
5.57858
5.86624
5.36447
5.86804
5.91138
5.8481
5.60637
5.50222
6.16136
5.40405
5.80038
6.09933
6.8977
5.79643
5.90104
6.54952
6.08398
6.10667
5.63788
5.78444
6.78084
5.55354
6.04216
5.55946
5.94966
6.00579
6.7108
5.93381
6.64371
6.01024
6.21278
6.28599
6.21129
5.47043
5.9494
5.81379
5.63068
5.78513
5.86081
6.15042
6.09209
5.78364
6.49147
5.88659
5.66468
6.06033
5.37556
5.55506
5.66637
5.8292
6.41458
5.77561
5.8128
5.82213
6.50919
6.07875
6.39942
inf
5.9255
6.44029
5.6101
5.71917
inf
6.03685
5.75495
5.99406
6.42205
5.74031
inf
5.95469
5.99844
5.89874
5.65665
5.73754
5.69301
inf
5.63956
inf
5.55368
5.64027
5.54979
6.40603
6.41786
5.81769
6.32642
5.90025
5.96223
6.32267
6.28692
6.32417
5.85836
5.75554
6.24342
inf
5.93563
5.94458
5.9307
inf
5.81627
6.33109
5.93536
6.33515
5.92031
6.26397
inf
inf
6.11935
inf
6.19973
5.87953
inf
5.93547
5.84876
inf
inf
6.28734
inf
6.2669
5.49692
5.88084
inf
inf
5.94141
5.92279
5.67621
5.91828
6.19488
inf
5.90071
inf
6.40361
5.97394
5.73409
inf
inf
inf
6.44009
inf
6.42174
6.41045
6.04889
6.33494
inf
inf
5.81761
6.07766
inf
6.45186
inf
6.4477
6.54309
inf
inf
6.5511
6.57586
inf
6.59375
inf
inf
inf
6.61483
6.63648
6.64823
6.70109
6.5899
6.73053
6.68408
inf
6.77958
inf
inf
inf
inf
inf
inf
7.06616
6.75067
7.37888
7.28122
6.98431
inf
inf
inf
7.81813
7.75474
