5.84098
6.09548
6.0692
6.05227
6.22487
6.15875
6.08585
6.07557
6.09444
6.12145
6.469
6.36669
6.10259
6.48015
6.60823
7.09913
6.33036
6.21674
6.57449
6.58039
6.34746
6.52643
6.24972
6.18064
6.43042
6.65718
6.27835
7.1896
6.87328
6.62781
7.13741
5.99457
6.42979
6.74269
6.54369
6.46918
6.69817
6.51134
6.38415
6.43445
6.14926
6.21279
6.18481
6.70957
6.22891
6.36688
5.97695
7.03088
5.87303
6.22281
5.80927
6.59241
6.89509
6.87393
7.07882
6.19903
6.33416
inf
6.79147
6.33309
6.46734
6.26405
6.15409
6.40346
inf
5.91237
6.29153
6.72957
6.45781
inf
6.85735
6.01949
6.79175
6.05491
6.45428
6.27465
6.3343
6.35125
5.94257
6.6687
inf
inf
inf
inf
6.54271
inf
6.6515
inf
6.81976
inf
5.98635
6.22208
inf
6.32832
6.7595
inf
6.58754
6.13923
6.20785
6.7139
inf
5.98164
5.73897
inf
6.51983
6.68811
inf
6.73461
6.7325
6.67642
inf
inf
inf
5.73027
6.61855
6.64075
6.49227
6.18778
6.57387
6.50689
6.5911
6.21258
6.60495
6.58705
5.61567
inf
6.46742
inf
6.4178
6.63428
inf
inf
inf
inf
inf
inf
6.52473
inf
6.32447
6.54651
inf
5.93029
6.64081
inf
6.45676
6.65299
6.60146
inf
inf
inf
6.63163
inf
6.4989
inf
6.598
6.65138
inf
6.16621
6.00421
inf
6.05903
6.157
6.50755
inf
inf
6.52288
inf
inf
inf
6.1306
6.50181
6.5187
6.00997
inf
inf
6.56195
inf
inf
inf
inf
inf
inf
inf
6.60221
6.67155
6.55773
inf
inf
inf
inf
6.67418
inf
inf
6.74612
6.69638
inf
inf
inf
6.60639
inf
inf
inf
6.3775
inf
inf
inf
inf
6.60306
inf
inf
inf
inf
6.26239
6.52949
inf
6.6067
6.51818
6.48082
inf
6.37743
6.37493
inf
6.456
inf
inf
inf
6.52273
6.32189
inf
inf
inf
inf
inf
6.47355
6.48945
inf
inf
inf
inf
inf
inf
inf
6.33238
inf
inf
6.3382
inf
inf
6.29097
6.14492
inf
6.31062
inf
inf
6.1775
inf
6.33968
inf
inf
inf
inf
inf
inf
inf
inf
inf
inf
inf
inf
inf
inf
inf
inf
inf
inf
6.10714
inf
inf
inf
inf
inf
inf
6.18725
inf
inf
inf
inf
inf
inf
inf
inf
inf
inf
inf
inf
inf
inf
inf
6.18125
inf
inf
inf
inf
6.02345
inf
inf
inf
inf
inf
inf
inf
inf
inf
6.06746
inf
inf
inf
inf
inf
inf
inf
inf
inf
inf
inf
inf
inf
inf
inf
inf
6.29939
inf
inf
inf
6.31955
inf
inf
inf
6.33159
inf
inf
inf
inf
inf
inf
inf
inf
inf
inf
inf
inf
inf
inf
inf
inf
inf
inf
inf
inf
inf
inf
inf
inf
inf
inf
inf
inf
inf
inf
inf
inf
inf
6.49945
inf
6.15353
inf
inf
inf
inf
inf
inf
inf
inf
inf
inf
inf
6.87038
inf
inf
6.742
inf
7.13984
inf
7.02877
7.44982
7.50832
6.61475
inf
7.14703
7.21528
