 4700.386544
 16175.701154
 11230.449025
 2511.650289
 8966.882088
 1184.617617
 466.868019
 90.979045
 187.856892
 2070.725450
 1048.988371
 1615.136366
 297.372782
 1077.743932
 120.437350
 2870.548014
 1375.117281
 277.378840
 635.033700
 2619.956461
 5042.267422
 2035.622379
 3788.495669
 1047.666671
 4867.127318
 642.431053
 2696.892445
 290.680373
 2718.429574
 974.993948
 485.693857
 466.719435
 3888.667667
 2535.186259
 259.804052
 4700.296894
 2678.363774
 637.665886
 1509.646723
 3365.638059
 7580.296128
 2302.624217
 5616.976744
 1609.715574
 7537.544374
 983.207728
 4248.921849
 679.032073
 4495.849294
 2106.876863
 1406.326331
 977.473916
 6275.272097
 4049.184590
 508.415982
 7054.647549
 19048.138590
 12864.098222
 2201.224835
 1822.964852
 593.994737
 1497.404294
 1082.082227
 66.458962
 51.964143
 15.052512
 2766.582594
 946.626274
 911.455306
 385.793355
 349.556900
 165.319833
 78.126597
 24.574885
 7.125428
 5.375214
 3649.028446
 2680.915353
 184.949280
 151.173894
 40.861722
 3547.850691
 6575.635668
 1807.500279
 1618.824335
 546.680400
 2521.269707
 6479.781015
 715.701445
 413.462660
 182.052319
 251.934667
 2540.770481
 1168.258834
 83.826966
 25.731429
 201.754550
 2518.620037
 592.480435
 90.479348
 20.617980
 75.217732
 1423.434345
 328.122038
 32.355387
 24.778301
 6128.797778
 4105.940413
 422.603413
 354.386627
 102.599541
 5003.139567
 9625.237797
 2033.767334
 1736.636262
 564.619727
 3615.677515
 9891.637424
 967.567573
 678.773963
 301.660520
 794.072988
 4552.452826
 2543.067611
 233.684511
 76.231737
 667.260037
 4546.852858
 1643.475151
 288.858253
 71.749427
 434.476190
 3319.341253
 1181.970205
 150.312245
 113.643010
 2682.282725
 2475.768478
 2591.250509
 1544.572841
 2680.762899
 1079.572942
 579.262310
 57.874683
 311.019689
 1101.504609
 801.786823
 1136.754435
 375.295641
 1141.014663
 223.499847
 547.570912
 544.077066
 341.838314
 432.814247
 523.526388
 457.507071
 539.591202
 440.158165
 550.737433
 313.481677
 2713.065857
 2415.200660
 2509.886642
 1507.477519
 1481.049446
 771.516343
 929.588626
 910.573059
 72.106779
 36.188864
 25.459842
 851.351172
 614.306539
 597.976618
 302.948524
 353.206217
 146.525338
 85.330469
 0.000000
 0.000000
 0.000000
 427.212284
 433.628397
 218.554319
 212.023366
 84.991374
 409.682061
 359.946717
 300.570607
 188.605748
 348.373964
 287.748779
 190.956376
 148.884771
 88.482905
 88.123061
