3.41766
3.47971
3.48327
3.49277
3.63892
3.49286
3.52139
3.63235
3.62591
3.64588
3.65769
3.6242
3.71609
3.66284
3.75916
3.76885
3.81247
3.75604
3.79492
3.79367
3.74797
3.68713
3.65811
3.71291
3.90103
3.60618
3.71484
3.7145
3.81619
3.84866
3.69486
3.82512
3.70693
3.76586
3.66463
3.95663
3.81181
3.75078
3.92134
3.68955
3.73891
3.65416
3.72783
3.9431
3.58786
3.66828
3.58243
3.8934
3.66242
3.55863
3.85802
3.76795
3.76976
3.66221
3.76324
3.66805
3.51815
3.54703
3.7529
3.53993
3.58528
3.83714
3.56539
3.80081
3.78795
3.44294
3.77295
3.52296
3.63831
3.6
3.51857
3.6019
3.72049
3.53171
3.79835
3.65049
3.71788
3.63103
3.79341
3.79409
3.53279
3.5334
3.4187
3.66288
3.63444
3.44148
3.85383
3.76577
3.60246
3.4981
3.64981
3.73427
3.4094
3.49716
3.50439
3.5406
3.56888
3.82737
3.69432
3.73856
3.6112
3.5581
3.48331
3.63189
3.50173
3.46675
3.57021
3.67573
3.55114
3.52192
3.35896
3.38548
3.45334
3.53476
3.67719
3.64713
3.66454
3.42081
3.62982
3.69589
3.73272
3.60545
3.77321
3.49994
3.67545
3.64164
3.55823
3.59264
3.6835
3.90404
3.75259
3.65943
3.46455
3.91053
3.55514
3.78966
3.55387
3.81861
3.64901
3.7368
3.74042
3.72851
3.50977
3.48737
3.54508
3.58403
3.56867
3.87927
3.88273
3.8784
3.72255
4.07589
3.65184
3.43203
3.70703
3.74544
3.50255
3.58564
3.80522
3.42637
3.5357
3.36319
3.70519
3.54406
3.61103
3.63901
3.56608
3.65139
4.00019
3.64979
3.58544
3.58316
3.69598
3.46119
3.56901
3.6682
3.60577
3.68677
3.74495
3.63922
3.66748
3.68752
3.76525
3.6539
3.60243
3.68682
3.4867
3.72298
3.96567
3.75871
3.74177
3.59658
3.65771
3.62936
3.80421
3.7631
3.68938
3.68757
3.5836
3.70334
3.42917
3.73519
3.77985
3.57564
3.7084
3.49061
3.7386
3.76903
4.01393
3.54053
3.94637
3.77206
3.89053
3.77155
3.72674
3.84552
3.90496
3.78549
3.96155
3.77292
3.55802
3.7304
3.48963
3.84868
3.65204
3.65253
3.6451
3.634
3.67016
3.79007
3.56207
3.47374
3.60278
3.5883
4.16477
3.45357
3.66173
3.60475
3.41267
3.6894
3.76287
4.16883
3.71725
3.68181
3.951
3.70787
3.92858
3.75961
3.76647
3.61977
4.6006
3.55942
3.8947
3.96607
3.77344
3.39547
3.57847
3.6618
3.94817
3.94973
4.00207
3.52665
3.93491
3.77222
3.54571
3.69685
3.51582
3.35537
3.4433
3.64011
3.71382
3.54413
3.75591
3.76131
3.55325
3.9347
3.30575
3.57281
3.74619
3.81796
3.45843
3.6514
3.26021
4.15169
3.50175
3.27872
4.35614
3.91725
3.62509
3.9117
3.93104
3.63838
3.36285
3.82324
4.03538
3.51419
3.89406
4.60228
3.59447
3.49968
3.81747
3.68172
3.81765
3.72301
4.00374
3.56926
3.83647
4.56265
3.63067
3.70002
3.71405
3.53427
3.60221
3.97692
3.51985
3.61729
3.74017
3.71134
3.59105
3.7536
3.24799
3.63463
3.88521
4.02456
3.9116
3.67102
3.97976
3.4604
3.37708
3.6437
3.77175
3.55414
3.62979
4.03734
3.43033
3.44101
3.8287
3.41825
3.64124
3.45274
3.64722
3.90185
3.7199
3.58074
3.62336
3.37888
3.74544
3.78781
3.63766
3.86063
3.853
3.62747
4.01454
3.88026
3.85914
3.76442
3.50041
3.75835
3.70434
3.58133
3.66209
3.58521
3.8885
3.82115
3.52491
3.47142
3.77614
3.60249
3.72551
3.96257
3.87867
3.38607
3.71627
3.48014
3.75534
4.10243
3.61544
3.57994
3.51718
3.70867
3.54503
3.64003
3.64331
3.49292
3.55513
3.80923
3.91387
3.64101
3.52126
3.76155
3.61008
3.63781
3.59876
3.69988
3.70694
3.73902
3.46751
3.50083
3.57784
3.62293
