4.77452
4.63148
4.63039
4.40918
4.46465
4.22948
4.51995
4.51275
4.28316
4.1894
4.23138
4.41765
4.31428
4.47036
4.3381
4.22738
4.35469
4.44095
4.25263
4.18107
3.86791
4.06285
4.24812
4.36495
4.14233
4.10009
4.22728
4.39481
4.41304
4.37411
4.12595
4.09579
4.13323
4.48415
3.97343
4.17588
4.14832
3.96004
3.9551
4.23491
4.68632
4.41322
3.95486
5.02561
4.22633
3.85397
4.19201
4.48435
4.20234
4.01851
4.07046
4.3019
4.12366
4.19871
4.23859
4.38453
4.16092
4.52171
4.30075
4.55273
4.4725
3.94258
3.92933
4.05831
4.52774
3.80109
4.63581
4.08733
4.38074
4.01327
4.05834
4.75493
4.24009
4.13858
4.26837
3.8588
3.90142
4.11065
4.61585
5.11256
5.12046
4.18598
3.87955
4.12377
4.46286
5.03667
4.22057
4.06941
4.12302
5.12307
4.31849
4.64357
4.14945
4.24345
3.96823
4.03106
4.12852
4.54257
3.85888
4.72718
4.68231
4.38397
4.94691
4.41895
4.32035
3.87034
4.41359
4.30276
inf
4.19389
4.63151
4.37783
4.23817
3.89724
4.08353
4.26937
4.13042
3.86879
4.66114
4.09615
4.39273
4.60453
3.99808
4.60401
4.22748
4.61082
3.73835
5.03391
5.03597
3.69856
4.20179
3.96622
4.60195
4.70184
5.01784
4.19601
3.71118
4.14824
4.14464
5.13419
3.92597
3.91423
5.05833
4.39435
4.28873
4.2015
4.11359
4.47521
4.29375
4.24096
4.115
4.41679
4.10758
4.65644
3.8361
4.68377
4.75501
3.68198
4.65499
4.32246
4.00691
4.16294
4.04541
4.28274
4.70466
4.24085
3.86408
5.0223
4.23694
4.52929
4.04321
4.10938
5.18322
4.52494
4.07305
4.1584
3.88701
4.33755
4.7676
4.50765
3.9958
4.14998
4.37619
4.17358
4.60795
4.60994
4.17847
4.06327
4.20649
4.16815
4.04023
4.07757
4.26978
4.35249
3.93351
4.29088
3.95426
4.29525
4.0666
4.05661
4.29058
4.01348
3.84
4.28447
3.87193
4.56241
4.21774
4.4754
4.3472
4.50032
4.20256
4.23234
3.94463
4.12604
3.99854
4.18738
3.87047
4.06236
4.25356
4.40037
4.45004
3.76114
4.30679
4.3291
3.94527
4.05624
4.35777
3.97023
3.97367
4.69102
4.08841
4.05292
4.08115
inf
3.97841
5.28236
4.68619
5.16763
4.46148
4.13029
4.7022
3.89105
4.4712
4.4386
4.29445
4.13169
4.16261
5.14539
4.28389
3.90893
inf
4.05609
4.06408
4.29337
4.23845
4.12851
3.95924
4.2045
4.94012
inf
4.09327
3.98965
4.01944
4.66616
3.99093
4.43323
3.84175
4.14888
4.65139
4.20195
4.60583
4.20827
4.70564
5.01452
4.16648
3.86999
3.80351
4.40296
3.73057
4.40156
4.08789
4.36076
4.45322
4.00046
4.69335
4.67576
4.02261
4.70538
3.86262
4.16641
3.94897
4.23038
4.00019
3.89334
4.31914
4.1241
4.58809
3.83178
4.06711
3.95639
4.60223
4.406
3.99802
4.12968
4.23431
3.99769
4.37266
3.95661
3.94844
4.26806
4.5168
4.23615
4.16695
4.14647
4.45825
4.20277
4.36474
4.31821
4.46935
4.75858
4.30707
4.83075
4.29322
4.00704
4.05425
4.37238
3.93363
4.20769
3.91608
4.15312
4.32721
4.38003
3.99959
3.88502
4.00989
4.53761
4.78046
4.41926
4.62667
4.57524
4.19623
4.38291
3.84712
3.95117
4.02912
4.45849
4.14111
3.97447
3.89973
3.82107
4.12658
3.9472
4.08337
4.24644
4.09318
3.90079
4.11436
3.95919
4.38508
4.19902
4.20724
3.78321
4.07851
4.02513
4.03693
3.77595
4.43504
4.06286
3.86318
4.18365
4.27021
4.31664
4.24207
3.74693
4.11123
4.25684
3.85384
4.13596
4.01776
3.96783
3.99778
4.3244
4.0452
4.08749
3.94141
3.86822
3.96978
4.15126
3.91686
4.17546
4.20774
4.03911
4.14095
4.31459
4.08801
4.07409
4.23227
4.30644
4.33486
4.32296
