4.61319
4.63632
4.58066
4.44439
4.31496
4.7653
4.49206
4.52044
4.10436
4.74436
4.24784
4.13874
4.1901
4.22585
4.28087
4.17388
4.28518
4.18079
4.326
4.05684
4.37382
4.60336
4.07728
4.20727
4.18777
4.77226
4.32021
4.10677
4.25284
4.42915
4.36446
4.27032
4.28056
4.6615
3.89756
4.29599
3.95139
4.24908
4.61542
4.00744
3.92187
4.18562
4.0587
4.05798
4.19825
4.11958
4.46641
4.39931
4.37727
4.09541
4.20701
4.70857
4.43902
4.43565
4.58564
4.6161
4.37724
4.12024
4.85221
4.24933
4.5689
4.17667
4.17292
4.73286
4.37355
4.64952
4.26344
4.07923
4.39061
4.22445
4.23809
4.10117
4.50251
3.97037
3.94435
4.20598
4.74289
4.34194
5.04345
4.53356
4.34196
4.06366
4.33541
4.71953
4.55672
3.86393
inf
4.27571
3.95855
4.69179
4.15075
4.13927
4.66618
3.86527
3.99362
4.64135
4.30344
5.15358
5.10076
4.14219
4.72238
4.74233
3.92514
4.31186
5.10813
4.13017
4.93639
4.62709
3.94261
4.44044
inf
4.10656
4.71614
4.05826
4.2513
4.38165
4.27786
4.16263
4.25199
4.24363
3.77812
4.11323
4.21722
4.24572
4.45576
inf
4.11209
4.13045
4.48165
4.43253
4.4268
4.25957
5.17725
4.2229
4.20796
3.85774
4.67525
4.27901
4.6879
4.37875
5.02236
4.36493
4.32082
4.69064
3.99311
3.98375
4.63668
4.30893
4.24432
4.4659
4.77125
4.05212
4.48622
4.32194
4.50185
4.4739
4.47661
4.65694
4.46658
4.46056
4.31606
4.66673
4.3103
inf
4.5353
4.06007
4.01526
4.22023
4.37174
inf
5.13868
4.40949
4.68332
inf
4.83022
4.37703
4.25751
4.35923
4.36931
4.23529
4.39806
4.16724
4.01037
4.61761
4.36809
5.30894
4.46559
4.4276
4.96402
4.46718
4.52129
5.25752
4.54026
4.33903
4.58148
4.05153
4.15167
4.58688
4.12619
4.39867
4.59953
4.39221
4.69486
4.67799
4.98503
4.59197
4.709
4.18426
4.13292
4.36994
4.38264
4.24263
4.80168
4.58909
4.58699
4.55721
4.49776
4.24223
4.18141
4.37202
4.81564
4.88175
4.3862
4.07277
4.76137
4.61031
4.75091
4.38585
4.68942
4.76145
4.09252
4.4947
4.21837
4.31685
4.66494
4.83771
4.80375
4.82154
3.99436
4.51225
4.63764
4.30937
4.11089
4.63861
inf
4.24495
5.20652
4.08452
4.27528
5.03947
4.45359
4.05732
4.30928
4.47059
4.26275
3.99947
4.14225
inf
5.0993
4.31174
4.54179
4.68995
4.49981
4.29719
4.39932
4.30151
4.42197
5.26357
5.046
4.27224
4.11354
4.65699
3.98035
4.76372
4.36332
4.29194
4.11987
4.1186
4.49558
3.97367
5.01613
4.60081
4.23475
4.17082
3.92855
4.37675
5.15527
3.92998
4.5741
4.48687
4.24427
4.39911
4.2341
4.44858
4.12963
3.89432
4.48311
4.66506
4.28679
4.3565
4.26929
4.23459
4.22802
4.48487
4.05949
5.08535
3.66209
4.43561
4.2904
4.74676
4.48999
4.26515
4.12975
4.14589
4.03467
3.98715
4.28876
4.43895
4.27538
4.72597
4.49981
4.45583
4.14106
4.10225
4.45555
5.05498
4.52396
4.52815
4.68717
4.20911
4.75008
4.13229
4.80502
4.83843
4.11042
4.81392
4.82676
4.59765
4.10426
4.29486
4.43142
4.87007
4.11912
4.41215
4.01145
3.96038
4.22782
4.2443
4.40425
4.08419
4.20124
4.20463
4.45923
4.59712
4.187
5.19805
4.7187
4.39772
4.23241
4.1267
4.49812
4.97918
4.32391
4.59711
4.35823
4.29417
4.47733
4.62968
4.50899
4.03511
4.55785
5.05795
4.51681
4.27153
3.85806
4.32633
4.36673
4.36248
4.25957
4.50568
4.62624
4.67626
4.24803
4.09248
4.29001
4.34338
4.2609
4.64304
4.27525
4.42884
4.60769
4.43775
4.32591
4.27287
4.25142
4.27661
4.46497
4.4402
4.24432
4.17379
