4.37472
4.29112
4.3812
4.20356
4.1978
4.13333
4.31355
4.11503
4.08942
4.045
4.07726
4.09959
3.99078
4.12559
4.17327
4.09466
4.21279
4.01572
4.22325
4.09156
3.85486
3.92465
4.1701
4.18852
3.9965
3.98287
4.05506
4.30549
3.99213
3.91498
3.80188
4.02825
4.18906
4.12603
3.91758
3.94376
3.74409
3.94962
3.92466
3.95752
3.74854
4.04819
3.80882
4.3755
4.27142
3.94474
4.76936
4.14647
3.98583
4.27431
3.95619
3.9389
4.19276
3.81955
4.29401
3.85783
4.21764
4.33741
3.81236
4.10085
4.08005
3.98926
4.0843
3.80124
4.10789
3.86681
3.73922
4.31568
4.28149
3.95537
4.4348
4.30625
4.80631
3.69952
4.39321
4.28332
3.71748
4.31881
4.29752
4.21613
4.35658
3.93238
4.2381
3.86675
4.42655
4.02716
4.10369
4.06717
4.12914
4.1009
4.49262
3.99951
4.14296
4.79484
3.73714
4.30548
4.00835
4.18924
3.9754
4.23933
4.43819
4.39929
4.11917
3.97121
4.17329
4.05399
4.07393
4.06157
4.4969
4.44029
4.26602
3.88112
5.06464
3.94161
4.77794
4.05072
4.65321
4.46123
3.8926
3.84165
3.87549
3.94154
3.97267
4.16549
4.50739
4.46541
4.32936
4.40834
3.89687
3.91533
4.06452
4.29132
4.15625
3.91502
4.24065
4.00868
4.11893
4.27781
4.09889
4.55618
4.31868
4.43665
4.26479
4.02743
4.05481
4.27998
4.12857
4.37323
4.52286
4.22388
4.14586
4.25966
4.2762
4.01826
4.23635
4.24641
5.05121
3.73352
4.13772
4.22756
4.34009
5.10676
4.03635
4.0924
5.24784
4.06089
4.30079
4.72669
4.48086
3.87281
4.20069
4.51422
4.12845
4.58246
4.00596
4.02939
3.8262
4.08706
4.15699
4.5873
4.58265
4.26896
4.56559
4.43014
4.08949
4.62642
4.23998
4.31497
4.21108
3.76398
4.21241
4.07928
4.15824
3.9288
4.00462
4.23718
3.84333
4.49445
5.06064
4.62183
4.18923
4.35247
3.91777
4.03922
4.2439
4.41859
4.384
4.25301
4.25229
3.83723
4.50276
4.11728
4.82003
4.41689
4.65214
4.04152
4.04415
4.06652
4.14752
4.15545
4.03713
4.51634
5.20099
3.98048
3.8268
4.00611
3.91825
4.37254
4.26224
4.08706
4.31235
4.51175
4.71725
4.43996
3.93445
4.06065
4.34239
3.95898
4.1369
3.78382
3.9226
4.12578
4.66891
4.12245
4.27015
4.42608
4.41335
3.79247
4.17701
3.93727
4.37016
4.68533
4.45591
3.95048
4.47847
4.41865
4.59771
4.61835
4.63878
4.36461
4.55915
4.55209
3.86286
4.17781
4.34683
4.52433
4.41509
4.06504
3.83904
4.15277
4.16698
4.53164
4.64926
3.94768
4.37554
4.34052
4.59385
4.01096
4.07043
4.00772
3.8547
4.37997
4.65856
4.09135
4.35005
inf
4.32344
4.91041
3.88358
4.12945
4.39951
4.02002
4.21889
4.19884
4.15164
4.41733
4.60907
4.37807
4.13222
4.19506
4.56339
4.37241
4.0414
4.06765
4.92873
4.97251
5.02085
4.99761
3.88388
inf
4.03523
3.85242
4.19228
3.87325
4.19737
4.14915
4.01679
4.22272
4.41356
3.96636
4.68755
inf
4.09295
4.12416
3.87083
3.85354
4.70246
inf
inf
3.94863
4.50567
4.34652
4.17069
4.45058
4.52934
3.82193
4.22259
4.11048
inf
5.19606
3.96683
3.85204
3.84168
4.35619
4.09928
3.97378
4.06484
4.18137
5.30307
4.52544
4.19065
4.56695
4.74605
4.05797
4.23819
4.35205
4.21292
4.63925
4.69793
4.28641
4.52163
4.17619
4.26628
5.01653
4.55106
4.30047
4.11275
4.52705
4.15736
4.21585
3.90559
4.43093
4.20758
4.0427
4.81233
4.8694
4.39425
4.05153
4.37549
4.53264
4.40979
4.40321
4.28996
4.53123
4.16092
4.1858
4.63706
4.40067
4.24974
4.36447
4.60093
4.344
4.37953
4.22868
4.65815
4.37175
4.36695
4.25672
4.33019
4.18041
