4.4287
4.57847
4.61801
4.63631
4.77298
5.04858
4.67062
4.57582
4.97723
4.58731
4.56802
4.54097
5.06437
5.31965
4.75432
4.65234
4.36769
4.51894
4.76177
4.43827
4.55105
4.9205
4.60308
4.75829
4.52933
4.40222
4.80857
4.48255
4.47088
4.38289
4.26639
4.61024
4.34686
4.37702
4.60343
4.06634
4.59022
4.8846
5.02691
4.52197
4.23095
4.49646
4.98094
4.76197
4.72128
4.29338
4.50659
4.58125
4.37643
4.37763
4.38776
5.33513
4.37298
4.34074
4.67802
4.38978
4.36408
4.17975
4.9205
4.1147
4.60718
5.18939
4.39612
4.59046
4.27737
4.4188
5.23766
4.39343
4.54603
4.52761
5.13092
4.84817
4.32114
4.19541
4.10617
5.07759
4.51329
4.39361
4.14946
4.36697
4.78201
4.99413
4.32319
5.14342
4.324
4.67361
3.91569
4.73225
4.32437
4.49733
4.72228
4.07985
4.64145
4.47677
inf
4.31804
4.55748
inf
4.68769
4.26183
4.47758
4.28028
4.70659
4.13587
4.04061
4.63624
inf
5.19657
5.05375
4.27875
4.26712
5.05598
4.02575
5.14711
5.16656
4.47205
4.2915
4.2421
4.59469
4.65645
4.70278
4.06125
4.30052
4.41421
4.63164
4.66413
4.65585
4.62438
4.41098
4.05218
5.13795
4.70079
inf
4.00182
4.98305
4.64999
4.09314
4.24614
5.06906
5.06008
4.61562
4.27353
5.09375
4.59552
4.67667
5.14
4.28793
4.23815
inf
4.41587
5.05785
5.13667
4.41388
4.47008
5.08829
4.68101
5.16354
4.96567
4.67537
inf
4.47682
5.2714
4.49713
4.40823
4.73101
5.11726
4.70178
5.16393
5.28016
4.14591
4.50532
4.58179
4.62789
4.47474
4.49532
4.8131
4.54116
5.2027
4.38102
4.79519
5.14632
4.32681
4.31449
5.21012
4.33074
4.61929
inf
inf
4.8622
4.33659
4.72098
5.3413
5.40577
4.30381
4.56308
4.74035
4.34566
4.5419
4.19442
4.51409
4.51901
4.27005
4.34671
4.61741
4.91397
4.44092
4.28121
4.3922
5.27503
4.5513
4.62779
4.25457
4.3739
4.47233
4.24898
4.83348
4.40485
5.26144
4.57931
inf
4.16016
4.79997
5.18666
4.58063
4.51782
4.68934
inf
4.23431
4.33312
3.96848
4.76586
4.4763
4.29101
4.20967
4.70929
4.18847
4.14279
4.19374
5.0762
4.70766
4.70007
5.13016
4.11619
4.66996
4.27334
4.69081
4.37235
inf
4.40958
4.56162
5.1023
5.06316
4.30121
4.09205
4.09561
5.1325
inf
4.22652
4.06491
4.15025
4.29879
4.63941
4.65609
4.33989
4.47695
inf
4.39259
4.10446
4.98312
inf
5.03625
inf
4.61349
4.99418
4.57802
4.90228
4.42428
4.40785
4.6822
5.02483
4.17111
5.0798
inf
4.18825
4.52325
4.64594
4.68493
4.62418
4.41696
4.43194
4.06412
4.11635
4.38645
4.36187
4.42084
5.0234
4.49944
4.98103
4.17566
4.42179
4.35452
4.44787
4.38375
4.37472
4.81007
5.02268
5.03615
4.05329
4.62738
4.12211
inf
5.10167
5.0308
4.24485
4.94576
4.24132
inf
4.50094
4.69168
5.09367
5.12665
5.0307
4.48314
4.36252
5.10489
4.53398
4.47541
4.46083
4.66282
4.75105
4.3629
4.6951
4.46396
4.35264
inf
4.75994
5.24595
4.74431
4.34411
4.77026
inf
4.22618
4.8681
inf
4.84404
5.17899
4.71083
4.54408
4.57529
5.29286
4.88253
4.34186
5.26087
4.48871
4.5834
4.58077
4.66819
4.8632
4.98825
4.44852
5.42879
4.74061
4.90106
4.58024
4.65006
4.59327
4.36937
4.80144
inf
4.81096
5.43497
4.87553
4.75003
4.28983
4.88356
4.43726
4.78965
5.23243
4.73161
4.52472
4.75123
4.81272
4.80273
4.78919
4.68922
5.18076
4.64752
5.08575
4.89476
4.61121
4.63469
4.66382
4.63886
4.48822
4.4839
4.54078
4.48379
4.72993
4.54674
4.49721
