4.22083
4.40218
4.32402
4.2554
4.32452
4.32341
4.38305
4.35124
4.31553
4.19783
4.07644
4.39837
4.16531
4.51217
4.43267
4.38336
4.11242
4.61435
4.36328
4.39638
4.68889
4.42566
4.12861
4.48697
4.36802
4.47405
4.18128
4.21482
4.03863
4.67743
4.15721
4.42897
4.06859
4.45118
4.42105
4.53809
4.14454
4.2893
4.47695
4.13543
4.48967
4.59222
4.02993
4.77201
4.32152
4.70827
4.3082
4.01235
4.19188
3.82012
4.33775
4.28938
4.3939
4.28887
4.19337
4.39576
4.61625
4.2439
4.47631
5.01347
4.41138
4.50781
4.25209
4.31106
4.03436
4.44713
4.16965
4.84238
4.03582
4.4259
4.26887
4.34344
4.45718
5.2813
inf
4.32401
4.58061
4.32129
4.37365
4.6162
4.37301
4.25937
4.13064
4.50746
4.60469
4.12707
4.47451
4.29907
4.3653
3.97765
4.2791
3.98251
5.28274
4.50169
4.34403
4.32826
4.27586
4.74868
4.52789
4.30909
4.20074
4.56595
4.50308
4.34112
5.10702
4.33372
5.09842
4.28833
4.33261
4.77964
4.50085
4.13125
4.3168
5.19191
4.44733
4.37046
4.41166
4.44725
4.19723
4.71779
5.09344
4.23089
4.18414
4.45515
4.47511
4.50593
3.70859
4.64318
4.23739
4.65828
4.38558
3.99382
4.34747
4.18549
4.70486
5.1797
4.44446
inf
4.7901
4.79063
4.38116
5.19237
4.25463
3.95381
4.48654
4.29118
4.51555
4.83036
inf
4.2899
4.40306
4.32336
3.80752
4.37165
4.02462
5.16077
4.17324
4.2296
4.82721
4.35557
4.16225
4.50565
4.34692
4.22308
inf
inf
4.43565
4.13406
4.39451
5.20177
4.28586
4.17505
4.16395
4.55147
4.02392
4.3601
4.57748
4.03507
5.26172
5.24804
4.39224
4.45298
4.26275
4.89735
4.43397
4.45136
4.2136
5.16158
4.01814
5.34102
4.47704
4.56599
4.94521
4.41832
4.49752
4.39192
4.49026
4.33672
4.68523
4.389
4.05835
4.16443
4.05835
4.15384
4.34581
3.98768
4.25827
4.49289
4.29204
4.10646
4.85536
4.07222
4.46114
4.22402
4.80343
4.39812
4.32736
4.53566
4.87356
4.32486
4.59298
4.58128
4.59453
4.278
inf
4.23263
4.79937
4.37676
4.62879
4.5292
4.71408
4.4613
4.38153
4.48903
4.31101
4.74269
4.21673
4.25621
4.76962
4.48433
3.83891
5.12233
4.64949
4.13624
4.4627
4.76475
4.7042
4.68603
4.20621
4.11535
4.23653
4.26304
4.09426
4.20581
5.21462
4.30925
4.39967
inf
4.99574
4.68702
4.24253
inf
4.38145
4.6402
4.42618
4.42003
4.45048
4.97171
4.23736
4.32618
4.53008
5.04226
5.03861
4.39403
4.3635
4.15536
4.11381
4.3927
3.95635
4.65265
4.59388
4.64995
4.60123
4.40177
5.13075
4.0633
4.58956
inf
4.04272
4.36295
4.40336
4.71906
4.42389
5.05732
4.63543
5.07764
4.61637
3.93633
5.12658
4.33605
4.66042
5.00966
3.97473
5.07129
inf
4.67293
5.0954
4.43116
3.95629
5.0891
4.33353
4.4485
4.68275
inf
4.42338
4.65077
4.40002
4.49527
4.08286
4.24898
4.16754
4.71151
4.17559
5.10053
4.71258
4.50352
4.05546
4.49345
5.09071
4.60173
4.11035
4.16471
4.27376
4.74981
4.2685
4.67443
4.48044
5.02056
4.49708
4.32926
4.22073
5.24083
4.07957
4.56662
4.09182
4.22981
inf
4.15632
5.29507
5.14917
5.28542
4.31575
4.37597
4.4316
4.56075
4.84128
4.49975
4.61637
4.31782
4.90641
4.65452
4.43669
4.28686
4.99299
5.43965
4.48152
4.23894
4.99002
4.67374
5.45475
4.43252
4.9786
4.55063
4.84738
4.72857
4.52565
4.724
4.64464
4.1581
5.01676
4.52281
4.33484
5.14388
5.1376
4.6338
4.6949
4.65107
5.28434
4.64841
4.9893
4.70675
4.52936
4.67117
4.79964
4.5839
4.74924
4.66674
4.66389
4.45282
4.5189
