4.14894
4.25953
4.39981
4.35029
4.53548
4.33422
4.34968
4.43506
4.54289
4.42078
4.77877
4.49373
4.54575
4.94284
4.60948
4.46453
4.42912
4.71192
4.58591
4.83397
4.47604
4.9349
4.57176
5.32974
4.73472
4.69896
4.53297
4.2329
4.49057
4.48749
4.6224
4.30065
4.36739
4.30119
4.57502
4.47898
4.56023
5.0262
4.45125
4.66502
4.55234
4.7054
5.33121
4.52422
4.50428
5.26227
4.11142
4.56251
4.48087
4.81251
4.77549
5.28859
4.43624
4.32382
4.76225
4.2304
4.7721
5.19699
5.12352
4.72548
4.08958
4.50223
4.72189
4.75205
4.69915
4.71901
4.14427
5.08616
5.05961
4.3591
4.29128
5.14635
4.67869
4.68455
4.3857
4.3992
3.98475
4.13825
5.06021
5.14881
5.01232
4.3364
4.25697
5.15162
4.14426
5.00804
4.3749
4.58465
4.92099
5.03696
4.94288
4.18407
5.09068
4.1441
4.05033
4.38805
4.33923
4.03969
4.31717
5.0213
4.56535
4.31317
4.94359
3.97527
3.94306
4.13653
5.04007
4.6588
4.5775
4.95648
3.77394
4.97823
4.56432
4.31913
4.54531
5.13299
3.99392
4.60803
4.48715
4.60564
4.33021
4.80856
4.02603
4.5488
4.52796
4.93926
4.25901
3.85761
4.39583
4.99961
4.40887
4.11712
4.26986
4.55723
4.34237
4.16673
5.02289
4.55949
4.18207
4.93066
4.3587
3.96035
4.50915
4.38914
4.32683
4.34123
4.54831
4.30268
4.59156
4.88973
4.3509
4.20181
4.99618
5.0033
5.0261
4.1893
5.05424
5.04844
inf
4.15549
4.63554
4.22514
5.01923
5.03044
4.57577
4.05709
5.05579
inf
inf
4.37365
4.66845
4.34224
inf
4.12728
4.63499
inf
4.26226
inf
4.42841
inf
4.61068
5.11681
4.49201
inf
5.02562
4.53193
5.05614
inf
4.76634
5.21667
4.76152
4.83457
4.42063
4.91858
4.61641
4.24075
4.66715
4.5251
4.59296
4.44478
4.85893
4.92759
4.72157
4.19652
4.47646
4.64367
4.88271
5.20224
4.59584
4.88523
4.79179
5.26436
4.84317
4.4158
4.5617
4.75914
4.36678
4.30129
5.16848
inf
4.514
5.09919
4.65385
4.61199
4.11769
4.73615
4.17251
4.41234
4.38124
4.16716
5.13043
5.05728
5.19051
4.28333
4.93438
4.7013
inf
4.02383
4.53061
5.05155
4.45696
4.66304
4.15814
inf
4.43386
5.10121
4.44018
4.16107
5.09998
4.56365
4.49897
4.38245
4.05504
inf
4.19288
4.33054
3.89319
5.04417
4.98473
5.00222
inf
inf
4.40767
4.336
5.00909
4.35274
4.17608
4.12714
inf
4.16975
4.91136
4.58177
inf
inf
4.55121
inf
4.90257
4.57589
4.3357
5.00569
3.95795
4.63073
4.63831
4.82609
4.34494
4.27702
5.00279
4.37923
4.8568
inf
4.55712
4.65234
4.61617
4.54906
4.31731
inf
4.4744
4.6631
4.34982
4.34121
4.38674
4.67297
4.65956
4.86006
4.65312
5.00331
4.92722
4.17215
4.34555
4.37304
4.64127
5.01908
4.97628
4.31166
4.22426
4.20857
4.62758
4.63271
4.06946
inf
4.99699
4.26803
4.6299
5.01275
4.4521
4.1229
4.75931
4.2728
inf
4.71972
4.30564
4.14121
4.25078
inf
4.71551
4.13555
inf
4.52809
4.3102
4.52597
4.24574
5.17537
inf
4.36046
4.39575
4.17003
4.77768
4.62103
4.62993
4.58214
4.09823
4.81303
4.64219
4.72504
5.33092
5.28214
4.86538
4.42399
4.97939
4.67262
4.26416
4.57262
4.3293
4.43494
4.58792
4.79096
4.20798
4.62225
4.88211
4.90825
5.03596
4.49485
4.33014
5.66893
4.55969
4.29988
5.72975
4.76912
4.48656
4.77896
4.29079
4.38
4.54033
4.41628
4.62888
4.76775
4.6622
4.38117
5.05562
4.5855
4.49778
4.72085
4.59111
5.07898
4.81986
4.62446
4.71737
4.48149
4.59894
4.42125
