3.78039
3.69685
3.63841
3.59399
3.46077
3.54403
3.49943
3.52351
3.45022
3.43271
3.34805
3.36186
3.37685
3.34035
3.33488
3.32653
3.31034
3.31431
3.32313
3.26166
3.33391
3.45377
3.39423
3.34813
3.32558
3.28599
3.30093
3.37117
3.37137
3.26946
3.42642
3.30716
3.28441
3.3823
3.27656
3.29517
3.20277
3.2101
3.36824
3.20371
3.31201
3.25951
3.34021
3.3782
3.29813
3.36918
3.45929
3.49971
3.26374
3.36903
3.36393
3.46887
3.31375
3.33442
3.28318
3.38651
3.31636
3.28474
3.31705
3.35187
3.25394
3.36087
3.30788
3.21664
3.2888
3.54279
3.32447
3.41464
3.45044
3.27018
3.32661
3.5129
3.41469
3.19166
3.4071
3.43363
3.37969
3.47194
3.57633
3.58115
3.50906
3.33852
3.45466
3.42149
3.62028
3.41165
3.46428
3.51572
3.56402
3.46634
3.42204
3.58603
3.44314
3.2441
3.31995
3.38637
3.32183
3.28103
3.488
3.50387
3.37675
3.31594
3.46045
3.54954
3.46926
3.39453
3.79984
3.43425
3.43862
3.35973
3.5318
3.32141
3.59522
3.34441
3.48253
3.41787
3.35468
3.41194
3.41758
3.23388
3.37373
3.46245
3.2876
3.30742
3.46486
3.49783
3.33568
3.45562
3.5777
3.23552
3.40799
3.4808
3.54204
3.60574
3.33743
3.37462
3.45821
3.35065
3.40088
3.39222
3.48218
3.38634
3.40776
3.46741
3.26921
3.46595
3.54305
3.78456
3.66678
3.59377
3.30011
3.77584
3.47205
3.53349
3.37513
3.51181
3.35446
3.50079
3.49033
3.3509
3.53145
3.39925
3.41497
3.42931
3.43704
3.26387
3.8217
3.49716
3.48941
3.70942
3.50979
3.64773
3.5842
3.38289
3.2777
3.2929
3.38101
3.31985
3.63165
3.31739
3.43445
3.37608
3.39155
3.73063
3.54558
3.52065
3.3508
3.60272
3.4261
3.37897
3.47667
3.34453
3.43828
3.47169
3.44878
3.6036
3.44438
3.46721
3.57108
3.63343
3.56765
3.41732
3.39202
3.3174
3.27246
3.23893
3.41334
3.35326
3.21859
3.54805
3.45394
3.40626
3.43482
3.63188
3.66573
3.46105
3.45145
3.39394
3.29117
3.32969
3.31189
3.61674
3.32373
3.33847
3.33601
3.53965
3.69997
3.31159
3.61341
3.39958
3.32074
3.30364
3.55643
3.32095
3.19686
3.60222
3.57784
3.62857
3.27856
3.50835
3.47963
3.47058
3.41309
3.25698
3.30304
3.20742
3.326
3.26125
3.33772
3.37782
3.3457
3.35891
3.36653
3.46076
3.79665
3.15599
3.36955
3.29454
3.4188
3.60539
3.49802
3.6865
3.18609
3.5122
3.48869
3.36136
3.40245
3.51789
3.21235
3.45636
3.23632
3.33175
3.59571
3.59426
3.23637
3.52259
3.34145
3.28198
3.28387
3.35232
3.53674
3.47783
3.13726
3.551
3.43842
3.36714
3.48197
3.29597
3.50512
3.51811
3.22102
3.07977
3.32807
3.34825
3.32146
3.38254
3.26979
3.42298
3.5363
3.52961
3.33996
3.4062
3.44951
3.41644
3.57336
3.38003
3.48692
3.20058
3.29291
3.45257
3.24736
3.30984
3.60097
3.34734
3.27712
3.45129
3.51297
3.23001
3.7942
3.51112
3.48031
3.48163
3.36887
3.20213
3.51609
3.23989
3.2531
3.27919
3.26334
3.48347
3.34108
3.33343
3.72501
3.30626
3.52724
3.3549
3.74659
3.66354
3.68033
3.31968
3.14198
3.33268
3.24412
3.19851
3.16761
3.55699
3.75773
3.18695
3.27318
3.15014
3.59792
3.60379
3.30279
3.56463
3.45307
3.23752
3.50357
3.54515
3.23081
3.34168
3.35625
3.30519
3.45191
3.28256
3.49258
3.20597
3.43921
3.46566
3.26875
3.42346
3.4306
3.64904
3.35433
3.39204
3.49878
3.20965
3.45727
3.31598
3.35027
3.43979
3.24742
3.28032
3.29833
3.40779
3.31931
3.32588
3.48625
3.23603
3.27318
3.58184
3.32052
3.52921
3.57974
3.31398
3.3085
3.31114
3.3537
3.33198
3.35654
3.29286
