3.46433
3.54386
3.5426
3.59974
3.58246
3.57421
3.50997
3.57647
3.56274
3.54044
3.70529
3.63393
3.66812
3.6584
3.59675
3.58079
3.87578
3.65294
3.55724
3.61156
3.51966
3.70877
3.81996
3.63769
3.63932
3.7214
3.57774
3.58949
3.56077
3.6464
3.54172
3.66774
3.53059
3.78083
3.5204
3.65586
3.70368
3.48759
3.78025
3.67642
3.449
3.5441
3.81524
3.66294
3.73561
3.59114
3.80735
3.72766
3.60906
3.55979
3.30907
3.43853
3.74642
3.5372
3.44959
3.57689
3.4779
3.57577
3.38747
3.58766
3.54809
3.62432
3.30112
3.61474
3.74972
3.67107
3.34499
3.59888
3.60157
3.52653
3.77488
3.55943
3.44828
3.53554
3.50334
3.6487
3.45732
3.51701
3.63562
3.62616
3.71417
3.71549
3.53869
3.78267
3.56918
3.93366
3.68772
3.79097
3.42665
3.7494
3.51475
3.58095
3.68202
3.74674
3.72587
3.47811
3.91172
3.69633
3.68518
3.63997
3.82919
3.54368
3.71277
3.57968
3.89568
3.6038
3.52792
3.54326
3.57548
3.65903
3.75637
3.55155
3.71654
3.7138
3.72237
3.69201
3.68965
3.52772
3.58149
3.72583
3.5978
3.66739
3.68261
3.68023
3.47083
3.61082
3.55267
3.59534
3.72261
3.59495
3.67654
3.71026
3.49615
3.70639
3.70476
3.74223
4.18259
3.6572
3.80696
3.73489
3.41382
3.59841
3.5289
3.54504
3.57548
3.44368
3.4522
3.49415
3.7839
3.62413
3.50407
3.57744
3.28441
3.63559
3.64313
3.37835
3.66248
3.32741
3.54545
3.67581
3.55321
3.65864
3.45569
3.74097
3.719
3.73562
3.92531
3.81934
3.56635
3.85563
3.64435
3.62892
3.62153
3.44508
3.72485
3.56864
3.69589
3.83544
3.45207
3.62007
3.65976
3.49363
3.64343
3.57795
3.75329
3.59939
3.36139
3.63316
3.53964
3.68035
3.54621
3.57643
3.57335
3.65007
3.72352
3.75072
3.57674
3.63874
3.61917
3.50263
3.53349
3.76014
3.88175
3.90199
3.63897
3.60187
3.57635
3.56686
3.75693
3.58096
3.64599
4.07029
3.54352
3.66527
3.82969
3.59374
3.50931
3.41532
3.63319
3.38184
3.40832
3.66852
3.67191
3.39266
3.7202
3.62808
3.95484
3.54248
3.40027
3.45023
3.76918
3.49817
3.60879
3.87828
3.44484
3.90889
3.39851
3.65812
3.69748
3.7382
4.19599
3.39513
3.79027
3.60673
3.36801
3.82694
3.56149
3.7364
3.70855
3.48391
3.64553
3.50043
3.6287
3.67444
3.42087
3.42808
4.34274
3.42969
3.51714
3.46225
3.33903
3.98334
4.3191
3.11767
4.12774
3.43756
3.50324
3.67269
3.71941
3.61224
3.59324
3.41856
3.40291
3.43899
3.42299
3.40167
3.97638
3.62736
3.37859
3.5206
3.51157
3.66832
3.49661
3.75274
3.52334
3.43509
3.46229
3.51777
3.72725
3.482
4.46075
3.66704
3.3181
3.62576
3.31112
3.54569
3.39344
3.43083
3.59817
3.85345
3.35959
3.63892
3.24329
3.58681
3.54183
3.35858
3.47792
3.59815
3.41949
3.77332
3.36425
3.792
3.51997
3.56102
3.65592
3.24641
3.40901
3.41961
3.65108
3.63408
3.42582
3.68422
3.46952
3.39473
3.22246
3.85366
3.3317
3.53187
3.4358
3.36643
3.80117
3.64589
3.30809
3.45062
3.44837
4.24156
3.32909
3.24879
3.27628
3.81768
3.47029
3.62144
3.67892
3.80152
3.23524
3.50003
4.1115
3.43454
3.57271
3.45908
3.85964
3.34689
3.59405
3.87756
3.62659
4.00172
3.47112
3.71655
3.80689
3.47559
3.55267
3.68537
3.67975
3.66395
3.8126
3.2839
3.752
3.80185
3.83761
3.55643
3.54812
3.59232
3.58576
3.52059
3.58045
3.5377
3.38266
3.80935
3.635
3.59221
3.65417
3.45889
3.53376
3.25226
3.69965
3.49597
3.61275
3.57068
3.76389
3.53542
3.94193
3.78285
3.81185
3.846
4.0353
4.13031
3.99722
3.90554
3.85555
3.64838
