4.04189
3.89017
3.71675
3.68858
3.52814
3.49245
3.39852
3.40296
3.37587
3.29831
3.36619
3.41566
3.33202
3.22452
3.28267
3.30789
3.1843
3.27907
3.26307
3.22025
3.21075
3.28059
3.23653
3.2583
3.25738
3.28949
3.2962
3.19098
3.1989
3.31714
3.21263
3.19666
3.202
3.15128
3.15862
3.15351
3.11018
3.3321
3.12713
3.11469
3.15413
3.24935
3.14987
3.28028
3.22938
3.11972
3.16417
3.30723
3.24599
3.26051
3.32971
3.17078
3.35381
3.23056
3.06265
3.16353
3.29054
3.39096
3.10954
3.32454
3.25206
3.30041
3.31189
3.34109
3.17565
3.18808
3.0478
3.21921
3.16256
3.46807
3.14023
3.2589
3.26006
3.30858
3.28133
3.21347
3.17759
3.21113
3.17357
3.32424
3.23285
3.27707
3.39456
3.2136
3.43061
3.4441
3.48397
3.28732
3.2744
3.42792
3.28203
3.4048
3.36539
3.2874
3.30838
3.28943
3.26036
3.23789
3.28229
3.30996
3.31121
3.30507
3.33363
3.23149
3.22749
3.50815
3.49693
3.25929
3.33819
3.27744
3.38161
3.31152
3.35435
3.33158
3.23673
3.27106
3.1296
3.33354
3.32914
3.2781
3.14116
3.60069
3.32214
3.31159
3.30162
3.27932
3.51133
3.27619
3.14936
3.32032
3.16355
3.56959
3.21008
3.41011
3.30995
3.24944
3.2262
3.37196
3.3599
3.29447
3.2027
3.29575
3.31376
3.21277
3.18911
3.36553
3.22352
3.58199
3.40216
3.20675
3.20233
3.4248
3.22946
3.225
3.2452
3.36888
3.19102
3.19619
3.50475
3.1529
3.12823
3.21449
3.247
3.28577
3.30514
3.20549
3.11213
3.11244
3.18006
3.16059
3.54914
3.3719
3.12342
3.34474
3.42649
3.30333
3.27329
3.1605
3.43101
3.12861
3.29005
3.20776
3.41333
3.23587
3.22343
3.17593
3.26017
3.28152
3.32142
3.19841
3.01449
3.21177
3.22346
3.25841
3.38568
3.21544
3.28106
3.19513
3.20123
3.17745
3.19667
3.22865
3.53911
3.25935
3.32045
3.2119
3.45501
3.18673
3.20962
3.16285
3.01187
3.28548
3.32785
3.35425
3.29434
3.23235
3.26337
3.30501
3.07332
3.16972
3.12718
3.53846
3.02604
3.11247
3.19485
3.11226
3.08486
3.09667
3.1757
3.32948
3.11334
3.06314
3.04673
3.57903
3.11066
3.13404
3.33194
3.16362
3.47272
3.4064
3.1463
3.09266
3.36365
3.35645
3.44751
3.48217
3.08306
3.41249
3.44204
3.15611
3.37788
3.33428
3.41133
3.13611
3.17612
3.2494
2.9833
3.28839
3.33891
3.36605
3.1237
3.19697
3.43047
3.2294
3.27114
3.60606
3.25878
3.07338
3.08622
3.08166
3.37433
3.4188
3.22662
3.45959
3.12923
3.12514
3.18953
3.0973
3.4111
3.4769
3.46159
3.05492
3.39719
3.23499
3.20244
3.32338
3.28514
3.1064
3.20191
3.03153
3.18507
3.07683
3.0917
3.0326
3.31303
3.12767
2.99247
3.35961
3.13818
3.27568
3.41725
3.15162
3.46272
3.27383
3.24052
3.38701
3.05745
3.40596
3.5094
3.12344
3.26161
3.36985
3.11602
3.25497
3.20962
3.16658
3.22038
3.08743
3.29373
3.30879
3.24177
3.14842
3.19468
3.23382
3.20848
3.53404
3.35861
3.25467
3.29102
2.90071
3.20132
3.11968
3.46405
3.2323
3.06069
3.37887
3.18726
3.4518
3.19345
3.17615
2.9927
3.22974
3.48585
3.18039
3.25998
3.172
3.31875
3.38545
3.25243
3.18722
3.36587
3.3634
3.75903
3.43603
3.2263
3.27443
3.33027
3.25386
3.31695
3.25367
3.34607
3.19689
3.19087
3.15797
3.09926
3.21651
3.21953
3.28161
3.2255
3.36648
3.41548
3.32751
3.26011
3.38866
3.02889
3.24494
3.24354
3.31465
3.55545
3.21737
3.33658
3.70052
3.34339
3.37018
3.17002
3.35456
3.3936
3.37007
3.41568
3.31658
3.4276
3.57195
3.51148
3.52563
3.31529
3.39597
3.57612
3.60969
3.60728
3.37821
