3.75169
3.65553
3.68853
3.64441
3.59184
3.56305
3.49142
3.54872
3.60194
3.51545
3.48892
3.53706
3.52007
3.54667
3.5308
3.50637
3.4442
3.50103
3.46603
3.52217
3.4736
3.41325
3.3705
3.31862
3.41804
3.49103
3.50052
3.60358
3.59446
3.54554
3.45969
3.37148
3.48148
3.46527
3.32967
3.61819
3.35096
3.38812
3.24506
3.34427
3.42995
3.50027
3.22938
3.40054
3.4512
3.42928
3.45496
3.45741
3.21541
3.49488
3.4282
3.30627
3.43087
3.40288
3.59268
3.35783
3.4142
3.32443
3.36618
3.38274
3.36878
3.41375
3.36823
3.4721
3.3878
3.31436
3.33873
3.41621
3.35126
3.33636
3.37766
3.39826
3.38962
3.34662
3.31837
3.57095
3.42504
3.20663
3.37017
3.48929
3.28812
3.32366
3.40266
3.35722
3.46118
3.59145
3.3001
3.52688
3.51558
3.40911
3.41553
3.57329
3.32822
3.43495
3.38423
3.28122
3.71036
3.4705
3.32603
3.49991
3.49105
3.49364
3.34479
3.53394
3.48091
3.35624
3.29569
3.2304
3.51151
3.40849
3.48096
3.3869
3.37684
3.31451
3.28467
3.57411
3.50099
3.35312
3.32118
3.26264
3.48172
3.36145
3.58258
3.31297
3.42135
3.42832
3.31506
3.38288
3.40535
3.62407
3.38192
3.43811
3.48897
3.51649
3.25271
3.38617
3.57244
3.35746
3.36429
3.2295
3.41072
3.43117
3.46033
3.2569
3.30647
3.3076
3.2457
3.30229
3.3107
3.31422
3.23334
3.40692
3.26556
3.30799
3.35257
3.37745
3.23315
3.11292
3.14361
3.29657
3.31724
3.31347
3.28269
3.21093
3.41209
3.48598
3.50913
3.33012
3.21876
3.27291
3.39617
3.26979
3.47183
3.52775
3.28158
3.12111
3.28965
3.27096
3.33093
3.58475
3.51548
3.52479
3.42188
3.35419
3.4222
3.29045
3.37885
3.36632
3.41864
3.39374
3.46084
3.34701
3.24001
3.37369
3.35116
3.39789
3.55871
3.40222
3.37189
3.34075
3.44407
3.35689
3.2954
3.25653
3.36114
3.18042
3.28031
3.15207
3.4399
3.51249
3.2261
3.36554
3.33908
3.21607
3.5104
3.44152
3.28586
3.56177
3.29926
3.31645
3.43485
3.46316
3.25148
3.31479
3.27744
3.02171
3.26402
3.31598
3.22778
3.19512
3.53211
3.34654
3.57588
3.28003
3.25617
3.35508
3.17176
3.17338
3.38641
3.29295
3.23865
3.1777
3.31231
3.37164
3.33586
3.2882
3.3975
3.45964
3.69438
3.41516
3.40157
3.67478
3.23579
3.27625
3.20064
3.26144
3.45998
3.42563
3.34333
3.4439
3.39186
3.66007
3.67515
3.32579
3.54024
3.64856
3.34609
3.25382
3.3866
3.19123
3.18931
3.34222
3.17839
3.00731
3.65102
3.27626
3.42694
3.40808
3.18204
3.64357
3.38777
3.3032
3.36343
3.3193
3.42898
3.3298
3.08231
3.5238
3.4478
3.55861
3.40151
3.25782
3.54142
3.34182
3.64087
3.22719
3.36797
3.35998
3.37355
3.35739
3.2805
3.17115
3.39793
3.20784
3.25802
3.42475
3.3902
3.36281
3.07023
3.29094
3.29208
3.1651
3.43892
3.30202
3.40119
3.35769
3.30427
3.03976
3.71978
3.11723
3.54657
3.12241
3.11379
3.30026
3.14247
3.27207
3.1658
3.36654
3.26192
3.4623
3.20986
3.40444
3.18092
3.20694
3.30772
3.11869
3.29022
3.58403
3.13493
3.43407
3.26275
3.30363
3.2572
3.09414
2.91161
3.21651
3.79768
3.25032
3.25761
3.41077
3.28807
3.04894
3.17642
3.15077
3.48118
3.26133
3.21309
3.20628
3.49747
3.32571
3.41764
3.20456
3.27593
3.10823
3.3588
3.17768
3.29011
3.09109
3.17976
3.51786
3.15849
3.13659
3.25781
3.17894
3.20494
3.15979
3.20958
3.23536
3.06646
3.07161
3.39618
3.31196
3.16052
3.22387
3.42056
3.19282
3.08708
3.13563
3.03567
3.20207
3.27895
3.17092
3.16199
3.31613
3.31338
3.25063
3.57685
3.28449
3.28567
3.32891
