3.40252
3.48669
3.52851
3.5251
3.54859
3.59011
3.69063
3.60619
3.62762
3.55691
3.65965
3.55991
3.60982
3.84475
3.63422
3.75092
3.67128
3.73685
3.86859
3.6703
3.73611
3.6485
3.91554
3.68254
3.69689
3.64397
3.89257
3.88028
3.74941
3.75043
3.70297
3.69539
3.73664
3.5656
3.73609
3.7237
3.71737
3.76941
3.73418
3.79735
3.71025
3.69704
3.83842
3.61602
3.74146
3.74615
3.55836
3.75513
3.85039
3.67112
3.62403
3.77791
3.81847
3.68934
3.68467
3.69749
3.7544
3.71183
3.64946
3.73902
3.60047
3.7073
3.84755
3.83843
3.78928
3.78854
3.52355
3.52964
3.63229
3.88584
3.72732
3.70866
4.03694
3.44211
3.78472
3.88721
3.62206
3.58301
3.81313
3.77851
3.62072
3.84897
3.45182
3.7109
3.69452
3.91438
3.89379
3.53138
3.8369
3.87326
3.9242
3.63843
4.02179
3.81373
3.66686
3.72035
3.56271
3.56369
3.95511
3.7385
3.56756
3.64146
3.6701
3.4768
3.74577
3.4916
3.62136
3.68291
3.79649
3.71476
3.51818
3.6013
3.8863
3.8946
3.71039
3.54596
3.51507
3.71173
3.69185
3.63821
3.61608
3.85732
3.6882
3.57097
3.72984
3.72079
3.74908
3.67862
3.67002
3.87846
3.66682
3.68026
3.92865
3.63376
3.45921
3.55485
3.59267
3.64978
3.44529
3.55812
3.82713
3.73151
3.75833
3.62342
3.68792
3.71265
3.45771
3.71525
3.91638
3.6688
3.61359
3.62125
3.88299
3.70057
3.54411
3.55875
3.48631
3.74131
3.47344
3.48337
3.65991
3.72454
3.75105
3.62543
3.64547
3.79386
3.60238
3.4445
3.88567
3.52707
3.55262
3.6783
3.52838
3.79077
3.51243
3.46595
3.90442
3.57828
4.07276
3.84468
3.38842
3.83982
3.60572
3.92681
3.71742
3.84797
3.66153
3.56309
3.63025
3.70393
3.72824
3.66768
4.02393
3.52651
3.83393
3.75377
3.87588
3.51024
3.72273
3.82555
3.77522
3.60058
3.74795
3.89517
3.55098
3.50788
4.00524
3.85136
3.83839
3.67789
3.87291
3.97113
3.82186
3.97874
3.66763
3.94015
3.79409
3.89274
4.16112
3.57324
3.4815
3.65024
4.03004
3.85326
3.96447
3.91495
3.5659
3.76886
3.75703
3.80599
3.92922
3.90956
3.82807
3.64284
3.57749
3.69749
3.74974
3.87719
3.43391
3.45021
3.908
3.99447
3.67152
4.3201
3.55587
3.96637
3.63214
3.66925
3.65962
3.59443
3.78689
3.58961
3.9238
4.0393
3.9929
3.72553
3.53911
3.50424
3.70081
3.76553
3.84994
3.68909
3.66242
3.63746
3.54444
4.06407
3.60365
4.06816
3.60123
3.51099
3.79372
3.66452
3.66021
3.63809
3.5256
3.70334
3.71001
4.19004
3.84423
3.63503
3.90696
3.9194
4.22699
3.65512
3.78099
4.06737
3.91501
3.78857
4.30306
3.64969
3.76823
3.8947
3.5919
3.55949
3.54132
3.50032
3.48487
3.62589
4.87873
3.90754
3.64635
3.91103
4.43511
4.05083
3.51603
3.57753
4.17973
3.39242
3.52021
3.54665
4.43796
3.33803
3.78247
3.57104
3.73558
3.99216
3.85131
3.81341
3.44724
3.64428
3.39136
3.45584
3.47703
3.7194
3.75465
3.84545
3.85545
3.57907
3.73886
3.73403
3.72561
3.56847
3.75706
3.63018
3.59823
3.75513
3.97437
4.12868
3.88665
3.68091
3.62772
3.67923
4.00712
4.1715
3.56622
3.94301
3.95919
3.65747
3.65248
3.75371
3.55203
3.76774
3.37642
3.94172
3.55528
4.19189
3.49997
4.15081
3.62086
3.72388
4.22119
3.94719
3.37776
3.63137
3.54882
3.66713
3.67069
3.85384
4.2799
3.5844
3.69579
3.62654
3.77148
3.5632
3.81887
3.88091
3.37428
3.45949
3.93916
3.72143
3.50146
3.53869
3.72069
3.58889
3.81285
3.6049
3.32377
3.58019
3.60506
3.54255
3.5537
3.87414
3.71167
3.59904
3.99246
3.70606
3.77271
4.02175
4.02039
3.91626
