3.51232
3.57849
3.58463
3.52206
3.51198
3.466
3.56105
3.46127
3.54086
3.56685
3.45684
3.44543
3.58815
3.50229
3.43764
3.59778
3.51657
3.49126
3.52837
3.45215
3.57193
3.47303
3.55205
3.4605
3.46332
3.41264
3.4133
3.44915
3.69758
3.58616
3.39655
3.49391
3.52321
3.3721
3.52629
3.43841
3.6907
3.41648
3.47703
3.38588
3.57619
3.45779
3.51022
3.54679
3.4159
3.46586
3.53748
3.42446
3.46522
3.37547
3.32112
3.38095
3.50463
3.40585
3.60336
3.51934
3.54661
3.50305
3.51216
3.48138
3.53526
3.61443
3.40297
3.68253
3.41264
3.59455
3.62064
3.53406
3.70698
3.85511
3.61862
3.57783
3.42805
3.77807
3.59473
3.47942
3.56592
3.5223
3.52699
3.84876
3.57555
3.49548
3.40531
3.50557
3.56443
3.53228
3.58148
3.5061
3.38131
3.62298
3.61467
3.1953
3.67077
3.29178
3.55234
3.52053
3.56138
3.66138
3.55348
4.14914
3.61986
3.67916
3.40881
3.50792
3.40416
3.52601
3.58766
3.46502
3.5051
3.71562
3.50145
3.51459
3.56864
3.41875
3.58371
3.51068
3.65187
3.52131
3.84
3.6401
3.82098
3.47291
3.53657
3.60937
3.356
3.62675
3.51918
3.53863
3.55342
3.67232
3.60799
3.56315
3.37705
3.31863
3.42966
3.6487
3.62148
3.63533
3.58519
3.7829
3.60693
3.57637
3.62136
3.60705
3.47808
3.43773
3.39785
3.45128
3.55667
3.59322
3.41398
3.63436
3.36261
3.68179
3.5575
3.66037
3.71004
3.62812
3.59792
3.49623
3.60023
3.50102
3.48627
3.64751
3.65971
3.50094
3.86281
3.59605
3.3316
3.73394
3.3522
3.64966
3.40639
3.4319
3.55157
3.49813
3.44542
3.47986
3.50748
3.47648
3.57652
3.4836
3.53215
3.53582
3.4686
3.45718
3.92065
3.58033
3.6677
3.66519
3.31052
3.53594
3.36057
3.59275
3.42663
3.4105
3.60341
3.46174
3.70421
3.55393
3.47986
3.09985
3.77315
3.46893
3.44027
3.63583
3.56988
3.54762
3.51875
3.47014
3.38569
3.76012
3.52453
3.77222
3.77665
3.36118
3.74043
3.75895
3.47103
3.52519
3.48712
3.71473
3.59846
3.68467
3.70379
3.54355
3.7159
3.55076
3.59585
3.47657
3.82915
3.46315
3.70305
3.60736
3.8679
3.57928
3.25926
3.53855
3.57718
3.4296
3.90859
4.43898
3.39496
3.54321
3.75015
3.35412
3.66909
3.61375
3.65974
3.64383
3.74293
3.36083
3.87599
3.57477
3.73443
3.3111
3.77323
3.94598
3.39039
3.59088
3.75602
3.64012
3.84056
3.41695
3.71862
3.95052
3.96142
3.3777
3.57992
3.28054
3.54589
3.83676
4.11635
3.68274
3.56152
3.86651
3.39074
3.27506
3.75653
3.43623
3.74418
3.67071
3.46077
3.49802
3.80698
3.75817
3.41366
3.65751
3.77558
3.44864
3.39169
3.54104
3.84439
3.52342
3.84391
3.64788
3.73734
4.31277
3.79824
3.59735
3.57121
3.52262
3.46404
4.29676
3.58923
3.50235
3.81954
3.55289
3.7958
3.63012
3.70982
3.55185
3.50077
3.26087
3.67503
3.58668
3.9869
3.84637
3.61454
3.49516
4.14648
3.39353
3.47526
3.41033
3.63538
3.65485
3.1815
3.7569
4.3063
3.54484
3.41707
3.9395
3.37207
4.04617
4.19103
3.46527
3.56737
3.82447
3.45008
3.86661
3.62136
3.59946
3.73903
3.87381
3.70075
3.88681
3.57671
3.73002
3.54531
3.83204
3.85161
3.54009
3.61896
3.78359
3.62973
3.92666
3.6891
3.88447
3.45029
3.86391
3.49487
3.51644
4.52476
3.64478
3.75009
3.4545
3.63668
3.4569
3.51693
4.02222
3.73026
3.95159
3.66474
3.73295
3.91055
3.68143
3.87888
3.7479
3.50779
3.73776
3.70579
3.63216
3.78949
3.98291
3.54533
3.55114
3.46692
3.77549
3.62488
3.62436
3.56874
3.51683
3.76338
3.71134
3.82594
3.79533
3.61417
3.74059
3.68164
3.70822
