3.35058
3.5048
3.57749
3.58463
3.56837
3.6953
3.724
3.75183
3.67164
3.90382
3.78053
3.79155
3.88555
3.7235
3.79029
3.87298
3.84916
3.77125
3.74236
3.79503
3.70106
3.76252
3.72374
3.74825
3.8391
3.71599
3.80481
3.7538
3.97407
3.85577
3.76889
3.70368
3.7351
3.74563
4.0272
3.85764
3.82708
3.76361
3.71937
3.99463
3.71308
3.70189
3.7724
3.77887
3.79824
3.45496
3.69648
3.72873
3.96453
3.84886
3.88966
3.69454
3.89351
3.78245
3.79021
3.75611
3.60565
3.85412
3.71977
4.13945
3.53772
3.73576
3.60782
3.86926
3.52073
3.63646
4.01458
3.61564
3.6691
3.77771
3.59769
3.92877
3.66171
3.66548
3.67215
3.7851
3.59849
3.66455
3.89084
3.72422
3.89282
3.76638
3.67529
3.77637
3.7938
3.74321
3.82096
4.23901
3.7924
3.76423
3.91538
3.73202
3.71492
3.78482
4.03158
3.9144
3.64701
3.73233
3.58012
3.6858
3.98653
3.68956
3.66115
4.07443
3.83221
3.60362
3.67729
3.60617
3.68525
3.82415
3.97845
3.70348
3.6795
3.84258
3.78914
4.00387
3.64437
3.85128
3.90866
3.82814
3.8633
4.09669
3.69095
3.63188
3.70057
3.58887
3.75133
3.73574
3.75513
3.70684
3.59744
3.95511
3.90093
3.65731
3.61553
3.9312
3.72278
3.90867
3.7907
3.93099
3.57962
3.8721
3.6191
3.71127
3.67424
3.87675
4.00254
3.79959
3.76988
3.75919
3.81474
3.85672
3.90155
3.96983
3.8867
4.01358
3.72464
3.85277
3.67551
3.79336
3.67624
3.96291
3.70306
3.82051
4.74638
3.71266
3.72712
3.66121
3.81287
3.81806
3.60824
3.88145
3.89367
3.72285
3.64943
3.77003
3.52954
3.8105
3.73881
3.81331
3.71355
3.87353
3.85639
3.65589
3.95794
3.68339
4.17268
3.68914
3.8268
3.78617
4.03336
3.84445
3.79556
3.87961
3.79355
3.70111
3.99729
3.50944
3.67493
3.71635
3.84326
3.86381
3.78577
3.76861
3.84352
3.84751
3.89946
3.69989
3.54675
3.78984
3.74563
3.98304
3.84144
3.84299
3.84848
3.76078
3.90646
4.02177
3.65676
3.50876
3.82769
4.2522
4.10452
3.91586
3.57785
3.59698
3.74203
4.40612
3.9318
3.58126
4.10997
3.48838
3.91405
3.8033
3.61477
3.65305
3.65785
3.86855
3.63351
3.998
3.7349
4.21004
4.00492
3.80054
3.71275
3.81682
3.47356
3.62536
3.52233
3.88069
3.76687
4.06038
3.41416
4.22936
4.08048
4.09475
4.49722
3.61686
3.26816
3.46238
3.96487
3.64185
4.89446
3.94478
3.82559
4.82641
3.64455
4.04863
3.65257
3.9016
3.79112
3.69868
3.68796
3.60009
3.91137
3.88317
3.54623
3.77588
3.6819
3.44641
4.06638
3.84336
3.98829
3.79109
3.89783
3.54215
3.89876
4.11574
3.74508
3.84335
4.4311
4.19835
3.96848
4.21489
4.43219
4.4358
3.7678
4.02224
3.48905
3.63885
3.75448
4.90828
3.60089
3.76226
3.46618
3.43508
3.99571
3.85042
3.64676
3.76221
4.46115
4.03329
3.53175
4.00779
3.37468
4.18267
3.61383
3.76756
4.80333
4.01049
3.87572
3.69414
3.63915
3.59079
3.69181
4.25884
3.83481
4.04868
3.60305
3.27816
3.92109
3.79615
3.69076
4.09344
3.80129
4.07458
3.66543
3.60401
4.01553
3.88697
3.40925
3.90107
4.22832
3.58508
3.63516
3.87544
4.02452
3.41494
3.85596
3.62437
3.79855
3.71777
3.77592
3.76057
3.31141
3.85341
3.79233
3.75969
3.45287
3.59541
3.80124
3.50321
3.67103
3.2761
3.75823
3.53224
3.9198
3.8672
3.51194
4.04752
3.64236
3.66742
3.73612
3.5048
3.83503
3.81985
3.57745
3.6577
3.6594
3.76349
3.84794
4.15258
3.91371
3.8158
3.82105
3.84734
3.60337
3.65271
3.55795
3.76028
3.81419
3.93578
3.94585
4.1072
3.63251
3.70709
3.65329
3.50503
3.69769
3.69101
