3.35215
3.48271
3.5199
3.56156
3.62294
3.65191
3.78623
3.80827
3.81857
3.7054
3.76148
3.92029
3.9396
3.82908
3.73847
3.91255
3.91991
3.87357
4.01395
3.90057
3.92101
3.87534
3.886
3.99256
3.91901
3.81911
3.86508
3.81522
4.02316
3.78381
3.79795
3.83884
3.90966
3.74881
3.98398
4.02441
3.94905
4.05905
4.06104
3.8464
3.69118
3.84712
3.65237
4.13087
3.98479
3.93138
3.87286
3.8352
3.87522
3.66488
3.7248
3.7713
3.5429
3.62118
3.76296
4.07934
3.68292
3.76822
3.53475
3.62386
3.6426
3.75575
3.99105
3.74949
3.91905
3.56495
3.52768
3.66946
3.74088
4.05047
3.51036
3.92783
3.72243
3.59368
3.73286
3.66572
3.55956
3.66638
3.70834
3.72894
3.64008
3.74462
3.53267
3.88595
3.67238
3.67699
3.70771
3.72352
3.65713
3.72092
3.63781
3.65817
3.70853
3.74865
3.73553
3.59067
3.42245
3.60407
3.81117
3.66216
3.83945
3.79034
3.66118
3.58269
3.52783
3.55268
3.50101
3.48419
3.78531
3.60833
3.83211
3.93713
3.58877
4.20237
3.6135
4.25013
3.52909
3.52946
3.71451
3.68
3.51461
3.69718
3.53109
3.60512
3.55189
3.6751
3.77928
3.70286
3.56061
3.65469
3.85776
3.66886
3.57066
3.62008
3.72825
3.54869
3.90562
3.71213
3.66108
3.78637
3.60411
3.38201
3.87787
4.02703
3.76637
3.81841
3.69177
3.64445
3.77844
3.69982
3.68503
3.83941
3.97489
3.63665
3.64712
3.86885
3.99145
3.48647
3.74957
3.85343
3.672
3.66529
3.61565
3.7512
3.77414
4.00502
3.62332
3.77184
3.89854
3.60485
3.87582
3.68453
3.63785
3.76206
3.74852
3.69214
3.94676
4.01379
3.64639
3.73294
3.80133
3.5265
3.80859
4.01938
4.0888
3.62027
3.79406
4.02733
3.83218
3.64299
3.78661
3.99383
4.03415
3.57769
3.68464
3.88801
3.89574
4.10736
3.86529
3.72176
4.01082
3.94608
4.04576
3.48556
3.86803
3.71914
4.05703
3.45696
3.67188
3.64633
3.80552
4.04316
4.12219
3.70222
4.16168
3.73516
3.80972
3.85032
4.36031
3.63559
3.84039
3.54075
3.93379
3.575
3.62966
3.87887
3.81258
3.71568
3.49063
4.06574
3.79645
3.66294
3.81509
3.53657
3.82096
3.55441
3.9455
3.90302
3.58591
3.76845
3.56622
3.9305
3.65807
3.88114
3.85197
3.70454
4.03838
3.80654
4.02023
3.48651
3.60363
3.75567
3.55822
3.55566
3.34854
3.82332
3.92227
3.76226
3.77505
3.59298
3.55002
3.38463
4.56498
3.76226
4.23413
3.86496
3.82944
3.62082
4.04788
3.72933
4.01807
3.84582
4.16762
3.75009
3.80879
3.76591
3.5515
3.72667
4.18027
3.69407
3.83424
3.47942
4.49849
3.62385
3.76343
3.43516
4.14727
3.96219
3.89463
3.59885
3.39689
4.30027
3.98645
3.90851
3.96765
3.90266
3.73478
3.84254
3.86021
3.65203
3.96628
3.73144
3.63372
3.75621
3.24838
3.64754
3.73522
3.85818
3.52088
3.71855
4.34656
3.79426
3.84766
3.26228
4.1972
3.44306
3.94192
3.81056
3.70624
3.71171
3.6699
3.44178
4.45594
3.68505
3.81968
4.76609
4.12041
3.75587
3.7595
3.70263
3.96843
3.83239
3.72931
3.60717
3.5761
3.91597
3.91821
3.70785
3.66177
4.10056
3.54378
3.20724
3.86462
3.51077
3.37517
3.84602
3.58717
3.68102
3.52906
3.49105
3.46787
3.73688
3.72073
3.81698
3.53865
3.34507
3.64361
3.58389
3.81445
3.71331
3.57382
3.64147
3.77425
3.59609
3.41458
3.63831
3.60552
3.54942
3.8706
3.45245
3.89615
3.75053
3.72164
3.747
3.88946
3.88556
3.74383
3.53699
3.9502
3.65743
3.63714
4.29948
3.82115
4.11967
3.80523
4.14121
4.13719
3.71427
4.37588
4.54202
4.16828
4.25133
3.93562
3.9054
4.5017
4.55003
4.04124
5.33215
4.4936
4.17486
