4.44944
4.56401
4.51871
4.76524
4.57224
4.2965
4.62192
4.59485
4.36902
4.38292
4.94642
4.26355
4.50668
5.21485
4.4235
4.50334
4.20084
4.28484
4.31356
4.39939
4.03907
4.40375
4.62264
4.45685
4.36957
4.18553
4.44843
4.38373
4.50177
4.1948
4.1122
4.06164
4.29459
4.62311
4.14579
4.70393
4.58742
4.17442
4.02156
4.27308
4.46928
4.12253
4.3626
4.04327
4.31959
4.47796
4.60977
4.59689
4.16435
4.31227
3.96074
4.41588
4.57452
5.27563
4.24751
4.40829
4.49542
3.95803
4.00659
4.13977
4.21905
4.52627
4.31378
4.31864
5.13745
4.51253
3.68591
4.79135
4.15951
4.68767
4.73987
3.96209
4.04886
4.79683
4.72805
4.25612
4.32967
4.6715
5.07668
4.2089
4.67266
4.11076
3.9266
4.63935
4.68208
4.4566
4.43094
4.70415
4.65628
3.83164
4.71874
4.22779
4.63112
4.22967
4.1068
4.66042
4.70061
inf
5.05511
5.07386
inf
4.21587
4.07512
4.25512
4.40768
4.96441
4.67525
4.37658
4.37896
4.6388
4.37725
4.36727
5.05274
4.25934
4.28391
4.62761
4.42358
4.20907
5.04182
4.36031
4.25999
4.4258
4.63853
4.64927
4.08545
3.89289
4.37354
4.23574
4.42865
5.08589
4.99451
4.24514
4.61298
3.93921
4.25006
4.63584
5.08888
4.69835
4.40062
4.63248
4.27154
4.67875
4.55087
4.24459
4.6943
3.92895
4.66394
4.69296
4.64775
5.04511
4.288
3.97757
4.27846
4.04019
4.43343
3.97292
4.49862
4.31381
4.42009
4.46597
3.95908
4.48214
4.09665
4.19243
4.32788
4.74085
4.35404
3.91333
4.13454
5.0932
4.81901
4.76616
4.17908
inf
4.37005
4.28556
4.8342
4.87846
4.21024
4.00649
4.60603
4.31051
4.19
4.21258
4.66197
4.47613
4.61947
4.37536
4.35635
4.33673
4.39961
4.46159
4.19193
4.19104
4.0205
4.83973
4.61989
4.35867
4.51381
4.64262
4.6463
4.53508
4.69915
4.40629
4.50383
4.77309
4.76138
4.30249
4.07486
4.09543
4.45123
4.63467
4.3077
4.88276
4.37294
4.21298
4.123
4.64156
4.39413
4.22785
4.15268
4.45152
4.59591
4.77747
4.28193
4.24594
4.53122
4.78478
4.52869
5.21678
4.21267
3.9985
4.1362
4.10287
4.2181
4.79781
4.77071
5.199
4.09499
4.3157
4.09112
4.50082
4.16931
4.31414
4.44351
5.10612
4.47244
4.44558
4.2982
4.08795
4.50426
4.32316
4.75571
4.51092
4.71942
4.75104
4.70086
4.2801
4.17676
3.95406
5.15016
4.67871
5.11162
4.23837
4.16646
4.12772
4.30378
5.0955
4.47555
4.06616
4.29152
4.14849
4.68437
4.69546
4.29378
4.01904
4.51682
4.49822
4.29438
4.01078
3.7798
4.73934
4.90399
5.218
3.9585
4.68124
4.5275
3.88908
4.43511
4.47773
4.2684
5.00825
4.05567
inf
4.4152
4.24462
4.64089
4.18686
4.43019
5.0948
4.27455
4.29981
4.04089
4.75108
4.05572
4.17618
4.66502
4.31401
5.2654
4.06527
4.7772
4.19143
4.44994
4.50521
4.48282
3.96653
5.11574
4.48699
3.94266
4.28695
4.1706
4.05673
4.53218
4.10739
4.71248
4.35573
4.48888
4.26624
4.24165
4.32391
4.1438
4.34287
4.08446
4.2623
3.94728
4.34475
4.28902
3.9647
4.42985
4.60241
4.40327
4.10761
4.36331
4.3068
4.09562
4.20083
4.49915
4.21562
4.22988
3.92116
4.05962
4.01125
4.45929
4.11176
4.04552
4.33458
4.41657
4.01916
4.15832
4.34958
3.7897
4.36021
4.61088
4.63434
4.14159
4.64016
4.23339
4.342
4.87432
4.52666
4.30283
4.51103
4.24089
4.47841
4.46815
4.13254
4.27702
4.50454
4.44779
4.37194
4.10824
4.38864
4.38051
4.432
4.24221
4.28889
4.42864
4.78366
4.31044
4.54744
4.37152
4.59327
4.32259
4.49187
4.599
4.62763
4.65391
4.85805
5.18438
4.98697
