4.29897
4.41399
4.52402
4.50466
4.56961
4.42507
4.48351
4.49328
4.68681
4.3802
4.51184
4.59671
4.62664
4.97818
4.41763
4.40041
4.5745
4.73971
5.20914
4.42706
4.48979
4.31296
4.89878
4.54236
4.4513
4.85579
4.5651
4.57
4.36205
4.29375
4.88099
4.69509
4.18615
4.58894
4.6927
4.80815
5.55755
4.5588
4.41438
5.05037
4.44518
4.58581
4.43825
4.27908
4.5636
4.39618
4.30281
4.27513
4.42558
4.36855
4.65515
4.88372
4.66359
5.25771
4.35036
4.12813
4.80413
4.55758
4.05737
4.27878
4.61321
4.22503
4.25276
4.25989
3.99983
4.77714
4.52315
inf
4.36402
5.21852
4.15878
4.10091
4.19604
4.24686
4.10164
4.4937
3.89797
4.78135
4.53197
4.49866
5.08714
4.75525
4.45867
4.72032
4.71064
5.16478
5.13476
4.41698
4.29663
4.44349
4.25068
4.29591
4.25782
4.27608
4.05465
4.0953
4.48369
5.069
4.66595
4.15107
4.13208
4.49727
5.08569
4.15919
4.4331
4.15953
4.21401
4.64766
4.30504
4.63386
4.65805
4.12737
3.9125
4.15134
4.13525
4.1768
4.3893
5.04566
4.11613
4.43066
4.26653
4.27913
4.67954
inf
4.29525
4.43252
4.67923
4.13443
4.6325
4.47217
4.28177
inf
4.49309
5.04779
4.69568
5.10917
5.05413
inf
3.96167
5.02311
4.29187
4.17373
4.45135
4.47118
4.27886
inf
4.29028
4.51241
4.02516
4.71203
4.71911
4.04314
4.74751
4.07827
4.71125
4.49473
4.20228
4.68941
4.74115
5.11296
5.24073
4.52087
4.49533
4.53156
4.51381
4.55971
4.21832
4.44038
4.47782
4.12812
4.57486
4.54712
4.4742
4.56153
4.56747
4.35894
4.64364
4.45307
4.86893
4.69621
4.85865
4.93257
4.32827
4.18745
5.31152
4.49236
4.40809
4.71999
4.65062
4.55005
4.97084
4.76612
4.74972
4.2836
4.20012
4.07066
4.45231
4.73422
4.5643
4.43223
4.52114
4.45996
4.59759
4.37467
4.53588
4.7699
4.851
5.0343
5.00946
4.78285
4.55432
4.5057
5.29341
4.38524
4.1269
4.68297
4.17825
4.86878
4.44461
4.89228
4.20795
4.31798
4.20263
4.41931
4.7918
4.74236
4.25229
4.43572
4.41101
4.41863
4.3885
4.24781
3.93361
4.5053
4.74275
4.3693
5.10934
5.23253
4.52475
4.35123
4.59684
4.50381
4.71971
4.36224
4.79112
4.20121
5.17435
5.13986
4.49931
5.20723
5.11543
4.32771
3.98476
4.46408
4.73392
4.05496
5.14628
5.13779
4.76236
4.65695
4.51745
4.30679
4.27148
4.18224
inf
4.30491
inf
4.7411
4.74491
4.27923
4.17558
4.13948
4.03734
4.466
4.04436
4.66637
5.11355
4.28899
4.16037
4.49055
4.1246
4.042
inf
4.17586
4.3133
4.02331
4.28213
4.7301
4.31141
4.38029
4.33356
3.97262
4.03173
4.46911
4.98286
4.26475
4.71074
5.07748
5.13057
4.30597
4.48448
4.68592
4.73645
inf
4.40337
3.99575
4.32377
4.15529
5.0917
4.17047
4.32009
4.08527
4.71794
3.87915
4.58435
4.34086
3.83441
4.35337
4.10015
4.4915
4.1021
4.19088
4.21354
4.2012
4.19697
4.41475
4.47976
4.21253
5.25006
4.23009
3.88299
4.51751
4.14255
4.06389
4.38757
4.39525
4.2845
3.79982
4.74073
4.26815
4.61024
4.60177
4.30864
4.21328
4.13315
4.20855
4.29569
4.1412
4.60163
4.1509
4.47938
4.35502
4.64033
4.50937
4.13036
4.26855
4.88703
4.15041
4.54635
4.15612
4.09341
4.12988
4.31466
4.55487
4.60854
4.19793
4.66126
4.19325
4.19083
4.56786
4.29187
4.5019
4.43903
4.73739
4.1617
4.26122
4.00712
4.31719
4.42313
4.39576
4.32853
4.23096
4.72149
4.84897
4.4253
4.34933
4.44233
4.59732
4.31527
4.74821
4.67656
4.53985
4.56964
4.78955
4.58507
4.63645
4.70755
4.76284
4.7426
4.96393
