4.77783
5.10015
4.92182
4.91595
4.96358
4.96156
4.69888
4.97173
4.85864
5.05002
5.1401
5.2846
4.81543
5.00235
4.74431
4.61748
4.86297
5.68619
4.72329
5.02
4.47591
4.96678
5.16105
5.57584
inf
4.68949
5.05458
4.65871
4.80358
5.09079
4.79476
4.77312
5.00914
5.01275
4.72262
inf
5.41517
5.40279
5.38445
inf
4.49713
4.98656
4.89814
4.87565
5.26016
4.31272
4.46246
4.90447
5.22092
inf
inf
4.59962
4.5893
5.26865
4.60843
4.80092
4.43028
5.1454
inf
4.58895
4.39128
5.28296
4.73801
4.57668
4.7894
4.5304
4.77689
4.81494
5.1136
4.76696
5.22902
4.49326
5.2009
4.47362
5.1464
5.21732
5.0817
4.72337
4.69068
4.78448
4.48773
4.44566
5.10646
4.29879
5.10582
inf
4.78313
5.17413
5.11669
4.47781
4.51827
4.75112
5.14982
4.9896
4.18801
4.7571
inf
5.0252
inf
5.17929
inf
5.10335
5.14757
inf
5.02202
inf
5.08532
inf
5.11338
4.72341
inf
5.00128
5.03581
inf
5.22015
4.29229
inf
5.12024
5.11006
5.15284
4.77655
5.13962
inf
4.46128
inf
4.47309
4.785
4.3422
4.75214
4.45885
inf
5.04269
4.46103
inf
4.74643
4.51608
inf
4.70895
4.82809
4.7686
4.52547
5.13686
4.74581
4.7492
inf
4.47623
4.71033
inf
4.5496
5.22695
5.07877
4.75637
5.01852
inf
4.78155
4.5299
5.27214
5.22312
4.39096
5.1759
4.78437
5.2366
5.10907
4.76822
inf
5.2098
4.82944
4.76696
inf
4.72729
4.56996
4.19231
4.58775
4.66882
4.57831
4.46675
inf
5.32481
4.87661
4.61922
4.9274
inf
inf
4.89816
5.36692
4.95421
inf
5.4143
4.77211
5.36595
4.80991
4.6246
4.83801
4.64699
4.67433
5.45182
4.88071
4.33687
4.58555
5.08957
5.35144
5.23649
inf
4.57726
4.72878
4.70046
4.80954
4.83442
5.46709
4.59912
4.59555
4.69174
5.43675
4.69608
5.42093
4.85487
5.27548
4.64209
4.62104
inf
4.90537
4.27252
4.90127
5.24755
4.67979
5.19184
4.24372
4.59067
4.8284
4.58384
4.52916
4.58385
4.17308
4.78534
4.27475
5.07487
4.74259
5.21093
5.1512
inf
5.25894
4.81873
4.79482
inf
4.71638
inf
inf
4.45461
4.76747
4.72651
4.30001
inf
5.08176
inf
inf
5.165
5.11122
5.1065
4.47303
4.67871
4.3239
5.10296
4.72596
5.09129
inf
4.67315
inf
5.03272
4.27666
5.05869
5.13321
4.71838
inf
4.64535
inf
5.06224
4.29758
4.41013
inf
5.15441
4.4366
5.0586
inf
5.02951
4.64884
5.05158
inf
5.0604
5.11646
5.07081
inf
4.38677
4.62933
inf
5.00049
4.66186
5.14902
4.72114
inf
inf
4.44989
5.07955
inf
5.12686
inf
inf
4.68749
4.4259
inf
inf
5.09935
inf
4.2435
inf
5.07909
4.44349
inf
4.42027
5.09986
inf
5.16407
4.49792
5.1461
4.49238
4.7138
5.16326
inf
inf
inf
inf
5.17719
5.18043
4.97368
4.75469
5.12336
inf
inf
5.22522
5.11381
4.83216
5.24295
5.24894
4.79802
5.26399
5.25329
inf
inf
4.45109
4.84987
5.32697
5.25741
4.56074
5.28832
5.2673
5.30375
inf
4.49936
5.25698
4.96311
5.41993
4.95467
5.32388
4.97456
4.73889
4.60712
4.33823
4.74427
5.41005
4.60135
4.66368
5.01505
4.36574
inf
4.7004
5.11543
4.91504
4.81092
5.60758
4.97421
5.27833
4.79235
4.75655
5.63374
4.9803
4.58848
4.80501
4.88605
4.58397
4.70887
4.78926
4.63991
4.99184
4.57851
4.67161
4.55048
4.52544
4.71192
4.79882
4.79706
4.7076
