4.82394
4.79609
4.79746
4.60933
4.92332
5.28777
4.81344
4.7939
5.08075
4.56472
4.55383
4.89229
5.29677
4.70057
4.73858
4.95659
4.69132
4.69138
4.87692
5.30003
4.28974
4.80314
4.9463
4.94465
4.5953
5.00514
4.81863
4.80673
5.44506
4.7752
4.76997
5.38132
inf
5.27298
5.39059
inf
inf
5.35925
4.88804
4.70421
inf
5.26675
inf
inf
4.60985
inf
inf
inf
5.23588
inf
4.70438
5.11165
inf
5.25593
4.79507
5.02229
inf
5.21604
4.74898
5.10343
4.45805
4.61411
4.4209
inf
inf
4.61409
4.46881
inf
4.695
5.06519
5.15658
4.65525
5.05488
4.40885
inf
5.06228
4.43914
5.0598
5.02404
5.04189
4.63498
4.36083
inf
inf
5.01516
5.01289
4.3885
inf
inf
4.95861
inf
inf
inf
inf
inf
inf
inf
inf
inf
5.03161
inf
inf
4.84236
inf
4.58162
5.03877
4.97456
5.00638
4.57754
5.06356
4.61603
inf
4.98676
inf
4.58948
4.58506
inf
inf
4.42929
4.83425
inf
5.11963
4.99319
4.59567
5.12514
inf
4.51132
inf
inf
4.38724
5.01917
4.55978
4.91479
inf
inf
4.61137
5.09908
4.24971
inf
5.03601
5.02294
5.1735
4.41993
5.11655
4.59546
inf
4.71564
4.7041
inf
5.11462
inf
4.78041
5.06137
4.23708
5.07862
5.06098
5.11528
5.08481
4.45027
5.12895
inf
4.49158
inf
5.1305
5.13246
4.76674
5.10992
inf
4.76707
4.66717
5.2167
4.73763
inf
4.49497
4.74161
inf
inf
5.21838
5.07901
4.84854
4.78966
4.58423
4.82263
4.58405
5.17713
inf
4.85843
5.33708
4.50919
4.98189
4.42439
4.6975
4.97189
5.53022
5.02756
5.06792
4.90089
4.83867
4.76823
4.63256
4.69997
4.9232
4.54688
4.82118
4.77095
4.48463
4.96696
4.93621
5.38854
5.40197
4.93544
inf
inf
4.43739
inf
4.89039
inf
5.26155
inf
inf
4.60409
4.59963
4.44523
inf
inf
4.81942
5.35449
5.17108
4.49809
5.18196
inf
4.36876
4.56757
4.77655
5.254
4.7674
4.78215
4.70977
4.34988
5.18919
4.28406
4.72842
inf
4.72334
4.52938
4.45342
inf
4.53671
inf
4.7292
4.72276
5.13424
4.54805
5.12972
inf
inf
5.0663
4.48676
4.439
5.07704
5.1353
4.67411
5.09489
4.71829
5.10758
5.13539
5.08273
5.09981
inf
5.14913
4.66964
4.44371
5.04728
4.67608
4.28709
4.26779
4.76769
5.05017
inf
4.74396
inf
4.45506
inf
4.40182
inf
5.11469
5.13298
inf
4.68519
4.71446
inf
inf
4.74865
4.10497
inf
5.2375
inf
4.7052
4.70392
4.43715
4.7988
4.69712
5.22108
4.75773
5.10145
4.26637
4.75136
4.45617
4.71707
5.12064
4.68837
5.10145
4.26645
4.78202
5.10348
inf
5.13487
5.20347
5.26839
inf
4.77155
4.51522
4.51314
4.68562
4.55456
4.7935
4.5255
inf
5.18152
5.13801
5.21383
4.79573
4.91642
4.62756
4.5739
inf
4.78488
4.79234
4.73858
5.28172
5.23567
4.6296
4.78962
inf
4.48123
4.46713
5.25852
4.30788
4.95193
4.47374
4.91539
5.27684
5.32193
4.22242
5.4399
5.37343
5.4138
inf
4.55766
5.02759
4.92405
4.60007
4.69685
4.67537
4.74702
5.5574
5.50153
4.72077
5.066
4.57669
5.56234
5.10222
4.99152
4.64042
5.10571
5.68552
5.70508
4.55802
4.57805
5.7632
4.91172
4.94736
5.72372
4.75239
5.50849
5.03279
5.26045
5.56093
4.94382
4.91405
5.17736
5.56912
5.32969
4.89909
4.99129
4.73369
5.07659
4.81807
4.80848
4.6506
