4.74696
4.65657
4.51993
4.24925
4.19055
4.07275
4.04608
3.95836
4.09292
3.83872
3.78735
3.94549
3.79907
3.74175
3.7765
3.84815
3.75521
3.77292
3.77921
3.80516
3.88931
3.98555
3.70768
3.99645
3.85756
3.80709
3.93587
3.83227
3.77192
3.93357
3.89537
3.87685
3.85956
3.80237
3.90852
3.96183
3.94394
4.03535
3.97194
3.86177
4.21482
4.20463
3.79245
4.18053
3.9874
4.04422
3.75209
3.9741
3.87044
3.80349
3.78138
4.24715
3.91223
4.03656
4.1138
4.02695
4.69126
4.08513
4.48608
4.05713
4.10333
3.76249
4.21015
4.32915
3.90326
4.15102
3.82246
3.92041
3.95301
4.53599
4.10546
3.6207
3.88502
4.1685
3.79886
4.56407
3.98747
3.86941
3.87589
4.04802
4.36326
4.29007
3.93914
4.05554
3.80864
4.3761
4.02976
4.35334
4.04245
4.20956
3.98532
4.5554
5.16513
4.19759
4.12048
4.50736
4.18725
4.36093
3.94464
4.30867
4.53635
4.23439
4.20514
4.1033
5.20765
4.05664
4.05743
4.46035
3.97937
4.31546
3.74583
3.85028
3.95914
3.87881
4.28926
4.44093
4.4655
4.04942
4.14958
3.80936
3.85891
3.83645
4.04974
4.71761
4.07533
4.09326
3.60822
4.02803
4.51739
3.88241
4.2828
3.94013
4.76406
5.14148
4.48235
4.10568
4.32005
4.1266
4.47605
4.11422
4.44078
3.67775
4.10436
4.31321
4.14502
4.00987
4.36209
4.19204
4.09984
4.18074
3.89801
4.01291
3.91762
3.87102
4.02556
3.87736
4.34544
4.04636
3.94934
4.50243
3.84742
4.24944
3.93507
3.77646
4.07125
4.39656
4.34121
3.7783
4.19272
4.47934
3.8707
4.28454
3.96181
3.98281
3.98324
4.09948
4.24745
3.87034
4.19236
4.13525
3.97875
4.49476
4.1447
3.85599
4.50836
4.22007
4.70908
3.70255
4.55794
4.10783
3.84939
4.36153
4.06407
3.84095
3.99347
3.98542
3.94687
4.25395
4.05271
4.23698
3.98925
4.55985
4.11926
4.08887
3.97893
4.20636
4.47196
4.38445
3.96967
4.2363
4.40847
4.2712
4.21854
3.93988
3.9827
4.18958
3.90743
4.11207
4.18463
3.75635
4.00158
4.31491
3.90301
4.12196
3.92466
3.82399
4.39665
4.1781
3.92527
3.85019
4.24762
3.78558
4.10407
4.31933
3.83383
4.08679
4.032
3.94647
4.10741
4.10194
4.13307
3.91291
3.90058
3.87844
3.8825
4.2143
4.344
4.37313
4.71574
3.90909
4.15223
4.26757
4.16452
4.33034
4.7022
4.01279
4.2512
4.04993
4.13835
4.13746
4.23302
4.43758
4.6934
4.42699
4.12286
3.69883
5.13479
4.31153
4.28826
3.73923
4.10624
4.14724
4.13263
3.79377
4.02056
4.1453
4.41263
4.3851
4.41704
3.92351
4.20517
4.63372
3.81523
3.927
4.11179
4.10397
4.45219
4.38303
5.13626
4.00938
4.68024
4.06342
4.02
4.63466
4.39329
4.0199
3.99369
4.14953
4.24881
3.72775
4.40377
4.02119
4.39358
3.74944
4.21384
3.64321
4.09968
4.23014
4.44957
5.08538
4.10977
4.40222
3.98
4.11301
3.85042
4.40312
5.20436
3.78582
3.5902
4.27948
4.70102
4.12389
4.15242
4.33051
4.03912
4.31787
4.71332
4.0691
4.31723
3.98612
4.31043
3.92265
3.91765
3.88901
3.98588
4.11214
4.22841
4.09665
3.94942
4.24461
3.8907
4.07913
4.24585
3.88224
4.81798
4.17519
4.19458
4.22928
4.19311
3.96096
3.95281
3.84362
4.90229
4.04062
4.14051
4.25795
4.48886
3.97546
4.3939
3.84123
4.72324
4.3242
4.43474
4.2714
4.16983
4.2147
4.19805
4.01049
4.46714
4.13469
4.14863
4.23424
4.11493
4.00209
4.12299
4.23334
4.05305
4.02412
4.35248
4.02621
4.12951
4.12282
4.21348
4.18312
4.01791
4.3086
4.21449
4.30571
4.08372
4.11287
4.16522
4.28287
4.33168
4.14619
4.20757
4.26047
4.431
4.369
4.52838
4.6396
