5.22987
5.29427
4.88857
4.58592
4.58469
4.49461
4.64507
4.32343
4.58465
4.4661
4.29541
4.96507
4.5882
4.50548
4.29756
4.31454
4.41346
4.44046
4.33999
4.17349
4.27685
4.33494
4.64577
4.03528
3.99204
3.94875
4.52883
4.51009
4.18581
4.65565
4.51424
4.66
3.87956
4.10175
4.04131
4.4701
4.13857
4.48527
4.47343
4.34912
4.45584
4.88839
4.3315
4.40326
4.25586
4.57761
4.57673
4.30439
4.37283
4.51693
4.03645
4.66099
5.2185
4.18858
4.31653
4.08571
4.5515
5.09154
4.18416
4.14585
4.03105
4.30207
4.50633
4.27342
4.67254
5.01487
3.87678
4.43644
4.0227
4.1318
3.98075
4.63847
4.63755
4.37978
4.37097
3.97872
4.94583
4.34918
4.13104
5.04268
3.94043
3.9642
4.59604
4.39605
4.59828
5.04794
4.14711
4.23286
4.96427
3.96923
5.10846
4.1822
4.94731
4.06902
4.57772
4.93229
5.01136
4.65761
4.58338
4.94695
4.38858
5.01408
4.98424
4.1685
4.41204
4.97705
4.67487
4.60087
4.36284
4.63117
inf
4.64182
4.5748
5.026
4.57937
5.00916
4.98911
4.542
4.54716
4.92936
4.35045
4.06313
4.22876
4.18597
inf
5.10843
4.65313
inf
4.64832
4.35052
5.01244
5.06027
4.60265
4.35765
5.06245
4.21275
4.35552
5.01977
inf
4.92913
4.27193
4.35883
4.64417
5.09167
5.00895
4.3578
4.41982
4.25524
5.05874
4.72213
inf
4.43493
inf
4.91368
3.91008
5.15176
4.19481
inf
5.12005
4.69565
inf
4.69717
5.12896
4.52943
5.13866
4.74718
inf
4.31811
4.50926
4.53597
4.77041
4.47784
4.76331
inf
4.77375
5.23083
5.2064
4.38403
4.54096
4.26454
4.89024
4.60981
4.59098
5.24708
4.49932
5.35193
4.07719
3.94438
4.27791
4.48384
4.94098
4.40012
4.56052
4.71522
4.5795
4.49437
4.39314
4.26025
4.90587
5.05092
5.04718
4.53527
4.56674
4.81638
4.75708
5.38911
4.78132
4.47537
4.11461
4.33232
4.26237
4.72387
4.66789
4.47753
4.64921
inf
4.09238
inf
4.7858
4.4605
4.33246
4.63294
4.43448
4.39293
4.56876
4.43025
4.0818
4.2511
4.35965
5.23241
4.8244
4.78432
4.24897
4.09579
4.82939
4.85632
4.36992
4.07543
3.7973
4.19596
4.4914
5.27596
5.08201
4.17771
inf
4.70973
4.10996
4.33761
inf
inf
4.28926
4.77328
4.47987
4.17701
4.14669
4.15173
4.17814
4.5095
4.30321
4.69611
4.45333
5.09498
4.46342
4.44625
4.16848
inf
4.12576
4.70264
5.10561
4.17182
5.09727
4.44628
4.30444
4.63429
5.10567
inf
4.32542
3.97611
4.1223
4.17564
4.46521
4.42094
4.40146
4.67607
4.7167
4.48565
4.66543
4.29815
4.51831
inf
4.52647
4.25672
inf
4.12845
4.36919
4.74391
4.10126
4.28978
4.65534
4.24659
4.12851
4.15922
4.76907
4.26897
4.32293
4.67907
5.09633
4.66951
3.98515
4.71615
inf
4.26617
4.76353
4.7232
4.44888
3.84251
4.63996
4.51459
4.71101
inf
4.00434
4.21133
4.51916
4.34423
4.54011
4.47913
inf
5.20786
5.17394
4.35031
4.75662
4.80039
4.10514
4.2162
4.37326
5.13622
4.53573
inf
4.81733
4.53401
4.75674
5.24909
4.596
4.56984
4.63288
4.33826
4.60585
4.31604
4.43268
4.31536
4.36816
4.90373
inf
4.21642
4.21929
4.40852
4.40951
inf
4.35581
4.56553
4.69078
4.55557
4.5389
4.33836
5.04798
4.81701
4.7531
4.61417
4.4866
4.67032
5.43121
4.42963
4.91655
4.64252
4.46603
4.53321
4.54865
4.55481
5.04243
4.32724
4.30695
4.62744
5.419
4.39712
4.5155
4.45172
4.92106
4.64606
4.26557
4.55716
4.51476
4.58593
4.64969
4.63904
4.5892
4.60086
4.40248
4.58922
4.57498
4.38541
