5.04443
5.02589
4.61174
4.90782
5.02933
4.79773
4.64494
4.81724
4.90644
4.53124
4.80942
4.65656
4.67169
4.6916
4.85161
4.64976
4.47856
4.4724
4.57191
4.42859
4.25338
4.48672
4.73089
4.37585
4.28252
4.60738
4.72661
4.60904
4.16834
4.25508
4.43038
4.39552
4.3478
4.85187
4.46511
4.09906
3.82049
4.59382
4.21839
4.04851
4.7612
4.50012
4.12818
4.13578
4.69439
5.31848
4.71692
4.72795
4.27151
4.63619
4.29036
4.32864
3.95103
4.60197
4.84567
4.36423
4.163
4.90562
5.18802
4.53689
4.57759
4.27174
4.82462
4.73296
4.51098
4.80008
4.04967
4.26611
4.80608
4.79605
4.36816
4.19116
4.46944
4.26991
4.27974
4.16353
4.29078
4.71053
4.44633
4.47695
inf
5.12979
4.74128
4.68706
5.19386
inf
4.1784
4.45749
5.13945
5.17735
4.68224
4.12844
4.68111
4.68796
4.35042
inf
5.13025
4.09322
4.65773
4.24114
4.26664
inf
4.26775
4.44479
4.39027
4.43482
4.34316
4.66727
5.08542
4.38035
4.10833
4.07679
4.11459
4.14393
4.23861
4.63648
4.39435
4.24238
4.67556
4.16854
4.58228
4.58174
4.67395
4.57285
inf
4.63469
4.69108
4.38629
4.21482
4.62407
4.08317
4.66162
4.40318
4.05003
4.74443
4.31275
4.3973
5.05013
4.43907
4.65263
4.12474
4.68313
4.74588
5.07745
4.72053
4.3993
inf
4.65597
inf
4.15178
4.7041
4.0603
4.31786
4.75415
inf
inf
4.42208
4.06617
4.36179
3.80811
4.46966
4.83191
5.05863
4.46857
4.35745
4.60188
4.5272
4.21266
4.5481
4.14354
4.52394
4.85868
4.41225
4.7544
4.79659
4.50636
4.44487
4.29895
4.56004
4.55586
4.34322
4.63347
4.48027
4.94617
4.67442
4.44741
4.05122
4.39986
4.37007
4.52641
4.14705
4.75565
4.58891
4.53997
4.28672
4.49713
4.53466
4.3506
4.41861
4.56376
4.07535
4.15203
4.39238
4.56886
4.56256
4.80344
4.25963
4.25992
3.94607
5.0203
4.06811
4.3274
4.39739
5.41035
4.29869
4.86526
4.15063
4.45977
5.26791
4.32586
4.85919
4.60663
4.12325
4.28632
4.57696
4.19545
5.17713
4.76742
4.78523
4.35006
3.99205
4.24142
5.11979
4.73129
4.57647
4.55406
4.53019
4.69308
4.37766
4.79286
4.15765
4.21344
4.58041
4.77367
4.0944
4.49768
4.79628
5.13537
5.10502
4.51487
4.54909
4.29546
5.14924
4.75686
4.28209
5.1622
4.17174
4.46167
4.65349
4.42898
inf
4.53026
4.48274
4.41297
5.21712
4.66139
4.45865
4.27751
4.68972
4.37961
4.42867
4.10892
4.66898
4.72559
4.16369
inf
inf
4.67866
4.63845
4.47325
4.04653
4.68744
4.41582
5.08558
4.45465
4.05481
4.29157
4.04437
4.2835
4.25591
4.66769
4.29737
3.68871
4.25958
4.44256
4.31565
4.41474
4.43886
4.27318
inf
4.07478
4.2855
4.50341
4.42059
5.13351
inf
4.31935
4.48666
4.48232
4.53603
5.14854
4.07311
4.70301
5.23164
4.19313
4.28565
4.16018
4.4909
4.50577
5.19301
4.3079
5.215
4.21875
4.33372
3.99433
4.71881
4.53398
5.12002
4.81002
4.77832
4.34162
4.50369
4.75298
4.21798
4.12855
4.07688
4.5614
4.41322
5.27033
5.13789
4.8243
4.16993
4.58921
4.23848
5.19564
4.88057
5.2629
4.46481
4.66563
4.94635
4.15938
4.62672
4.66037
4.86784
4.90117
5.35778
4.35566
4.91637
4.98
4.56036
4.5712
4.95892
4.4537
4.34148
4.5829
4.50585
4.37379
4.78888
5.06944
4.85483
5.05804
4.48762
4.45259
4.57801
4.41354
4.72694
4.35726
4.91859
4.62703
4.38256
4.53675
5.06108
4.51569
4.62853
4.6565
4.47845
4.42733
4.39336
4.66229
4.65008
4.58335
4.53997
4.58455
4.75278
4.30424
4.50927
4.58488
4.6918
4.60626
4.37347
