3.40994
3.48941
3.55875
3.59026
3.57091
3.55595
3.54531
3.64425
3.69209
3.67402
3.68665
3.84428
3.68908
3.74222
3.74576
3.62682
3.52059
3.8508
3.74479
3.7135
3.76706
3.60936
3.7707
3.88335
3.549
3.53328
3.88941
3.68207
3.69429
3.79027
3.92818
3.63788
3.55685
3.54702
3.81333
3.68714
3.6545
3.76517
3.87834
3.68378
3.44091
3.70711
3.83962
3.84375
3.91532
3.64523
3.63663
3.79015
3.86767
3.47451
3.58183
3.9161
3.8291
3.84915
3.66878
3.48866
3.50254
3.64722
3.81472
3.62224
3.48465
3.4109
3.6454
3.90153
3.68883
3.70182
3.95664
3.81689
3.68959
3.59719
3.79124
3.89269
3.67463
3.54681
3.58948
3.56739
3.70574
3.63352
3.63115
3.491
3.7821
3.44348
3.55471
3.69474
3.80212
3.7531
3.57901
3.63835
3.78599
3.53499
3.5237
3.47349
3.73861
3.5116
3.69374
3.63566
3.75224
3.91856
3.63048
3.77026
3.4636
3.51256
3.58849
3.49157
3.69844
3.60207
3.60241
3.71871
3.44994
3.71581
3.62558
3.78266
3.67957
3.60549
3.51116
3.65253
3.48328
3.81266
3.62016
3.67513
3.57898
3.53882
3.63028
3.77
3.27885
3.52361
3.90852
3.4187
3.4695
3.59034
3.76245
3.73267
3.78158
4.17004
3.54529
3.56264
3.67488
3.85677
3.67181
3.74564
3.85874
3.507
3.84823
3.52251
3.82607
3.45423
3.77883
3.55761
3.86397
3.72897
3.93304
3.53536
3.63335
3.60358
3.36168
3.74371
3.56566
3.66026
3.80481
3.76786
4.04869
3.46495
3.42156
3.63759
3.65983
3.72922
3.54933
3.58035
3.45831
3.67545
3.92732
3.5833
3.77825
3.5182
3.91782
3.74382
3.91813
3.52297
3.85021
3.65848
4.40577
3.52369
3.61219
3.65911
3.66519
3.76791
4.25584
3.65441
3.81557
3.92813
3.62674
3.58463
3.8123
3.74552
3.82533
4.10319
3.53124
3.5651
3.86534
3.74143
3.55954
3.90101
3.66499
3.87512
3.64434
3.58845
3.7471
3.80976
3.72901
4.09932
3.50509
4.00574
3.91497
3.73559
3.78363
3.43063
3.78357
3.43445
3.94362
3.65527
3.71734
3.67134
3.96405
3.6173
3.71683
3.97463
3.79588
3.63107
3.5236
3.47343
3.66275
3.59566
3.60093
3.85976
3.50195
3.79479
3.5421
3.58319
3.99908
3.62671
3.88795
3.89565
3.66275
3.59657
3.74085
3.52607
3.57693
4.13898
3.54579
3.82235
3.7357
3.45876
3.71056
3.42002
3.72446
3.37608
3.71763
3.64259
3.78622
3.47226
3.57578
3.46114
3.65104
3.50928
3.60831
3.57905
3.71364
3.5673
3.64831
3.75541
4.07371
3.76806
3.44835
3.94395
3.70125
3.83818
3.54011
3.79503
3.59932
3.42674
3.30528
3.57915
3.95916
3.44039
3.45092
3.84836
3.72447
3.66526
3.40041
3.78362
3.57351
3.47485
4.0669
3.68827
3.69733
3.53819
3.49782
3.55827
3.43254
3.91899
3.89784
4.00912
3.37001
3.46607
3.59072
3.56851
3.94351
3.68968
3.81576
4.15201
4.04384
3.97749
3.61013
3.37658
3.57968
3.87535
3.57849
4.33698
3.46642
3.8066
3.94278
3.4557
3.94063
3.34994
3.85629
3.30123
3.8283
3.78681
3.6189
3.70666
3.66902
3.61765
3.61886
3.86744
3.54988
3.60466
3.51536
3.42747
3.52784
3.63422
3.6051
3.60068
3.42718
3.63708
3.33134
4.01703
3.65437
3.40894
3.70906
3.96957
3.44624
3.87183
3.63114
3.51736
3.58362
3.81527
3.70203
3.33389
3.54438
3.55449
3.45993
4.00708
3.52348
3.48937
3.71816
3.49553
3.68046
3.93574
3.44037
3.44541
3.6325
3.43705
3.77085
3.92332
3.60901
3.65301
3.58737
3.55056
3.72199
3.53324
3.70047
3.6483
3.66353
3.77997
3.49299
3.62126
3.61848
3.47172
3.65061
3.66365
3.66247
3.45028
3.7542
3.79992
3.73066
3.65953
3.49859
3.64952
3.53445
3.63684
