5.8358
5.36772
5.31925
5.3377
5.16494
4.6672
4.61548
4.44523
4.62291
4.4597
4.34719
4.50539
4.70166
4.19709
4.56215
4.30272
4.26279
4.12367
4.42442
4.22432
4.37698
4.31034
4.36681
4.60292
4.50288
4.22085
4.45042
4.01256
3.8872
4.42298
4.07452
4.21796
3.88925
4.05465
3.98389
4.0974
4.0761
4.4394
4.03911
4.31282
4.04971
4.21666
4.01916
4.13739
3.92898
4.26634
4.27546
3.98876
4.15746
4.22579
3.97913
5.23981
4.74715
4.73453
3.75601
4.13553
4.08158
4.20959
4.33641
4.16763
4.1956
4.17169
4.29794
4.14784
4.07945
4.45025
4.05215
4.07166
4.1547
4.04469
5.11479
inf
4.30694
4.16768
3.76545
3.94771
4.45003
3.80558
3.92872
4.47645
4.24367
4.41237
3.99009
4.20808
4.12465
4.22012
4.44738
4.26156
4.36854
4.21341
4.92835
4.21389
3.96381
4.38929
4.37139
4.39846
4.26004
3.77824
4.33341
4.1175
4.40157
4.27047
4.27247
4.38733
4.10691
4.32501
4.64555
5.0267
4.08896
4.46895
3.89077
4.97742
4.2049
4.4504
4.25772
3.74401
4.37223
4.42196
4.37113
4.47325
4.41435
4.66373
4.10451
4.11045
4.38916
5.13875
4.27785
inf
4.67694
4.24829
4.03078
4.46821
4.25121
4.1901
4.28119
5.04217
4.48151
4.31349
4.29963
4.77413
4.27811
4.44727
4.31683
4.43533
4.12797
4.63923
4.25811
4.34606
4.00018
5.0927
4.4958
4.30475
4.08828
4.08162
4.55549
4.08724
4.11401
4.34929
4.14155
4.53885
4.56009
4.25746
4.4013
4.13586
4.79004
4.58614
4.43806
4.36297
4.2071
4.84662
4.40667
4.27194
4.81971
3.99109
4.21062
4.11201
4.67283
3.98661
4.70378
4.87823
4.21386
5.36257
4.3642
4.50822
4.40038
4.44589
4.66452
4.81283
4.31633
inf
4.35548
4.47427
4.2557
4.20425
4.38789
4.88107
4.56168
4.50763
4.37458
4.35478
4.25868
4.84396
4.93818
4.34
4.50155
4.64977
4.85547
4.53162
4.47256
4.26143
4.45123
4.58983
4.51154
4.14628
4.02424
4.64766
4.43414
4.49628
4.34901
4.48985
4.11271
4.71494
4.68857
4.19605
4.29395
4.42497
4.20049
4.09742
4.19256
4.30561
4.18329
4.31796
4.1711
4.6095
5.13123
4.13465
4.56464
4.80085
4.77319
4.34469
4.72905
4.10796
4.26014
4.54417
5.2484
4.37334
4.67319
inf
4.05154
4.29627
4.13147
4.24836
4.32009
4.11745
4.8177
4.46108
4.19889
4.51562
4.72046
4.32842
3.9031
4.79512
5.25729
4.28884
5.06009
5.16646
4.52725
3.9664
3.87475
4.16065
4.4947
4.19815
4.77923
4.68045
4.44833
4.28966
3.96545
4.05644
4.44027
3.89623
4.17923
5.10755
4.30727
4.47288
4.32495
4.4297
4.74831
4.17164
3.99649
4.12509
4.07018
4.05313
3.93789
4.1355
4.45241
4.15728
3.99946
4.72108
4.65602
5.08057
4.16091
4.14395
4.15519
5.05675
4.30857
4.29977
4.48269
5.16552
4.13973
4.64234
3.98369
4.24879
4.72487
4.46165
4.69992
4.71022
5.01465
4.26088
4.50518
4.45068
inf
4.22227
4.50934
4.15884
4.47872
4.72775
inf
4.56627
4.09836
4.36792
4.32548
4.50498
3.89143
5.17126
4.7092
3.88396
4.55947
4.03672
3.91954
4.56436
4.77612
4.12252
4.29578
4.54109
4.80988
4.27465
5.29293
4.92253
4.47617
4.30047
4.32079
4.01714
4.46723
4.84948
4.94585
4.96746
4.6573
4.9034
4.70219
4.6458
4.7293
4.94208
4.76946
4.33624
4.36514
4.66443
4.48338
4.43108
4.52502
4.20231
4.52536
4.80974
4.71155
4.40618
4.49332
4.76184
4.5438
4.25132
4.64957
4.67715
4.34919
4.59563
4.44071
4.68079
4.41383
4.5573
4.73161
4.42678
4.42784
4.41034
4.53352
5.17849
4.52302
4.98403
4.76585
4.67628
4.73403
4.47367
4.46398
4.4002
