4.84994
4.71204
4.77378
4.87424
4.55796
4.95753
4.73055
4.94366
4.95883
4.69456
5.00864
4.99997
5.09478
4.98874
4.64831
4.91469
4.89586
5.0368
4.83719
5.50793
5.22481
4.76023
4.73269
4.43041
5.05661
4.909
5.15217
5.12553
4.86489
4.67283
4.79924
4.99808
5.01947
4.98497
5.30056
4.96746
4.5005
4.94245
5.26583
4.47459
4.92038
4.47607
4.91573
4.41725
4.57959
4.84179
5.23185
5.13878
4.57175
inf
4.86285
inf
4.79462
inf
4.76198
4.80293
4.40127
5.23229
4.76072
4.47663
5.05004
4.75883
5.18542
4.75561
4.81739
4.36761
4.74302
4.78446
4.43451
inf
5.08369
5.05733
inf
4.69104
4.47977
3.79426
4.71411
4.69789
4.6459
4.68008
4.67114
4.15993
5.11294
4.6315
4.66023
inf
inf
5.06692
inf
4.45523
4.67206
4.08435
inf
inf
5.17619
5.21441
4.41097
4.69366
4.6146
4.41971
inf
4.64113
5.09264
inf
4.70114
5.18081
4.99971
4.40884
4.4067
5.03963
inf
4.4054
inf
inf
5.07385
5.08951
4.64868
4.63181
4.46924
4.63696
4.73296
inf
4.26188
4.66032
3.91575
4.65851
4.65113
5.05707
4.72949
inf
4.64867
4.98252
inf
5.13076
4.68422
5.19261
4.4967
4.16735
4.49393
inf
4.75859
5.04901
4.43181
5.20777
4.45244
5.11541
5.20981
4.27564
4.15837
4.48375
4.46497
4.18824
4.47542
4.46204
5.09766
4.7364
4.33276
4.36759
4.20565
inf
4.46665
4.3565
4.7359
4.34229
5.14351
5.22453
4.70258
inf
5.1241
4.04842
5.16802
4.39779
4.78183
3.94042
4.79675
5.22666
4.44843
4.30228
5.28087
4.82035
5.28034
5.29243
4.89842
4.24993
4.36952
5.31272
4.49307
4.71002
4.91363
4.70678
4.39897
4.97316
4.53958
4.50481
4.63222
4.52475
4.45077
5.4961
5.08721
4.39592
5.11291
4.6021
4.5894
4.67858
4.52298
4.48126
4.62193
4.19412
4.05686
4.94451
4.58787
4.51945
4.98272
5.23622
4.67502
4.67249
4.44859
5.3174
4.43925
4.41242
4.6395
5.20294
4.64504
4.59424
4.79797
4.78768
4.85744
4.38413
4.0649
4.5521
3.94979
5.20262
5.18353
5.16906
4.36542
4.1333
4.71892
4.19836
4.1752
4.7446
4.45322
inf
4.2015
inf
4.47864
4.46433
4.71536
4.75071
5.15648
inf
4.13356
4.27648
4.45106
5.09159
4.16551
4.71154
4.48621
4.72124
5.10376
4.44589
4.28218
4.30244
5.09656
4.41907
4.66275
4.66372
4.46388
4.68173
4.2486
3.93991
4.41738
4.41171
4.64989
inf
5.14578
4.00453
4.22227
5.01421
4.66845
5.08516
4.46879
4.65353
4.43211
4.71019
4.6678
4.69029
5.06156
inf
5.08364
4.64823
5.07784
4.61521
4.64427
4.22967
5.03493
4.41161
4.40835
5.0332
4.24865
4.63146
5.06922
4.40539
4.68931
5.08913
inf
4.13664
5.04878
5.06682
5.10156
inf
4.68527
4.69074
5.09699
4.72375
5.04265
4.66723
4.47489
4.27263
4.47108
4.291
4.68745
4.6692
4.34735
4.68008
inf
inf
4.75966
inf
4.48334
4.32209
4.1801
4.71541
4.51569
4.70486
inf
5.18084
4.314
4.72691
4.37465
5.15989
5.14812
4.56415
4.79092
4.40559
4.27772
4.44087
4.82205
inf
4.83529
4.62864
4.66905
4.44693
4.89124
4.66138
4.90583
4.69544
4.89169
4.17672
inf
4.38225
5.35774
5.3986
4.70876
4.61492
inf
4.36521
4.29889
5.49207
5.08174
4.5562
4.4401
4.69439
5.14712
5.15927
4.4411
5.19904
4.54867
4.8522
4.66463
4.3524
4.36438
4.85561
4.48511
4.56351
4.93273
4.83369
4.78165
4.52758
4.6971
4.70821
4.69946
4.6123
4.70176
4.40981
4.57723
4.39907
4.4731
4.47153
4.40441
4.27125
