4.85554
4.79156
4.84694
4.96495
4.74407
4.90058
5.10964
4.76564
4.94755
4.77329
4.75244
5.50353
4.45413
5.02004
5.8932
4.93713
4.90917
4.86831
5.2693
4.58853
5.69094
4.95041
5.07628
4.60514
4.75179
5.46205
4.46542
4.63479
4.94386
5.01774
4.79738
4.7367
4.46783
4.06707
4.70284
4.18855
5.34037
4.64405
4.08122
4.88666
5.28233
5.29159
4.44006
4.93188
4.43649
4.58246
4.55857
4.41665
5.32982
4.89357
4.75242
4.12354
5.15924
5.0786
4.53926
4.28462
inf
5.12193
inf
4.7793
inf
5.11995
4.15475
4.30828
4.5159
4.77931
4.78178
4.27925
4.45599
inf
5.13928
5.11101
5.05079
inf
4.26378
4.4356
4.68289
4.65615
4.67124
4.65187
5.02437
4.39438
4.21849
5.03338
5.05463
4.38214
inf
inf
5.07614
4.24231
4.96031
5.04052
4.86462
4.92111
4.6483
4.35172
4.59532
4.58888
4.57948
4.19118
4.95498
inf
4.6157
5.00918
4.94414
4.61085
4.17597
inf
4.57888
5.04668
4.6837
4.18828
inf
4.98905
inf
4.36183
inf
5.01737
5.03737
4.66464
4.60146
4.34714
4.39241
4.97351
5.0382
4.17693
4.65877
4.31354
inf
4.61026
inf
5.10337
inf
inf
4.98844
5.08065
5.02392
4.36205
5.02399
inf
4.53543
5.07359
5.03404
4.3519
4.37796
4.436
inf
4.63653
inf
5.01095
4.70319
5.00509
4.65533
5.17075
inf
4.07112
4.98636
4.1174
inf
inf
4.43988
4.42688
4.39735
4.16038
4.6726
4.4479
4.66799
4.66677
4.18383
5.12579
5.05427
4.30242
inf
4.34944
4.48412
4.71757
5.18246
4.68756
4.57797
4.38208
5.18253
inf
4.79366
4.76285
4.78415
4.31064
5.30737
5.26079
4.45331
5.27765
5.36702
inf
4.3944
4.42466
5.03395
4.94471
4.60559
5.55642
5.11571
4.51073
4.84972
4.87728
4.54056
4.60693
4.70841
4.7189
5.00072
4.2884
4.72077
5.32501
5.31449
inf
4.42184
5.24249
4.63006
4.6297
4.28058
5.26894
4.83785
4.58561
inf
4.51682
4.7814
5.23453
4.56958
5.19382
5.20977
4.48877
4.31154
inf
5.18097
5.11089
4.53277
inf
4.73939
inf
4.7001
4.68258
4.31047
5.05191
4.42341
4.66259
4.6696
4.99775
5.08745
5.10997
5.05166
4.21024
4.64433
inf
5.08127
inf
4.66797
5.01022
5.08603
inf
5.13891
5.12732
inf
5.01797
inf
4.94746
inf
4.38447
5.00158
inf
inf
4.61433
4.99243
5.04002
4.39005
4.35405
4.67425
4.29374
4.35902
4.58293
inf
4.91749
4.60877
4.34334
4.62354
inf
inf
inf
4.64985
inf
5.07121
4.58829
5.06958
5.06661
5.06184
4.63461
4.40122
5.05781
inf
inf
5.0837
4.60383
5.03966
inf
inf
4.68501
5.03958
5.11997
5.01404
5.08541
4.64698
4.98832
4.647
inf
inf
5.06904
4.61345
inf
4.43819
5.08354
4.64262
inf
5.1322
4.70095
inf
4.72665
5.09772
4.26833
5.15239
5.15762
5.06359
4.51686
4.76372
4.78452
5.20551
5.21598
4.22731
4.3622
4.38142
4.54596
4.21898
4.73806
4.3422
5.12982
4.77946
4.27677
5.25034
4.60419
4.36458
4.43355
4.28212
4.89139
inf
4.87151
4.63673
4.31666
4.31889
4.65242
4.49528
4.9806
5.38066
4.56209
4.68626
4.39561
5.37018
5.03418
4.30186
4.97013
5.03207
4.61723
4.81938
5.0646
4.88321
4.62515
5.15406
4.3887
4.35607
4.53157
4.21913
4.78468
4.57088
5.03843
4.68395
4.64724
4.60445
4.8213
4.51332
4.63871
4.68881
5.174
5.0401
5.07505
4.55449
5.03926
5.19161
4.62454
5.16491
4.7711
4.77515
4.52076
4.5217
4.58278
4.33136
4.25868
