5.05778
5.18143
5.10941
4.73161
4.7897
5.27716
5.32282
4.84842
4.83613
4.8187
4.80222
4.8912
5.00465
4.66528
4.95288
4.79439
5.31211
4.62393
4.34683
4.26436
4.87717
4.57469
4.44211
5.02673
4.29953
4.82563
4.51953
4.67522
5.39484
4.51701
4.34945
5.14587
4.39058
4.24685
4.46112
4.91384
4.91255
4.44013
inf
3.84116
4.57866
4.85596
4.6576
4.49257
4.77087
4.89943
5.21493
4.50077
4.47156
4.29222
4.60701
4.92177
4.69369
4.91111
4.47113
5.03087
4.70126
5.07585
4.33896
inf
4.69419
5.12942
4.72195
5.18873
4.69853
5.14129
4.21466
4.35183
inf
4.62681
inf
4.65702
5.10098
5.12081
4.16266
3.79462
inf
4.61892
4.54137
4.41544
inf
5.00153
4.40127
4.51894
4.38793
4.29831
4.49331
4.78001
4.79668
5.0538
4.29955
inf
4.85751
5.08259
5.09826
4.50678
4.51475
5.02112
inf
4.32661
4.2503
4.33526
5.05267
5.14327
4.04935
5.0156
4.51083
4.52547
4.52666
inf
4.87579
4.15768
4.81734
inf
4.41156
inf
4.39165
4.23538
4.10416
4.35515
4.33151
inf
inf
4.81303
5.05675
4.5866
4.40568
4.36022
4.3601
inf
4.54584
inf
3.92469
4.63517
inf
inf
4.2331
4.59368
4.12601
3.99815
4.43745
4.47675
4.65137
inf
inf
4.94619
4.73729
4.68234
4.39838
5.1955
4.99006
5.21905
4.14903
inf
4.74267
4.38088
3.91537
5.00662
4.02256
4.43259
5.15817
4.71654
4.77521
4.1681
4.70704
4.67703
4.1517
4.50168
4.78142
4.64017
4.32991
4.55771
4.73749
5.04483
4.48329
4.78413
4.22312
5.14506
4.80443
5.14627
4.43073
4.34473
4.75715
4.42343
4.21076
4.33992
4.35589
4.65862
4.72936
4.41233
4.62642
4.63964
4.91536
4.63351
4.78654
4.81394
4.33259
4.89126
5.19702
4.84564
4.30768
4.68614
4.66596
4.65802
4.4108
4.22588
4.81982
4.18862
4.68512
4.96462
5.00095
4.63033
5.31316
4.68853
4.33297
4.44369
5.12752
4.1556
5.17262
4.43573
4.65829
5.32918
4.64991
4.20835
4.47289
5.22248
4.36852
4.57304
4.3269
4.77288
4.59779
4.72665
4.51918
4.259
4.90542
4.65032
5.17596
4.07891
inf
4.68623
4.4364
4.35611
4.14002
3.93392
4.29627
4.45548
4.41127
4.35248
4.18387
4.25124
5.11555
4.23592
4.70871
4.28086
4.51089
4.08494
4.77944
4.49637
4.76041
4.23649
inf
inf
4.47736
4.71004
5.03624
4.41228
4.11574
4.47223
4.50377
4.3947
4.68326
4.71337
4.21703
4.43426
4.72662
4.25507
4.25579
4.27127
4.15822
4.74701
3.93869
4.42865
3.71317
5.23632
4.58911
5.24318
4.13247
4.68091
5.10179
4.71522
4.49542
4.63409
4.6486
4.71936
4.53721
4.34606
4.26044
4.30472
inf
4.76981
4.12461
4.08361
4.55741
4.32946
4.29451
5.14992
4.75869
4.30504
4.49809
4.32399
4.12485
4.49398
4.32321
4.21142
4.35692
3.87472
inf
4.05726
4.57167
5.13615
4.43806
4.55311
4.5054
4.30148
4.38192
4.87073
4.17067
4.82789
4.29294
4.36111
4.7416
inf
4.42281
4.90558
4.76495
4.63226
4.32332
4.40564
4.47565
4.77071
4.86163
4.6508
4.59644
4.26661
4.83057
4.32754
4.90869
4.41761
4.34352
4.75857
4.42062
4.18301
4.66641
4.20815
inf
4.78776
4.34148
4.9805
4.48604
4.60971
4.91224
4.06405
4.52796
4.29501
4.82618
4.34267
4.70234
4.22706
4.92744
4.76071
4.40785
4.88489
4.57281
4.68982
4.97653
5.18894
5.71669
5.08534
4.65203
4.67952
4.91771
5.23918
5.03613
4.9181
4.76208
4.63419
4.74478
4.79883
4.7811
4.8711
4.67078
4.84723
4.71845
4.72364
4.51214
4.30924
4.58272
4.36006
4.37648
4.27726
