4.76477
4.78633
4.72926
4.60314
4.73529
4.87387
4.81066
5.26279
4.87755
4.59367
4.93303
5.04641
5.00938
5.9126
5.83789
5.51002
5.44931
4.93395
5.91249
5.31008
5.6983
4.81022
5.73957
inf
inf
5.19329
4.61332
inf
5.40735
4.66868
4.74733
5.43042
inf
inf
5.361
5.43312
5.28394
5.49032
5.30742
4.95119
inf
4.90247
inf
4.66142
4.83932
4.94469
5.32149
5.19666
5.1842
4.8295
inf
4.82906
5.11266
inf
5.23241
inf
inf
4.72928
inf
5.15468
4.73323
inf
5.26162
5.11867
inf
5.06954
inf
5.15626
inf
inf
inf
inf
inf
4.69883
5.08249
inf
5.17096
inf
inf
4.98517
5.01489
inf
inf
inf
inf
inf
inf
4.53309
4.56396
4.61749
inf
4.11554
inf
4.94743
inf
inf
inf
4.98372
4.92118
4.56914
4.3415
inf
inf
4.88628
inf
4.55285
4.94424
inf
inf
inf
inf
inf
inf
inf
4.92001
inf
4.58328
4.5746
inf
inf
4.93588
inf
inf
inf
4.95754
5.07774
inf
inf
inf
inf
4.88547
4.54146
inf
4.92621
4.94983
inf
4.93968
4.30847
inf
inf
inf
inf
inf
inf
inf
inf
inf
4.96292
inf
inf
4.90753
inf
inf
4.59861
inf
inf
inf
inf
4.99011
inf
inf
inf
inf
inf
inf
4.90251
inf
inf
inf
inf
5.05098
inf
inf
5.05705
inf
5.06398
inf
inf
5.13154
4.65646
inf
inf
inf
inf
inf
inf
inf
inf
inf
5.20486
inf
5.19629
5.17255
inf
inf
4.88698
inf
4.92345
5.03869
4.89327
5.51513
4.56612
4.96883
inf
inf
inf
5.19457
inf
inf
inf
5.14594
5.12282
inf
inf
4.65379
inf
inf
5.13919
inf
inf
inf
inf
inf
inf
inf
5.01763
inf
inf
inf
inf
4.98266
inf
inf
4.62404
inf
5.04193
inf
4.58782
inf
inf
inf
inf
4.94514
4.95986
inf
inf
4.55024
inf
inf
4.94075
inf
inf
inf
inf
inf
4.58482
inf
inf
inf
inf
inf
inf
inf
4.96171
4.23545
inf
inf
4.92057
inf
4.52057
inf
4.50639
4.96784
4.94131
inf
inf
4.91333
5.04586
inf
4.53946
inf
inf
4.93058
inf
4.88063
4.95974
4.90316
inf
4.52887
4.96477
4.96153
inf
4.87649
4.53962
4.90123
4.97513
inf
inf
inf
4.86482
inf
inf
inf
inf
5.06319
inf
4.52219
4.99265
4.95225
inf
4.89699
inf
4.34354
4.92641
inf
4.99488
inf
inf
5.09803
5.0524
4.90742
4.57938
inf
4.58568
inf
5.05049
4.99873
inf
4.60436
5.0581
inf
4.62717
4.64934
inf
inf
inf
5.05386
inf
inf
inf
inf
5.1553
5.12234
4.67605
inf
4.72654
inf
5.15113
5.19964
inf
5.17908
4.53994
5.12861
5.07758
4.80859
4.77357
5.2675
4.8405
5.14019
5.39667
5.24373
inf
5.27275
inf
5.26063
4.94152
5.35483
4.70178
inf
4.74077
5.42566
4.97523
5.47803
5.07847
5.50607
4.7922
4.69581
inf
5.59387
5.13973
inf
5.22951
4.97569
5.67189
5.10334
4.82642
inf
5.45169
5.49551
5.52698
5.13879
5.40085
4.90414
5.15321
5.6518
5.33128
4.88148
5.18668
4.71027
4.71073
