4.85116
4.84616
5.03972
4.94242
4.94314
5.05145
5.36918
4.82383
5.08172
5.23512
5.79998
4.79256
5.59112
5.01972
4.80329
5.74314
5.61651
inf
inf
inf
5.02744
5.52294
inf
5.49817
inf
5.39514
inf
4.88785
inf
4.85718
inf
5.29283
inf
5.27731
inf
inf
inf
5.20145
inf
inf
inf
inf
inf
inf
inf
inf
5.06208
inf
inf
inf
inf
inf
inf
inf
inf
inf
5.04394
inf
inf
inf
inf
inf
inf
inf
inf
inf
5.05856
5.00786
inf
inf
inf
inf
inf
inf
inf
inf
inf
inf
4.88778
inf
inf
5.03518
inf
inf
inf
inf
inf
inf
inf
inf
inf
5.00414
4.89603
4.55433
inf
inf
4.28097
inf
inf
inf
4.4567
4.81194
inf
inf
inf
5.02763
inf
inf
inf
inf
4.52521
inf
inf
inf
4.93739
inf
inf
inf
inf
inf
4.96573
inf
inf
inf
inf
inf
inf
4.51898
inf
4.91513
inf
inf
4.99065
inf
inf
4.57878
inf
5.0501
inf
inf
inf
5.00836
5.16572
inf
inf
inf
inf
inf
inf
4.96181
inf
4.9721
4.9352
4.87104
inf
5.08357
5.20788
4.68554
inf
5.17838
inf
4.97059
inf
inf
inf
5.02216
inf
4.69488
inf
5.22983
inf
5.14767
inf
4.81624
inf
4.77635
inf
5.21124
inf
4.83371
4.86054
inf
inf
4.28851
5.26791
5.23637
5.32105
5.28516
4.80766
inf
5.24651
5.35876
inf
inf
4.93555
4.78588
4.99334
5.49998
5.15021
5.66097
5.25764
5.5046
5.07711
4.79524
4.75396
5.01995
4.74386
inf
5.42156
5.35422
4.67305
inf
inf
inf
inf
4.86863
4.5445
4.85993
inf
4.61861
inf
inf
5.33728
5.17091
inf
5.25538
4.54687
4.76258
inf
4.52916
4.52616
5.15501
inf
inf
4.7707
5.21077
5.30333
4.73954
4.51065
inf
inf
4.16721
5.2086
5.09125
4.67216
inf
5.14041
inf
4.50143
inf
inf
5.03352
5.15771
4.26523
4.49479
5.24627
inf
inf
5.18912
5.0662
5.20113
5.20156
5.11608
5.12251
inf
5.02151
4.32882
4.25471
inf
inf
4.64747
4.96971
4.73119
inf
5.08974
5.10151
inf
inf
4.69069
inf
inf
5.04292
5.15007
4.48436
inf
inf
inf
4.67116
5.10691
inf
5.14573
5.07651
inf
4.47599
inf
inf
inf
5.02727
inf
inf
4.71763
inf
4.42678
5.16034
5.0792
inf
4.68718
inf
4.46689
5.17546
5.10676
inf
5.07087
4.65483
inf
5.2024
5.03565
5.09429
5.08516
5.09837
inf
inf
inf
inf
5.12712
4.7565
5.165
inf
4.74188
5.06204
inf
4.54654
inf
4.70483
inf
5.19422
4.53072
inf
5.23698
inf
inf
4.77569
4.37524
4.5396
5.18964
inf
5.17719
5.19383
4.60172
5.25843
5.2348
inf
5.25266
inf
inf
inf
inf
inf
5.3361
5.30885
inf
inf
5.31969
inf
inf
inf
5.30549
5.41976
4.97262
5.39063
4.98039
5.03619
5.5111
5.43098
inf
5.07884
5.49866
4.85776
inf
inf
5.60389
inf
inf
5.30033
5.30718
5.73396
inf
5.86307
inf
5.26761
5.3139
5.65464
5.15429
5.12925
5.00143
5.00698
5.4487
5.1892
4.7515
4.67709
