3.5258
3.60404
3.65719
3.70214
3.73875
3.7484
3.63299
3.73323
3.72619
3.77893
3.75318
3.74071
3.75209
3.69667
3.69153
3.65844
3.63808
3.51244
3.61289
3.68804
3.59366
3.5917
3.70783
3.70298
3.81056
3.71336
3.61527
3.54234
3.71468
3.51915
3.69532
3.65646
3.59125
3.52109
3.65018
3.71635
3.78816
3.62106
3.6671
3.51833
3.73006
3.57113
3.56116
3.55467
3.5289
3.63956
3.52786
3.55716
3.36761
3.68196
3.67287
3.5235
3.43188
3.64078
3.53952
3.56907
3.66622
3.37525
3.55803
3.4391
3.34007
3.55879
3.53754
3.58904
3.40196
3.58136
3.41468
3.2969
3.45281
3.56461
3.61249
3.87879
3.49757
3.41003
3.51361
3.50846
3.53688
3.74325
3.63854
3.50999
3.63133
3.37492
3.75607
3.40618
3.38841
3.56342
3.54287
3.41818
3.6376
3.7048
3.54112
3.61723
3.4964
3.7929
3.48788
3.43427
3.94596
3.52376
3.34024
3.56892
3.47898
3.52855
3.35614
3.3355
3.68487
3.49925
3.50729
3.72576
3.32898
3.53727
3.41049
3.6281
3.63443
3.55269
3.47461
3.55936
3.40284
3.53349
3.62695
3.39372
3.67023
3.57948
3.42054
3.61613
3.446
3.69091
3.47943
3.47233
3.4024
3.55785
3.53505
3.71799
3.67778
3.50609
3.45449
3.66954
3.57281
3.36733
3.59223
3.48159
3.4997
3.59097
3.49439
3.6268
3.65814
3.52047
3.47093
3.7109
3.50732
3.30946
3.61704
3.43096
3.64295
3.86303
3.68964
3.69957
3.6974
3.47566
3.4972
3.4635
3.40811
3.40817
3.3937
3.53029
3.63788
3.58945
3.36937
3.65756
3.7806
3.46854
3.46365
3.48395
3.45483
3.21782
3.44072
3.40526
3.71581
3.75874
3.37011
3.6058
3.47113
3.52654
3.48669
3.47837
3.7386
3.47893
3.68522
3.56159
3.43165
3.92205
3.59214
3.5558
3.71618
3.58125
3.76212
3.53577
3.3524
3.45714
3.53448
3.43948
3.54534
3.39066
3.46994
3.45042
3.2782
3.41227
3.29762
3.37625
3.49651
3.67683
3.71945
3.41685
3.63236
3.33921
3.79259
3.56241
3.48057
4.06977
3.30003
3.53177
3.32704
3.39376
3.39663
3.3987
3.56819
3.44873
3.61076
3.5265
3.5618
3.36415
3.73843
3.53186
3.68531
3.61023
3.64587
3.5222
3.33722
3.42048
3.52596
3.52464
3.48054
3.398
3.64909
3.4265
3.30173
3.63352
3.53539
3.32859
3.71084
3.49168
3.68455
3.47064
3.36157
3.37861
3.33729
3.68205
3.36254
3.72397
3.61633
4.00163
3.23013
3.6434
3.46964
3.35618
3.68898
3.45404
3.6348
3.32465
3.43456
3.3761
3.7608
3.66619
3.47626
3.32426
3.85964
3.74905
3.28125
3.40274
3.50145
3.47912
3.5481
3.54849
3.61027
3.16179
3.56591
3.45199
3.5733
3.44771
3.38738
3.72189
3.36571
3.49298
3.31535
3.33964
3.49001
3.38403
3.68042
3.6896
3.41956
3.3821
3.17212
3.2751
3.2374
3.45977
3.47369
3.73329
3.78944
3.52511
3.41792
3.54399
3.3941
3.42097
3.27795
3.43272
3.63304
3.32151
3.56899
3.21115
3.7212
3.4896
3.19729
3.43616
3.54799
3.3916
3.24121
3.45806
3.19213
3.36666
3.73874
3.24613
3.23318
3.45668
3.35748
3.51739
3.4158
3.39726
3.52984
3.21289
3.50211
3.37473
3.38335
3.48849
3.55982
3.42281
3.29551
3.66165
3.59509
3.3656
3.47369
3.45785
3.34966
3.30885
3.44214
3.33154
3.26451
3.42916
3.56557
3.55108
3.5603
3.27827
3.25237
3.43927
3.29823
3.45386
3.32341
3.39028
3.39389
3.48625
3.39698
3.21656
3.41183
3.44501
3.71839
3.29192
3.26732
3.40999
3.44159
3.22236
3.51105
3.82777
3.29993
3.41288
3.54047
3.35284
3.28115
3.3915
3.22748
3.33329
3.39372
3.46718
3.49807
3.27515
3.38593
3.33196
3.35116
3.43366
3.38837
3.27455
3.21366
3.39369
