4.19314
4.27038
4.255
4.29186
4.4154
4.31302
4.16675
4.29652
4.41737
4.53233
4.36394
4.45691
4.37309
4.50849
4.3218
4.33681
4.34028
4.48764
4.41032
4.59065
4.83675
4.16633
4.48663
4.24859
4.32432
4.33252
4.42861
4.62134
4.25092
5.01987
4.53767
4.3463
4.66385
4.22811
4.17101
4.31826
4.34034
4.54205
4.31087
4.45089
4.21292
4.26697
3.95801
4.55793
4.16546
4.45258
4.85143
4.29559
5.29543
4.15959
4.61773
4.21575
4.47525
4.65869
4.13538
3.99912
3.93241
4.33159
4.19943
4.28198
4.08752
5.18583
4.82062
4.26724
4.63214
4.28772
3.97766
4.09962
4.22132
3.98038
4.56429
3.94206
4.44928
4.78106
4.62191
4.33264
5.0765
4.26129
4.41658
4.52036
4.75921
4.2832
4.01426
4.18581
4.38067
4.67477
4.5358
4.02975
5.22623
4.17893
4.14204
4.69565
4.48204
4.71494
3.92516
4.01065
4.71498
inf
4.14693
4.66897
5.06619
4.51012
4.311
4.06765
5.06624
4.67345
4.67951
4.35253
4.05287
4.69488
4.61592
4.53098
4.31756
4.20734
4.06598
4.24036
4.22957
4.1464
5.03138
4.26099
4.64417
inf
4.80222
4.39605
inf
4.20209
4.03305
4.2161
4.46588
4.17173
4.43252
5.16255
4.40559
4.46699
4.29361
4.21368
3.85915
4.13515
4.41783
4.23424
4.18718
4.66053
4.37827
3.89057
4.45514
4.16759
5.19229
4.19124
4.76605
3.80799
4.21403
4.12322
4.64805
4.04648
3.94986
4.43059
4.43067
4.77221
4.25009
4.45115
5.16763
4.30422
inf
4.23533
4.50391
4.48672
5.12734
4.05944
inf
4.45535
4.31143
4.75061
4.29609
4.08014
4.2155
4.20053
4.40191
5.32432
4.3974
5.09365
5.24157
5.24586
4.54833
4.55923
4.39838
4.88284
4.77368
4.2172
4.20881
4.83709
4.47913
4.08117
4.06669
4.46456
4.33809
4.26095
5.02367
4.32955
4.74497
4.38409
4.13738
4.32913
4.42342
4.77435
4.22629
4.21397
4.62944
4.63566
4.82392
4.8485
4.11994
4.87609
4.5888
5.21575
5.3098
inf
5.1704
4.22144
4.74668
inf
5.18136
4.58565
4.5034
4.2155
4.29105
4.18948
4.47711
4.5819
4.31054
4.59288
4.42751
4.72937
4.32188
4.40422
4.74418
4.12785
4.22499
4.42699
4.56552
4.22215
4.151
4.37787
4.45947
4.46263
4.57138
5.00882
4.63473
4.28222
4.54586
4.24771
4.63361
4.22819
3.66061
4.19186
inf
4.44727
4.31492
4.35134
5.09162
4.66147
4.59837
inf
4.55077
inf
4.3765
4.68957
4.69074
4.27432
4.09417
4.37534
4.16423
4.32775
5.07558
3.95693
4.42056
4.03038
4.35435
4.04654
4.42494
4.63183
4.37753
4.17421
4.33052
4.09436
4.93115
4.09631
4.92325
4.64713
4.67366
5.07708
4.24321
inf
5.05449
5.02498
5.0084
4.39484
4.62163
4.02728
4.3722
3.86272
4.61096
4.23586
4.08311
4.21735
4.42783
4.22984
4.10149
inf
4.40517
4.62505
4.70998
4.42591
4.6876
5.07418
4.67724
3.79715
5.03562
4.28094
4.24394
4.46078
4.70612
4.2793
4.13333
4.27462
4.48146
4.73331
4.26786
3.87614
5.04078
5.03295
4.76247
4.32444
3.95187
4.44246
4.23499
3.94677
4.37583
4.19524
4.39136
4.05377
4.15399
4.14939
4.25667
4.62497
4.15871
4.57471
4.42242
4.09306
4.03228
4.46131
4.2867
4.15523
4.45288
4.20646
4.26799
4.10659
4.09677
4.54103
4.27706
4.30831
4.29748
3.83037
4.04557
4.13759
4.61578
4.13335
4.46787
4.12476
4.23148
4.8164
4.41442
4.38577
3.99719
4.37785
4.23447
4.42027
4.4772
4.40836
4.44981
4.27226
4.76387
4.34952
4.51714
4.23143
4.04565
4.24331
4.24394
4.32701
4.2583
4.34476
4.29485
4.52526
4.24167
4.31519
4.51788
4.53823
4.47648
4.45359
4.56862
4.65393
