4.47526
4.52114
4.58403
4.5675
4.64151
4.66527
4.46684
4.68271
4.86716
4.56265
4.78967
4.71868
4.6438
4.7378
4.9023
4.65281
4.69059
4.66852
4.87013
4.85718
4.80932
5.22554
4.80932
5.57955
5.65255
4.89087
5.29162
4.69051
4.81899
4.90322
4.75922
4.62925
4.45904
4.29518
5.27318
inf
4.46768
5.32789
4.6262
5.38404
5.39143
5.21722
4.98628
5.30817
5.33259
4.51003
4.84098
inf
5.27374
4.74641
4.50684
5.13689
inf
4.7733
5.14608
5.17193
5.09287
4.24028
5.15606
4.73063
4.77665
4.32411
inf
4.51562
5.07609
4.79572
4.64862
4.37311
5.13885
5.15737
5.0328
4.45
inf
4.72413
4.15235
5.21646
4.50125
4.64688
4.95098
4.75553
4.71884
5.06076
5.13832
inf
4.47681
5.23647
4.35344
5.22618
4.5993
5.12943
inf
inf
inf
5.11454
4.60926
5.00863
inf
4.64826
inf
4.65958
4.40343
inf
4.92242
4.99875
5.07578
4.19303
4.96066
4.94281
4.99357
4.52419
4.70039
inf
4.93855
4.25818
4.08949
inf
inf
5.01345
4.66942
inf
4.98932
inf
4.36735
5.10605
5.06333
4.68685
4.69013
5.10681
4.43861
4.65971
inf
4.67887
5.10937
4.28822
4.72694
4.61308
inf
4.61203
4.65757
4.99441
inf
4.71073
inf
4.96733
4.65729
4.86285
5.22324
4.5436
5.14031
4.6521
4.63613
4.63908
4.65897
inf
4.36518
inf
4.70185
4.99616
4.75261
4.70527
5.08586
5.14351
4.80081
4.52761
4.3237
inf
4.33357
4.71093
5.07452
inf
inf
4.75156
4.79527
inf
4.81669
4.66485
4.57346
4.51355
4.5756
4.76739
inf
4.9122
5.31247
4.43368
4.39113
4.86244
4.27791
5.28836
4.62719
4.93819
4.4662
4.49866
4.88941
4.99819
4.92564
5.03258
4.23491
4.91988
4.37522
4.58069
4.95865
4.71458
4.62097
5.03467
4.69658
4.48557
4.66366
4.93705
5.21803
5.04103
4.07883
4.93527
4.47986
4.555
4.65899
inf
4.58054
5.21966
4.73285
4.7524
4.2617
5.2168
5.34426
4.74805
4.49196
4.54833
4.69066
4.36239
5.18637
4.18481
inf
4.49265
3.97609
inf
inf
4.67672
5.10695
4.73869
inf
4.35742
4.67742
5.28839
4.69758
4.44274
4.44454
5.20555
inf
4.2876
5.07294
4.42369
4.60229
4.66363
4.46477
5.04161
4.38106
4.20218
inf
5.12812
4.60355
4.34576
4.68458
4.49605
4.67257
5.01324
4.39774
4.3666
inf
4.22398
4.59827
4.23196
4.57325
4.12048
4.39945
5.09968
inf
4.18044
4.57994
4.99399
4.3161
4.98185
inf
inf
4.94719
4.68576
inf
4.61204
inf
4.54146
4.40278
4.64115
inf
4.63468
inf
inf
4.63563
4.60981
4.06614
5.01476
4.62852
4.70604
4.61181
4.45752
4.62529
4.90016
4.46926
4.22745
4.21823
4.70226
inf
4.34503
5.12943
4.04771
inf
4.91574
4.7062
inf
4.61432
4.14684
5.12009
5.11759
4.34093
5.02288
5.16396
inf
4.18832
4.45827
5.18809
5.29371
4.21736
5.00871
4.34302
4.35286
4.29604
4.74164
5.29527
4.39328
4.82414
4.46156
4.71156
5.11874
5.17102
4.2185
5.32155
4.54582
inf
4.42896
4.27813
5.16979
4.2084
4.3513
4.52658
inf
4.41642
inf
4.37968
4.55878
4.48395
4.37723
4.58874
4.98076
4.76119
4.12151
4.40895
4.22319
4.70775
4.58174
4.56306
4.32395
4.56296
4.3651
4.85289
4.62066
4.69541
4.54151
4.75941
4.61449
4.37952
4.65879
4.65141
4.6959
4.25097
4.33575
4.71799
4.56026
4.26234
4.52801
4.46494
4.62897
4.77329
4.3172
4.53528
4.57814
4.4078
4.70786
4.65312
4.6042
4.49854
4.50306
4.49291
4.5015
