4.42664
4.53706
4.47498
4.41868
4.48484
4.64534
4.45035
4.73783
4.50642
4.48532
4.60379
4.57015
4.62795
4.52611
4.95483
4.62731
5.00366
4.84959
5.38664
4.57769
4.34026
5.70841
4.31285
4.38434
5.58992
4.46075
4.55631
4.50344
4.71323
5.07666
4.43342
4.98496
4.7982
5.0252
inf
4.77739
4.67093
inf
4.45773
5.405
4.9767
4.60265
4.45729
inf
inf
4.86341
4.43082
4.87527
5.274
4.79968
4.80995
inf
4.56057
5.24524
4.82492
4.40448
5.10419
4.48288
inf
4.99792
4.76257
inf
inf
5.17914
4.32437
4.50962
4.72968
4.41511
inf
4.70954
inf
4.70698
inf
inf
5.14111
4.55514
inf
5.02771
5.1486
4.97473
inf
4.5406
inf
4.40165
inf
inf
5.006
4.62494
4.41385
inf
inf
inf
5.02813
4.36066
5.07358
5.02588
4.39748
5.06017
5.08125
4.96461
inf
inf
4.61981
4.90348
4.16949
4.43158
4.90869
4.37013
5.03243
4.29112
4.65275
4.3587
4.96327
4.96079
4.15197
5.0562
4.38584
4.1633
inf
4.15953
4.5079
inf
4.6138
4.42468
4.28964
inf
4.26352
4.39137
4.61773
inf
4.29269
inf
5.02045
5.02829
5.08152
4.67195
4.92726
5.04801
4.48823
4.64354
4.69702
4.09729
5.09921
4.45569
4.6579
4.4527
4.67253
4.67623
4.69867
4.41521
5.00653
5.23281
inf
5.0659
inf
4.7689
4.50764
4.64445
inf
4.70965
4.72382
4.40443
inf
inf
4.68644
5.14024
inf
4.45538
inf
5.17634
4.36587
4.73871
5.1301
5.16011
inf
4.56445
4.35164
4.59125
4.55435
4.28726
4.86936
4.76435
4.84252
4.78893
5.30731
4.45086
4.23053
5.32635
inf
inf
4.67662
inf
5.32288
4.33355
5.34681
5.37581
5.08922
5.01042
4.73704
4.98003
4.80929
5.13385
5.4309
4.74237
4.54119
4.61861
4.4904
4.22194
4.74621
4.98416
5.30447
4.52181
4.60887
4.47785
4.32554
4.88594
4.59816
inf
5.22661
4.59491
4.51789
5.23018
5.27326
4.95195
4.36512
4.51407
4.74528
5.13782
4.6149
4.80422
4.36639
4.8286
4.23922
5.10625
4.69778
4.77581
4.52463
5.11755
4.3109
inf
4.6925
5.19302
4.19132
4.52188
4.79537
4.67284
4.696
5.15825
4.14723
4.6615
4.6985
4.33238
4.76682
inf
inf
4.72439
5.23395
4.66794
4.44087
inf
4.77321
inf
5.02991
5.09429
5.18821
4.26678
4.6913
5.05569
4.91585
4.27186
4.68744
4.69594
4.4917
4.43768
4.4028
4.71771
5.08096
4.4604
4.32117
4.72951
inf
4.7323
4.01106
4.64132
4.65154
5.0649
4.4039
4.80279
4.65955
4.39106
5.202
4.67204
4.17412
inf
4.36967
4.65058
5.07329
5.06139
5.13157
inf
4.68344
5.10956
5.14922
inf
5.13731
4.96587
4.21332
4.55781
5.19369
4.94605
5.12545
inf
4.65935
4.77184
5.07683
4.67395
4.62743
5.05266
5.1407
inf
5.18665
4.6287
5.16677
4.52636
inf
4.65694
5.0873
5.16362
inf
inf
4.71948
inf
5.17835
inf
inf
inf
4.78941
inf
4.57406
5.24575
inf
4.33437
4.82554
4.81223
4.74571
5.28322
inf
5.2476
5.27914
5.22052
4.50294
4.66024
4.59993
4.52103
inf
5.21421
4.99143
5.34281
4.71611
5.16831
4.62843
4.28502
4.79639
5.4048
4.95712
4.78866
4.55276
4.61393
inf
4.82502
5.10962
4.21567
5.18493
5.50691
5.55717
4.87258
5.24072
4.36314
4.9233
4.74604
5.26484
4.91769
4.75291
4.84406
5.39033
4.74832
5.25392
4.59642
4.52079
4.6089
4.66446
4.96447
4.78995
4.50555
4.55146
4.57496
4.38812
4.43942
4.39644
4.44834
