4.1647
4.25415
4.41762
4.28119
4.43072
4.43284
4.38388
4.27901
4.44276
4.52006
4.49694
4.55562
4.4491
4.76726
4.45555
4.6585
4.61916
4.57329
4.83016
4.39189
4.66179
4.3892
4.8525
4.40893
4.21865
4.66687
4.32967
4.77729
5.10947
4.66881
4.8892
5.09342
4.48932
4.24133
4.53364
4.58787
5.41085
4.35104
5.20224
5.01776
4.23876
4.67697
4.55254
4.55348
4.93331
4.3927
4.65872
4.62766
4.85517
4.35133
4.24806
4.5188
4.31638
4.55906
4.61784
4.04927
4.60731
4.70031
4.27643
4.12999
4.79893
4.88273
4.53187
4.60038
inf
4.28276
5.22594
4.32996
4.56805
4.13525
4.23448
5.17157
4.53853
4.39948
4.50422
4.33737
4.76046
4.12968
4.75414
4.10479
5.12121
4.69024
4.53221
4.25317
5.11483
4.34192
3.97544
4.46039
4.39724
4.71242
5.13153
4.71271
4.13293
4.64025
4.07356
4.30787
5.11736
inf
4.27256
4.67466
3.94333
5.12035
4.1686
4.30393
4.29766
3.97594
4.12938
4.56815
4.51328
4.4372
4.44163
4.74957
4.26705
4.47642
4.26389
4.66335
inf
4.51207
4.35164
4.34001
4.87775
5.06022
4.15317
4.35477
4.76339
3.8776
4.71629
4.18454
4.33795
4.67573
inf
4.70685
4.31462
4.04902
4.69695
4.26145
4.48004
4.31091
4.42965
4.18261
4.21784
4.54694
4.52259
4.70127
4.83726
4.74947
4.50203
4.27713
4.74338
inf
4.33113
4.39988
5.08413
4.44121
5.1595
5.13304
3.95009
4.08756
4.0808
4.16341
4.39975
4.54533
4.34778
4.2024
4.84
4.3838
inf
4.27716
4.54788
4.03349
4.41629
4.60526
4.19742
4.86081
3.99392
4.16437
4.75396
4.40641
4.59051
4.29501
4.35405
inf
4.30728
4.10859
4.56339
4.34061
4.28346
4.25275
5.04072
4.41264
4.08721
4.15973
4.43253
4.28953
4.4872
4.31615
4.12986
4.83752
4.20917
4.36896
4.40764
4.63133
4.69465
4.15016
4.82716
4.28638
5.03748
4.40022
4.74052
4.62237
4.73712
4.17865
4.98107
4.92132
4.70319
4.35182
4.45089
4.61686
4.5743
4.48076
4.28609
3.96997
4.73072
4.35301
4.42354
4.89578
4.60203
4.36757
4.03511
4.58973
4.54436
4.41745
4.8106
4.22682
4.26589
5.20436
5.22815
inf
4.54548
4.5257
5.08339
5.12409
5.15266
4.67263
5.20017
4.68072
4.53783
4.50996
4.48171
4.15374
4.12276
4.54087
4.61857
4.4354
4.31823
4.12168
4.14038
4.11218
5.04937
4.27081
4.53846
4.31371
4.24293
5.14556
inf
5.04461
4.61358
4.49405
4.24133
4.25821
5.15118
4.66357
5.08705
4.15804
4.44149
4.62022
4.57791
4.39795
5.0429
5.16284
4.23904
inf
4.11166
4.7491
4.43906
4.37535
4.24826
5.04509
5.06043
4.46165
4.14792
4.67167
4.70206
4.40011
4.08786
4.66281
4.61553
4.11102
5.03108
5.02086
4.59569
4.28442
4.69369
4.70997
4.44139
5.07544
inf
5.10149
4.68556
inf
4.43034
4.44238
4.29713
3.86052
4.43268
4.68951
5.03607
3.93266
4.45936
4.71215
4.78637
inf
5.1492
4.025
4.42077
4.27141
4.16071
4.29715
4.28866
5.15457
4.72774
4.33282
4.7012
4.45088
4.32978
3.85815
4.31448
4.50499
4.17122
4.53607
5.22552
4.33468
5.18303
inf
5.06624
4.53277
4.08186
5.23256
4.79052
4.57731
4.57162
5.2675
5.25678
4.58452
4.32029
4.52022
4.19975
4.91846
4.97724
5.31117
4.95881
4.68102
4.99062
4.30175
4.75458
5.00021
4.77064
4.48158
5.40411
4.94074
4.81938
4.19111
4.44668
5.12381
4.58391
4.57831
4.94778
5.19565
4.80022
5.22225
4.72492
4.68281
4.51409
4.34457
5.42458
5.13455
4.56856
4.80838
4.71354
4.82646
4.838
4.8347
4.65094
4.70766
4.85005
4.89309
4.58146
4.60644
4.56325
4.43431
