 8001.884796
 10765.609477
 8623.870222
 8252.623756
 9767.537410
 908.550820
 636.136425
 580.772620
 806.697371
 1111.246218
 882.321525
 1061.142597
 707.772995
 851.292954
 704.036606
 2247.298570
 1589.863877
 1443.121028
 1988.196017
 2279.364326
 2774.371693
 2257.991784
 2744.439466
 1655.163843
 2764.933282
 1797.224684
 2146.020442
 1448.494718
 2154.882352
 1711.418973
 1747.824966
 1965.352623
 2523.295787
 2088.971114
 1780.065813
 3708.808337
 2725.916506
 2469.936520
 3216.645162
 3773.576379
 4572.086781
 3830.461576
 4633.168732
 2907.885967
 4600.133510
 3007.878407
 3608.874849
 2456.037113
 3581.883913
 2802.814689
 2925.226084
 3067.867168
 3983.310020
 3365.959986
 3010.436337
 6946.267691
 10540.213149
 9703.241228
 6412.559708
 6034.768084
 5774.476255
 879.403880
 792.145165
 474.904127
 446.193968
 224.135580
 1205.262542
 812.029313
 763.474232
 892.713827
 634.194210
 568.340628
 671.106528
 288.809126
 314.381265
 231.941854
 2193.536796
 1964.911184
 1228.317295
 1128.520314
 621.863550
 2267.456196
 3135.707198
 2132.582817
 1930.384513
 2324.210727
 2060.430263
 2996.918792
 1594.360525
 1470.642778
 1650.739961
 1188.514514
 2007.287371
 1619.066107
 771.702024
 785.537260
 1137.533955
 1870.422249
 1423.937401
 771.794636
 609.600257
 616.758346
 2131.933321
 1693.563528
 838.557294
 621.555897
 3631.063721
 3226.173976
 2096.164127
 1963.052993
 1266.784675
 3681.832478
 5301.782765
 3541.042065
 3062.548552
 3681.664033
 3376.927553
 4886.344194
 2540.377703
 2413.100732
 2563.260999
 2028.566154
 3318.568559
 2779.748325
 1499.473045
 1408.163135
 1921.104109
 3073.446157
 2466.517451
 1419.043046
 1141.824517
 1256.442440
 3400.480162
 2784.606481
 1428.517237
 1203.325621
 1831.939472
 1690.247570
 1806.608200
 1829.916595
 1741.227885
 857.887794
 820.658018
 803.575051
 879.289357
 841.957343
 862.512654
 834.924460
 871.610478
 869.591872
 857.732717
 371.982627
 389.507978
 398.402841
 379.730559
 359.802349
 371.433798
 359.113635
 386.457261
 374.700615
 384.375938
 1807.423331
 1645.832379
 1673.199407
 1878.270019
 1884.775253
 1926.987996
 700.243306
 701.523937
 643.567364
 617.059412
 303.916256
 662.644164
 680.476006
 700.376223
 696.267134
 685.625452
 659.704550
 687.068115
 416.217517
 416.947787
 307.596667
 281.419744
 287.388946
 313.889680
 320.540755
 317.178086
 265.533218
 289.567994
 295.820647
 288.991255
 297.605346
 307.143482
 298.497481
 324.029160
 323.523486
 329.487288
