3.68274
3.59991
3.53961
3.49283
3.45976
3.43676
3.4135
3.39569
3.38636
3.38278
3.37177
3.36913
3.36998
3.3623
3.35542
3.35864
3.35961
3.36173
3.36023
3.35612
3.3654
3.36117
3.36544
3.37624
3.37057
3.38277
3.38036
3.37737
3.38914
3.38608
3.39648
3.39632
3.40565
3.40198
3.40108
3.41755
3.41015
3.42261
3.41373
3.42476
3.42377
3.43717
3.43007
3.4382
3.44193
3.43699
3.44528
3.44838
3.4692
3.4682
3.46675
3.47152
3.47311
3.47965
3.481
3.49014
3.49104
3.48231
3.4975
3.50538
3.51093
3.5107
3.51989
3.51449
3.53122
3.53176
3.52327
3.53514
3.53568
3.53106
3.54178
3.54929
3.55543
3.55122
3.55175
3.55741
3.57063
3.55643
3.56579
3.56573
3.58795
3.55903
3.57675
3.5835
3.57379
3.58312
3.58938
3.60447
3.58126
3.58805
3.58025
3.58871
3.59154
3.58369
3.58002
3.59299
3.58692
3.59834
3.60409
3.59612
3.59317
3.59678
3.5923
3.59769
3.60591
3.59127
3.58985
3.5745
3.59182
3.58902
3.58354
3.58319
3.58131
3.58908
3.57567
3.56983
3.57375
3.57777
3.57364
3.56368
3.54828
3.57494
3.5569
3.55283
3.55825
3.529
3.54701
3.55707
3.55732
3.56429
3.54086
3.55083
3.54399
3.53458
3.52862
3.54723
3.53379
3.53168
3.51447
3.52042
3.51224
3.50547
3.50178
3.48857
3.50171
3.48942
3.4909
3.47902
3.47468
3.48043
3.45826
3.46068
3.46237
3.45045
3.448
3.45182
3.44461
3.44853
3.44421
3.45027
3.43183
3.42907
3.43863
3.42432
3.4322
3.4117
3.41528
3.42504
3.39066
3.40323
3.40487
3.39889
3.40322
3.39778
3.38656
3.39781
3.41136
3.39845
3.39414
3.39322
3.39389
3.39794
3.38572
3.38942
3.39503
3.39038
3.38826
3.39801
3.3873
3.39827
3.40373
3.39528
3.39031
3.40994
3.40104
3.41123
3.4085
3.40562
3.40735
3.42176
3.41826
3.41613
3.42327
3.40055
3.39785
3.37804
3.40395
3.39743
3.38966
3.39071
3.38605
3.40816
3.38535
3.42063
3.41201
3.42572
3.40569
3.40795
3.41643
3.40364
3.39968
3.40886
3.3848
3.39522
3.39827
3.39111
3.40198
3.41512
3.40255
3.41953
3.42301
3.40712
3.4045
3.38783
3.42261
3.41201
3.43061
3.41435
3.40965
3.4012
3.41304
3.3963
3.42456
3.40868
3.40898
3.42725
3.41927
3.42295
3.42765
3.40465
3.39602
3.41372
3.41574
3.42027
3.41882
3.41703
3.41656
3.4261
3.41875
3.42426
3.4284
3.42111
3.40782
3.40842
3.4227
3.41968
3.41145
3.4022
3.42204
3.43256
3.41946
3.43904
3.44082
3.41355
3.4416
3.41529
3.47159
3.42441
3.43257
3.42735
3.43246
3.42992
3.44452
3.43796
3.44544
3.44069
3.43803
3.45132
3.45221
3.44397
3.43435
3.44955
3.44897
3.46269
3.43344
3.46646
3.45818
3.45031
3.45402
3.46822
3.48511
3.46234
3.4533
3.45392
3.48618
3.46735
3.49427
3.47345
3.45131
3.48519
3.48817
3.45351
3.47554
3.48217
3.48424
3.49645
3.50454
3.48425
3.46972
3.48435
3.47884
3.49045
3.49239
3.49643
3.52184
3.49345
3.48983
3.52821
3.50981
3.48188
3.51821
3.50958
3.53418
3.51587
3.51731
3.55072
3.53462
3.53093
3.50888
3.53485
3.54119
3.53647
3.5056
3.52351
3.54239
3.51503
3.54257
3.5254
3.54409
3.53591
3.54607
3.54752
3.55291
3.54205
3.55828
3.5466
3.56489
3.53369
3.56051
3.54146
3.5811
3.56888
3.54657
3.57003
3.56735
3.55929
3.54143
3.58077
3.56077
3.5473
3.56135
3.54665
3.54059
3.56741
3.56226
3.56866
3.55686
3.55527
3.53961
3.52869
3.53253
3.55238
3.52564
3.52296
3.54392
3.53129
3.52032
3.49078
3.51633
3.50093
3.50861
3.48816
3.49586
3.47414
3.47116
3.46673
3.45308
3.42529
3.40519
3.33197
