4.88607
4.84214
4.82206
4.79132
4.76845
4.78137
4.7493
4.74965
4.7668
4.78768
4.74768
4.76202
4.75543
4.74609
4.79067
4.76598
4.77031
4.79208
4.78896
4.77906
4.77313
4.7793
4.78949
4.80761
4.75656
4.80097
4.78736
4.78403
4.77826
4.79435
4.80717
4.8079
4.76767
4.77464
4.81655
4.77535
4.84284
4.81367
4.80452
4.81112
4.82772
4.8359
4.77557
4.82412
4.81756
4.80893
4.83588
4.80037
4.79315
4.81659
4.83923
4.88991
4.78225
4.83968
4.8441
4.8436
4.88455
4.8427
4.83119
4.78787
4.84512
4.82138
4.80445
4.81954
4.8118
4.85234
4.82363
4.80987
4.80803
4.82588
4.85815
4.84062
4.83923
4.81928
4.8395
4.84563
4.85959
4.87453
4.82044
4.9343
4.80838
4.86804
4.79092
4.84322
4.82287
4.83223
4.86257
4.84259
4.80772
4.8917
4.81331
4.80201
4.8275
4.85042
4.80654
4.79292
4.81781
4.81598
4.8059
4.82566
4.77957
4.76534
4.7668
4.8173
4.74931
4.76108
4.78898
4.81498
4.78574
4.76951
4.85235
4.84743
4.75097
4.78893
4.81073
4.75519
4.79706
4.7602
4.755
4.71645
4.79116
4.70987
4.72478
4.79142
4.73053
4.79164
4.69848
4.80562
4.7906
4.73037
4.68078
4.70127
4.71717
4.73294
4.69504
4.6986
4.70512
4.70935
4.73348
4.72014
4.70707
4.73032
4.69025
4.67502
4.6752
4.62051
4.68691
4.73627
4.67062
4.68367
4.69053
4.72367
4.65996
4.66048
4.64886
4.68486
4.6899
4.71705
4.69608
4.6889
4.68235
4.68143
4.6916
4.69042
4.67598
4.69204
4.63936
4.66053
4.67728
4.67094
4.65857
4.66786
4.65265
4.69682
4.68576
4.65889
4.65668
4.65096
4.66789
4.65423
4.66455
4.7049
4.69232
4.69827
4.70408
4.66788
4.73695
4.69527
4.67326
4.69568
4.73012
4.72772
4.72317
4.70021
4.75084
4.68559
4.71636
4.71563
4.75478
4.73771
4.73379
4.75702
4.74777
4.74246
4.76986
4.75656
4.73544
4.78556
4.76394
4.73012
4.77571
4.80359
4.7739
4.78718
4.78323
4.77505
4.81886
4.8118
4.79952
4.85802
4.88377
4.83213
4.84558
4.80118
4.82264
4.85858
4.87538
4.83655
4.8775
4.9175
4.90494
4.82968
4.85194
4.89929
4.92574
4.82228
4.87925
4.89394
4.87885
4.9276
4.8793
4.90084
4.92577
4.86311
4.94767
4.93749
4.92223
4.93337
4.88794
4.88734
4.90705
4.88121
4.93767
4.9697
4.88038
4.96871
4.94157
4.93766
4.97164
4.93496
4.98539
4.89852
4.94416
4.93575
4.9537
4.91097
4.9267
4.94256
4.92196
4.9374
4.94869
4.97779
4.97266
4.91194
4.94867
4.92576
4.9218
4.93366
4.89586
4.97675
4.95655
4.8989
4.86204
4.90165
4.88305
4.87377
4.86501
4.86237
4.88917
4.86509
4.89829
4.87935
4.86372
4.863
4.8704
4.82404
4.85523
4.7959
4.83239
4.78507
4.81381
4.76742
4.79048
4.80198
4.77651
4.76728
4.80055
4.8275
4.78817
4.73406
4.75891
4.74533
4.7528
4.69372
4.72284
4.72997
4.7509
4.70326
4.70865
4.6591
4.7025
4.6921
4.68273
4.67391
4.65161
4.63438
4.66242
4.65465
4.67298
4.63249
4.69951
4.61694
4.63007
4.63241
4.63848
4.69187
4.69498
4.6853
4.63909
4.61804
4.65099
4.63969
4.62242
4.64488
4.67474
4.65436
4.62789
4.67533
4.65392
4.62636
4.71288
4.69059
4.72666
4.72097
4.71373
4.73898
4.72709
4.71744
4.7349
4.77418
4.76832
4.78569
4.81024
4.80914
4.82217
4.85373
4.87497
4.87362
4.90785
4.92673
4.91411
4.92473
4.91633
4.99201
4.95658
4.96592
5.03288
4.99952
5.06433
5.00028
5.01492
5.05416
5.09679
5.08247
5.09964
5.12131
5.12796
5.14629
5.11095
5.12324
5.13191
5.1289
5.1127
5.07509
5.04975
5.02674
4.9428
4.84715
4.71485
4.46664
