4.85528
4.72878
4.64504
4.58522
4.52613
4.48215
4.44652
4.42109
4.4114
4.38643
4.3866
4.35694
4.35941
4.33791
4.3442
4.34262
4.30275
4.33449
4.3268
4.32968
4.32627
4.30258
4.30946
4.32642
4.31562
4.30414
4.3178
4.31795
4.33078
4.33233
4.33305
4.3364
4.35042
4.34101
4.32436
4.34206
4.32977
4.35535
4.32674
4.35088
4.35609
4.36141
4.35328
4.34052
4.36016
4.38727
4.3544
4.35377
4.37269
4.37066
4.38858
4.39541
4.38649
4.40275
4.43017
4.39879
4.3784
4.40427
4.37196
4.39231
4.42416
4.44505
4.44164
4.439
4.46239
4.41909
4.42859
4.41941
4.43261
4.4559
4.48252
4.46648
4.49086
4.50698
4.49067
4.50808
4.46673
4.50625
4.48482
4.4695
4.47081
4.5208
4.53463
4.4937
4.53038
4.54893
4.49657
4.50505
4.51284
4.4853
4.53623
4.52527
4.53563
4.51316
4.5342
4.49182
4.52562
4.57443
4.51199
4.51958
4.54912
4.53567
4.524
4.56797
4.54142
4.55284
4.56471
4.5496
4.49909
4.5918
4.50062
4.53999
4.5113
4.52281
4.53846
4.54213
4.51698
4.55167
4.56824
4.57338
4.57308
4.55245
4.5241
4.50349
4.55048
4.52652
4.50497
4.51146
4.55699
4.53914
4.50665
4.52645
4.50287
4.48992
4.51162
4.55893
4.52794
4.53195
4.557
4.5332
4.49013
4.51717
4.51628
4.52853
4.47285
4.46915
4.50689
4.52137
4.46691
4.47619
4.47073
4.49516
4.50602
4.5142
4.47926
4.47153
4.48415
4.50148
4.49713
4.46669
4.43478
4.47698
4.4636
4.50313
4.48536
4.46935
4.44939
4.46533
4.47176
4.46446
4.44971
4.4247
4.46742
4.47066
4.44937
4.46725
4.48886
4.46163
4.45234
4.46431
4.41457
4.44438
4.46808
4.47193
4.47219
4.45705
4.48985
4.49427
4.45814
4.45188
4.44654
4.45742
4.43425
4.47436
4.46668
4.45156
4.467
4.46258
4.42668
4.48591
4.44182
4.45229
4.42415
4.44777
4.48033
4.46274
4.44925
4.46388
4.45234
4.45132
4.44602
4.48448
4.43902
4.48156
4.45065
4.46834
4.46235
4.44499
4.45111
4.5074
4.50623
4.45001
4.49957
4.5155
4.49092
4.47994
4.47324
4.51529
4.46053
4.47902
4.4786
4.48618
4.53558
4.49591
4.54697
4.50784
4.57012
4.51006
4.54322
4.54572
4.50268
4.52256
4.5555
4.50016
4.50268
4.52055
4.54666
4.54366
4.52229
4.56958
4.53279
4.52397
4.58441
4.55655
4.59514
4.55736
4.5522
4.58884
4.56118
4.52364
4.56376
4.57651
4.59278
4.5924
4.58279
4.59378
4.55573
4.54126
4.59033
4.59837
4.61756
4.60051
4.62082
4.5734
4.59839
4.58003
4.60131
4.64273
4.60926
4.59798
4.63204
4.61889
4.63101
4.60797
4.65902
4.59343
4.64983
4.66517
4.6524
4.59875
4.56357
4.60123
4.66244
4.57451
4.62652
4.58094
4.59966
4.60668
4.59532
4.61679
4.65642
4.62186
4.61323
4.61173
4.61773
4.60849
4.58779
4.56963
4.57847
4.55238
4.57671
4.5497
4.54159
4.55439
4.54013
4.5506
4.56889
4.55304
4.55074
4.54781
4.56305
4.50749
4.524
4.50514
4.51685
4.52044
4.52491
4.50006
4.46505
4.48398
4.50768
4.52736
4.48662
4.44175
4.49462
4.4544
4.47662
4.46463
4.46718
4.46602
4.41179
4.43038
4.40253
4.42047
4.36687
4.44298
4.44262
4.41872
4.38695
4.41997
4.38685
4.40374
4.40144
4.42333
4.40192
4.36016
4.37504
4.36114
4.3853
4.37797
4.41141
4.37524
4.36898
4.40079
4.37074
4.39433
4.37012
4.37992
4.38049
4.37286
4.37151
4.36028
4.36972
4.38667
4.37638
4.37526
4.37404
4.38595
4.38872
4.38532
4.37359
4.38902
4.40875
4.38721
4.4066
4.37909
4.40768
4.39053
4.39524
4.41681
4.41069
4.43041
4.42879
4.47323
4.48005
4.49769
4.53337
4.56987
4.63241
4.70444
