4.71784
4.75068
4.73575
4.73391
4.73687
4.70583
4.71292
4.71733
4.72326
4.71014
4.71447
4.71288
4.70547
4.67504
4.69097
4.66895
4.70663
4.69153
4.66101
4.67872
4.64525
4.64716
4.63307
4.6377
4.62656
4.64208
4.63267
4.62162
4.60922
4.57595
4.61418
4.57887
4.60911
4.56122
4.62924
4.55391
4.57835
4.59903
4.55436
4.58509
4.55965
4.5617
4.54829
4.52261
4.55134
4.53754
4.5446
4.54264
4.5414
4.53986
4.53874
4.54157
4.52343
4.54112
4.54766
4.52783
4.51966
4.5483
4.56879
4.53766
4.53865
4.53083
4.52672
4.57178
4.59052
4.5221
4.52215
4.58807
4.55055
4.53021
4.58364
4.56672
4.53509
4.58748
4.54005
4.53895
4.59037
4.54995
4.53523
4.57103
4.54868
4.57491
4.58694
4.59975
4.52009
4.58549
4.56521
4.51355
4.589
4.55433
4.57937
4.58717
4.59278
4.58096
4.56878
4.64626
4.6169
4.58708
4.57199
4.57371
4.59536
4.59633
4.63629
4.58858
4.55845
4.56823
4.58348
4.63269
4.61888
4.62039
4.66035
4.62303
4.59632
4.64323
4.57453
4.59316
4.61726
4.62247
4.61257
4.64711
4.59697
4.59705
4.59846
4.60336
4.59788
4.61781
4.64524
4.64208
4.57883
4.62282
4.60243
4.6219
4.57543
4.65121
4.64117
4.64108
4.59043
4.64874
4.63503
4.60679
4.59501
4.59213
4.61778
4.60259
4.62024
4.63874
4.62764
4.58811
4.53935
4.602
4.64159
4.57345
4.63975
4.61172
4.60634
4.60274
4.63891
4.64706
4.57696
4.60223
4.60649
4.57636
4.57802
4.57676
4.62071
4.58374
4.57498
4.61968
4.61884
4.59577
4.61417
4.59934
4.6146
4.57416
4.595
4.62765
4.62147
4.59861
4.59166
4.56884
4.64337
4.62335
4.5965
4.61598
4.59829
4.59187
4.60634
4.59463
4.6312
4.62453
4.62796
4.63321
4.61879
4.63188
4.59706
4.58472
4.6242
4.60445
4.579
4.60706
4.59835
4.58526
4.61443
4.61954
4.62641
4.61318
4.61017
4.63701
4.64838
4.62537
4.6206
4.63459
4.64317
4.61866
4.61521
4.64882
4.66193
4.65102
4.66232
4.63227
4.62386
4.65709
4.59181
4.62787
4.6376
4.65335
4.65159
4.65178
4.67063
4.693
4.62996
4.64009
4.6777
4.66437
4.6764
4.69393
4.67251
4.73305
4.66835
4.6563
4.66651
4.66723
4.67489
4.65878
4.67957
4.67551
4.68374
4.71037
4.67205
4.6752
4.71514
4.74294
4.68594
4.70729
4.73328
4.69284
4.6986
4.72122
4.69263
4.70942
4.65859
4.72129
4.65625
4.68632
4.6811
4.68688
4.70721
4.67872
4.71581
4.62954
4.71411
4.65295
4.6941
4.67474
4.69421
4.66274
4.66609
4.69895
4.68833
4.7023
4.72261
4.61257
4.66076
4.69027
4.70092
4.68035
4.66553
4.6629
4.67052
4.69072
4.6593
4.65137
4.6704
4.6594
4.62545
4.60329
4.68605
4.62661
4.65379
4.68381
4.63762
4.6229
4.5783
4.59348
4.60953
4.56133
4.64659
4.57248
4.60698
4.59578
4.60995
4.61877
4.59409
4.5753
4.58361
4.54882
4.5536
4.56201
4.55958
4.54781
4.59472
4.55909
4.54314
4.52451
4.50729
4.51405
4.5475
4.53921
4.51919
4.55566
4.50313
4.50504
4.53633
4.5176
4.491
4.51416
4.50524
4.50769
4.52641
4.50895
4.50237
4.48579
4.51166
4.54821
4.48379
4.49014
4.48791
4.52009
4.48315
4.5275
4.52349
4.53223
4.53498
4.49839
4.53754
4.53111
4.56749
4.53517
4.55385
4.52898
4.60419
4.59079
4.56081
4.58006
4.55498
4.5911
4.58271
4.60636
4.59901
4.60896
4.6188
4.62886
4.63701
4.66887
4.67383
4.69203
4.67371
4.69781
4.66925
4.69852
4.73572
4.71823
4.73283
4.75591
4.76296
4.76013
4.76864
4.78049
4.80337
4.79608
4.78444
4.80609
4.82288
4.79244
4.78239
4.76927
4.7568
4.7278
4.68653
4.57571
