4.75426
4.77551
4.77747
4.76268
4.77455
4.75501
4.78338
4.75683
4.74401
4.75293
4.75077
4.74042
4.75115
4.73609
4.75589
4.75735
4.71211
4.71472
4.72485
4.72181
4.70773
4.72409
4.71214
4.70014
4.66294
4.68702
4.71182
4.6528
4.70059
4.69891
4.66281
4.67219
4.68591
4.67124
4.64681
4.66391
4.65281
4.63989
4.63156
4.68165
4.63965
4.62993
4.61324
4.66219
4.63632
4.60117
4.611
4.635
4.63632
4.61402
4.64684
4.59137
4.60289
4.5689
4.63941
4.61724
4.60013
4.6386
4.61593
4.61525
4.61719
4.61053
4.58205
4.58309
4.58886
4.60871
4.63058
4.60957
4.59018
4.61064
4.59327
4.6212
4.61019
4.65056
4.64026
4.66487
4.65521
4.64639
4.60331
4.68061
4.61146
4.67525
4.60319
4.64252
4.63198
4.61349
4.65331
4.62944
4.61978
4.6409
4.63315
4.66736
4.63139
4.66645
4.68771
4.64626
4.65664
4.63629
4.60848
4.6852
4.651
4.63726
4.65056
4.64074
4.65069
4.67932
4.66398
4.6557
4.66374
4.63953
4.63037
4.63808
4.68608
4.66667
4.66419
4.67381
4.61414
4.66987
4.65936
4.64276
4.65229
4.66983
4.62441
4.63282
4.65604
4.70375
4.59436
4.61149
4.66626
4.67821
4.65572
4.62295
4.6014
4.64686
4.63903
4.64108
4.63431
4.62777
4.63191
4.6342
4.63109
4.62581
4.66832
4.66954
4.67411
4.58286
4.61174
4.64159
4.59657
4.62534
4.58981
4.6314
4.59942
4.61748
4.59252
4.64188
4.61497
4.61771
4.634
4.61858
4.57234
4.58321
4.58655
4.59626
4.57842
4.60558
4.63665
4.61968
4.59833
4.61519
4.63813
4.61511
4.60565
4.60072
4.59342
4.60427
4.58674
4.58807
4.62973
4.60394
4.59794
4.65194
4.6073
4.58286
4.63924
4.63441
4.63907
4.64036
4.61123
4.618
4.61769
4.63196
4.60053
4.60159
4.60147
4.62477
4.63523
4.6404
4.6203
4.62705
4.63363
4.65612
4.66915
4.63949
4.63633
4.63616
4.63668
4.66028
4.64966
4.63316
4.66394
4.69622
4.65237
4.64918
4.69608
4.65255
4.66902
4.68399
4.66962
4.65223
4.66416
4.66789
4.67638
4.73599
4.67828
4.68391
4.68105
4.6999
4.6697
4.70854
4.7079
4.69383
4.71876
4.65405
4.74051
4.75688
4.65894
4.703
4.70004
4.74497
4.70254
4.72862
4.74501
4.67518
4.72776
4.68608
4.69463
4.68302
4.73409
4.68831
4.6936
4.72847
4.71863
4.68469
4.74793
4.73819
4.71958
4.75141
4.74385
4.69084
4.73967
4.72009
4.73718
4.71962
4.73777
4.76215
4.75331
4.70732
4.73196
4.76302
4.77104
4.73391
4.7121
4.71071
4.75385
4.7156
4.70378
4.72983
4.7489
4.76361
4.72509
4.7277
4.69687
4.75752
4.69254
4.75642
4.69108
4.75097
4.71343
4.68476
4.67058
4.67638
4.73701
4.67677
4.6574
4.68059
4.67555
4.64613
4.67657
4.67115
4.68167
4.6409
4.67722
4.65111
4.66051
4.62785
4.6017
4.66376
4.61611
4.63628
4.65919
4.61877
4.59704
4.62447
4.60759
4.60785
4.58552
4.56473
4.59536
4.58016
4.56393
4.59494
4.57979
4.56965
4.59765
4.56637
4.62096
4.54836
4.5858
4.554
4.58231
4.5867
4.57968
4.54706
4.52744
4.55815
4.54671
4.59193
4.54351
4.55906
4.54739
4.57033
4.50198
4.50453
4.52783
4.53035
4.57036
4.55437
4.5688
4.56536
4.56287
4.56494
4.55828
4.61028
4.63833
4.61929
4.62374
4.61661
4.62518
4.64994
4.65378
4.65609
4.64698
4.64576
4.65119
4.6681
4.69079
4.6922
4.70708
4.73412
4.7573
4.73142
4.77826
4.80576
4.80974
4.81701
4.81831
4.83767
4.83501
4.88535
4.88561
4.87893
4.91436
4.94855
4.93696
4.9717
4.94899
4.95609
4.95339
5.00511
5.00327
4.96276
4.96937
4.9877
4.94612
4.91685
4.87482
4.81738
4.72985
4.52195
