4.87151
4.87359
4.87888
4.87808
4.87868
4.87511
4.86833
4.86059
4.88097
4.85409
4.86674
4.82971
4.85979
4.86575
4.8507
4.85118
4.84765
4.86437
4.83523
4.8284
4.83448
4.80869
4.76945
4.82738
4.84316
4.80409
4.78363
4.77699
4.76074
4.76189
4.8079
4.79606
4.79487
4.76657
4.77849
4.73125
4.70188
4.73267
4.70546
4.74484
4.72901
4.72361
4.72147
4.71467
4.73898
4.72557
4.69894
4.6819
4.67967
4.65854
4.70136
4.69049
4.68317
4.69253
4.689
4.66669
4.7046
4.67052
4.73633
4.66279
4.69894
4.73408
4.70708
4.65775
4.65365
4.66304
4.6713
4.71789
4.68966
4.6788
4.64874
4.64409
4.6782
4.70164
4.63731
4.66487
4.68135
4.64538
4.66967
4.67846
4.6591
4.64056
4.64849
4.65609
4.63713
4.71107
4.6781
4.64313
4.6501
4.66468
4.67976
4.66402
4.66376
4.65644
4.60749
4.62291
4.6295
4.64926
4.65945
4.70683
4.65653
4.65715
4.63955
4.62354
4.6169
4.66424
4.65147
4.66584
4.62524
4.63953
4.62498
4.67863
4.64498
4.6805
4.64957
4.6624
4.68325
4.62672
4.57803
4.6215
4.62825
4.63661
4.61181
4.63715
4.61422
4.60547
4.61293
4.59327
4.6293
4.56064
4.63168
4.61981
4.54682
4.5921
4.62425
4.57891
4.60235
4.64981
4.59766
4.59598
4.59403
4.65399
4.61384
4.60454
4.58563
4.62652
4.61469
4.58348
4.55514
4.56953
4.6021
4.59707
4.61733
4.57291
4.61954
4.57742
4.58926
4.61678
4.58917
4.6232
4.60559
4.58754
4.56545
4.6191
4.64536
4.58871
4.59483
4.61793
4.59165
4.63615
4.63465
4.61009
4.62785
4.59357
4.56634
4.61625
4.62386
4.60625
4.60358
4.61997
4.61143
4.60771
4.60803
4.60378
4.63851
4.66864
4.61728
4.61706
4.60473
4.61735
4.63446
4.65936
4.66479
4.63668
4.69073
4.62915
4.67412
4.65051
4.67097
4.67466
4.67743
4.67634
4.66548
4.67412
4.69411
4.66928
4.67205
4.67852
4.70475
4.71795
4.67029
4.72963
4.69068
4.7203
4.74805
4.76231
4.71346
4.74126
4.72516
4.74528
4.78391
4.74196
4.79589
4.77177
4.78606
4.76272
4.77294
4.74001
4.78997
4.80558
4.76918
4.78775
4.77417
4.8204
4.78398
4.82354
4.82865
4.79324
4.81689
4.83987
4.82729
4.86327
4.82196
4.79193
4.83504
4.86829
4.82704
4.82758
4.88041
4.78533
4.84068
4.84242
4.84043
4.8846
4.82156
4.85248
4.90314
4.89987
4.80128
4.84689
4.80248
4.90507
4.84416
4.83102
4.83074
4.91949
4.7963
4.85649
4.78052
4.87286
4.81472
4.84263
4.85936
4.83092
4.79024
4.87219
4.83379
4.82749
4.74501
4.826
4.85848
4.81224
4.79036
4.82595
4.80624
4.80205
4.77373
4.78769
4.8382
4.79821
4.76548
4.8247
4.67964
4.76532
4.74774
4.7272
4.77479
4.74166
4.70755
4.69794
4.72927
4.69723
4.69584
4.73619
4.7698
4.69928
4.68815
4.6671
4.66959
4.65546
4.64622
4.63318
4.61606
4.65543
4.66403
4.61578
4.59117
4.58037
4.57858
4.60468
4.60504
4.61946
4.59806
4.59497
4.57684
4.54505
4.54998
4.59276
4.5384
4.55649
4.55527
4.53446
4.54022
4.52905
4.52286
4.54415
4.54213
4.4984
4.56737
4.54688
4.54739
4.53811
4.55651
4.54022
4.52293
4.52155
4.55094
4.54249
4.51424
4.55224
4.60358
4.57393
4.58185
4.55756
4.57542
4.61027
4.59095
4.62685
4.66074
4.65271
4.67315
4.67956
4.67964
4.66191
4.69696
4.7138
4.77169
4.74997
4.78158
4.81375
4.79644
4.83417
4.89264
4.87688
4.89444
4.92335
4.9494
4.95929
4.95876
5.00392
4.95912
5.0279
5.04176
5.06157
5.08327
5.12393
5.12983
5.13163
5.12735
5.11889
5.15799
5.11037
5.1089
5.11546
5.07624
5.03896
4.9808
4.87981
4.77428
4.49594
