4.67837
4.71059
4.70843
4.72636
4.70942
4.70097
4.70394
4.71467
4.71009
4.69518
4.71012
4.7097
4.68279
4.67159
4.65341
4.67378
4.66553
4.65642
4.64334
4.63261
4.63892
4.62146
4.61515
4.62285
4.60436
4.58715
4.58553
4.6315
4.58735
4.59055
4.59968
4.60112
4.57441
4.55456
4.53
4.5636
4.55003
4.55025
4.51044
4.57132
4.54556
4.5309
4.5501
4.55236
4.52393
4.52401
4.51951
4.53688
4.4648
4.51008
4.4876
4.48007
4.52076
4.48411
4.48191
4.49301
4.49243
4.49721
4.49521
4.53396
4.49844
4.52568
4.46934
4.50453
4.53121
4.4968
4.51233
4.55202
4.50052
4.50086
4.48988
4.52632
4.54335
4.48734
4.45078
4.51205
4.54964
4.56468
4.5212
4.51321
4.56287
4.54376
4.47787
4.5698
4.50915
4.54716
4.54552
4.54609
4.55242
4.56263
4.5634
4.59699
4.54827
4.61698
4.59365
4.58854
4.56141
4.54991
4.57969
4.55071
4.57372
4.55144
4.56968
4.60993
4.55941
4.59819
4.57352
4.59319
4.61468
4.55695
4.61752
4.58901
4.61175
4.59591
4.57356
4.6348
4.61622
4.5776
4.60015
4.59896
4.57797
4.60008
4.61389
4.57923
4.65271
4.58546
4.59436
4.61252
4.60656
4.60102
4.59033
4.60845
4.59228
4.56982
4.5918
4.62518
4.61966
4.5822
4.60159
4.61579
4.6239
4.60086
4.57489
4.6144
4.58376
4.58944
4.58024
4.57524
4.55248
4.59915
4.61173
4.57078
4.51965
4.5747
4.57104
4.59357
4.57156
4.55053
4.59626
4.56155
4.55972
4.55052
4.55476
4.54272
4.54443
4.53318
4.57661
4.56364
4.58586
4.54334
4.53353
4.51833
4.55319
4.56355
4.57395
4.5245
4.5504
4.55543
4.5961
4.52439
4.59572
4.54239
4.51841
4.58975
4.54921
4.56298
4.53674
4.57178
4.60927
4.51668
4.54253
4.55227
4.53369
4.51856
4.56194
4.54101
4.50193
4.52845
4.5443
4.54009
4.54766
4.54156
4.553
4.54403
4.51372
4.53418
4.52902
4.53059
4.49523
4.53473
4.55282
4.54272
4.53967
4.53554
4.56234
4.55047
4.56464
4.55985
4.53131
4.5268
4.53637
4.56357
4.57044
4.53509
4.51219
4.55584
4.51945
4.54804
4.54015
4.57208
4.55719
4.51685
4.55257
4.58482
4.57474
4.54443
4.6111
4.55232
4.59102
4.52494
4.5951
4.59093
4.60854
4.52786
4.53227
4.58168
4.55441
4.61446
4.61494
4.57961
4.61065
4.58805
4.62751
4.58117
4.63668
4.6163
4.6134
4.5879
4.62175
4.61377
4.66293
4.63295
4.58699
4.55141
4.59162
4.5791
4.6523
4.62112
4.61462
4.58833
4.60923
4.65957
4.64971
4.58229
4.61989
4.58101
4.62425
4.63946
4.61963
4.61136
4.65369
4.66849
4.6151
4.65374
4.62305
4.63856
4.64542
4.6629
4.63699
4.62177
4.67861
4.66716
4.66018
4.5936
4.66768
4.6064
4.61617
4.60978
4.61697
4.5874
4.61415
4.64197
4.64817
4.58949
4.64518
4.58589
4.57805
4.6047
4.61919
4.54785
4.56448
4.57845
4.60999
4.62649
4.59692
4.5578
4.58365
4.53119
4.56494
4.54171
4.54825
4.60237
4.55167
4.55566
4.56191
4.53756
4.51549
4.53101
4.50441
4.52657
4.5528
4.52893
4.54256
4.54626
4.4968
4.57169
4.50026
4.50625
4.54427
4.4936
4.53618
4.49183
4.47584
4.50725
4.49633
4.52222
4.47845
4.4808
4.49502
4.50437
4.50255
4.5031
4.53181
4.50495
4.51856
4.53474
4.51671
4.54469
4.52402
4.55139
4.51757
4.51629
4.52809
4.55932
4.53967
4.54689
4.54848
4.56412
4.59067
4.5956
4.57788
4.58213
4.59061
4.62218
4.62798
4.64541
4.62501
4.64202
4.65387
4.69331
4.69083
4.69444
4.70625
4.69689
4.72722
4.74681
4.71072
4.75635
4.72827
4.71715
4.73618
4.75925
4.78305
4.76904
4.76926
4.75827
4.72485
4.72577
4.68746
4.58662
