4.7294
4.78506
4.7986
4.82311
4.82948
4.81587
4.84048
4.82288
4.80702
4.82647
4.80734
4.79108
4.79769
4.79137
4.80008
4.79264
4.80837
4.77638
4.78434
4.79733
4.77958
4.75982
4.71846
4.75845
4.74319
4.72792
4.71845
4.7252
4.7431
4.71086
4.73028
4.7179
4.71608
4.69918
4.67838
4.69969
4.68122
4.68033
4.66978
4.68094
4.68119
4.70551
4.68088
4.64885
4.61442
4.62376
4.62478
4.67784
4.64098
4.64889
4.65247
4.63845
4.65323
4.62548
4.61688
4.6011
4.62958
4.64992
4.63366
4.66924
4.64945
4.6268
4.61999
4.65498
4.66864
4.60608
4.61166
4.63189
4.67943
4.6539
4.61392
4.68017
4.60004
4.63605
4.68308
4.65363
4.69105
4.65043
4.6856
4.63711
4.6806
4.67093
4.68074
4.68088
4.71798
4.68373
4.75686
4.6771
4.71945
4.69176
4.65546
4.73086
4.70153
4.69165
4.71706
4.73863
4.71497
4.68182
4.73003
4.67121
4.74118
4.79013
4.73907
4.70641
4.73362
4.70085
4.74256
4.70096
4.74006
4.71552
4.73295
4.73612
4.74572
4.74444
4.76988
4.76856
4.78727
4.74048
4.69314
4.714
4.72708
4.73858
4.69059
4.75719
4.7156
4.79164
4.75431
4.71946
4.73769
4.78339
4.71183
4.74213
4.70125
4.78526
4.73514
4.72525
4.6603
4.78624
4.72009
4.71179
4.71535
4.71354
4.73191
4.709
4.71567
4.69026
4.69138
4.76189
4.71318
4.73153
4.73067
4.6689
4.6949
4.66673
4.73384
4.65586
4.7284
4.69349
4.6784
4.69306
4.67725
4.70956
4.71143
4.6874
4.67795
4.73197
4.72929
4.64568
4.70781
4.72832
4.68823
4.67155
4.68773
4.70249
4.72595
4.71049
4.70682
4.67811
4.65217
4.68538
4.67543
4.65671
4.70418
4.6635
4.72992
4.6985
4.67676
4.69911
4.68426
4.70539
4.70897
4.66658
4.69598
4.72346
4.67551
4.71469
4.70671
4.66652
4.65659
4.6802
4.6802
4.69072
4.66339
4.69957
4.67126
4.71431
4.70222
4.70146
4.70687
4.73244
4.68032
4.66532
4.70376
4.71133
4.69208
4.71395
4.677
4.72508
4.71275
4.71743
4.76879
4.74961
4.67465
4.74866
4.73759
4.72793
4.74783
4.71523
4.72984
4.73881
4.76918
4.7368
4.70645
4.70956
4.74591
4.75914
4.73555
4.74753
4.72469
4.78868
4.76871
4.73086
4.74846
4.74805
4.73696
4.75025
4.74029
4.79313
4.74114
4.75366
4.77204
4.75279
4.77576
4.74905
4.78098
4.77176
4.75127
4.76646
4.80128
4.78079
4.74092
4.80538
4.75991
4.78419
4.74798
4.77816
4.81183
4.78972
4.78189
4.76436
4.8089
4.78646
4.80562
4.74769
4.77923
4.80565
4.75453
4.77734
4.71476
4.77998
4.77979
4.74445
4.7562
4.82595
4.76586
4.75775
4.7589
4.77382
4.7557
4.75125
4.72543
4.75844
4.74345
4.75584
4.75437
4.73362
4.74544
4.71012
4.74025
4.69675
4.73823
4.71767
4.74255
4.7675
4.7175
4.68886
4.72042
4.65169
4.64762
4.717
4.6883
4.66202
4.66261
4.66612
4.62245
4.60982
4.69989
4.64225
4.64878
4.61439
4.64921
4.64103
4.61597
4.59129
4.62401
4.64818
4.59813
4.60741
4.60007
4.55649
4.60883
4.57046
4.56977
4.59162
4.59137
4.61083
4.56621
4.55726
4.5841
4.57543
4.59693
4.5773
4.5756
4.5875
4.5515
4.60053
4.58441
4.59983
4.61175
4.56397
4.53194
4.63554
4.59575
4.57687
4.61661
4.61929
4.58566
4.62547
4.62247
4.64375
4.65039
4.63744
4.63925
4.67315
4.64306
4.64558
4.68188
4.69856
4.67756
4.72837
4.72987
4.75311
4.71022
4.79808
4.7766
4.81266
4.75682
4.85896
4.84833
4.8098
4.86337
4.84688
4.88057
4.90631
4.90553
4.91937
4.96009
4.94374
4.92337
4.97874
4.96458
4.9664
4.96855
4.96285
4.9529
4.92897
4.89442
4.86303
4.7915
4.63834
