4.82243
4.89592
4.92006
4.97154
4.98611
4.96928
5.00227
5.01135
4.97252
4.99363
4.99178
5.02288
4.99984
4.95916
4.95817
4.96644
4.98933
4.98038
4.95792
4.93585
5.00246
4.92515
4.95491
4.89713
4.91153
4.90103
4.91825
4.90754
4.8785
4.89485
4.87077
4.84652
4.89107
4.83034
4.80761
4.84442
4.81505
4.81712
4.83485
4.80758
4.79061
4.74228
4.74706
4.78411
4.75196
4.75806
4.78857
4.73639
4.74104
4.73461
4.72832
4.74465
4.76287
4.722
4.72295
4.74754
4.6466
4.74621
4.70943
4.74108
4.71875
4.68708
4.77545
4.71401
4.7181
4.70916
4.68922
4.71474
4.71603
4.75817
4.70995
4.70336
4.6898
4.70164
4.69483
4.69448
4.70981
4.70677
4.7385
4.66157
4.72491
4.74041
4.72073
4.66782
4.68904
4.6927
4.70859
4.73388
4.63318
4.6409
4.66199
4.69241
4.70867
4.68006
4.69231
4.69123
4.68626
4.71873
4.71401
4.73181
4.69083
4.68711
4.69916
4.6837
4.64733
4.67697
4.66514
4.68197
4.69525
4.67977
4.65131
4.69159
4.67437
4.72528
4.70912
4.66922
4.66267
4.6529
4.67776
4.66707
4.63363
4.64638
4.65378
4.65033
4.69745
4.65312
4.64413
4.69766
4.61268
4.64436
4.66926
4.64647
4.62323
4.61115
4.69622
4.65522
4.61349
4.62061
4.63399
4.60087
4.6178
4.61071
4.62876
4.61142
4.62422
4.65966
4.60299
4.64159
4.64317
4.6445
4.59357
4.57434
4.59113
4.60131
4.63991
4.58634
4.63018
4.61771
4.61162
4.58197
4.6304
4.60875
4.60844
4.59454
4.64443
4.64632
4.62414
4.67867
4.6171
4.60751
4.61922
4.59283
4.6097
4.59436
4.5879
4.61223
4.62787
4.60702
4.63765
4.64933
4.6498
4.64251
4.65337
4.6314
4.61912
4.60618
4.58309
4.61504
4.62514
4.61347
4.60386
4.64646
4.65772
4.63728
4.6462
4.659
4.62838
4.62021
4.63382
4.66221
4.66067
4.63978
4.64091
4.66793
4.65497
4.6546
4.68629
4.72246
4.69152
4.66467
4.65074
4.69925
4.7061
4.70569
4.70742
4.70408
4.74957
4.73944
4.68448
4.72107
4.69673
4.75057
4.71391
4.79475
4.72196
4.73897
4.68105
4.78741
4.7667
4.72651
4.77365
4.79239
4.80935
4.78341
4.8004
4.73478
4.81229
4.78477
4.79062
4.73481
4.73526
4.79213
4.81677
4.76594
4.81885
4.83035
4.80413
4.82215
4.81266
4.82156
4.78619
4.79792
4.82359
4.78603
4.83429
4.81554
4.79815
4.88107
4.84686
4.85589
4.86502
4.83678
4.84713
4.83547
4.79484
4.8845
4.76509
4.83188
4.87845
4.79883
4.83555
4.85793
4.823
4.8279
4.80147
4.79152
4.78302
4.85976
4.80913
4.77447
4.80204
4.79349
4.79886
4.75227
4.80913
4.8122
4.74315
4.7976
4.83062
4.78401
4.73298
4.82769
4.74866
4.75316
4.72701
4.76406
4.71007
4.7736
4.80437
4.73863
4.76732
4.72754
4.77677
4.72611
4.6889
4.66966
4.70826
4.64306
4.64654
4.63944
4.66578
4.65658
4.61912
4.61351
4.61152
4.57247
4.63535
4.57204
4.63954
4.56918
4.60032
4.59586
4.60931
4.54878
4.55759
4.53426
4.55913
4.55681
4.56757
4.59151
4.56527
4.56709
4.52635
4.53137
4.51906
4.56369
4.51899
4.52971
4.54201
4.51249
4.52663
4.58121
4.56407
4.52808
4.54568
4.50957
4.526
4.57374
4.56951
4.57807
4.58753
4.58731
4.6136
4.60034
4.61874
4.61027
4.61399
4.65289
4.65573
4.61306
4.67456
4.68593
4.70987
4.73577
4.71141
4.73411
4.74371
4.79187
4.81015
4.80863
4.84209
4.87772
4.8721
4.89234
4.95015
4.9241
4.9494
4.97265
5.01732
5.04702
5.07497
5.08316
5.09901
5.12588
5.14372
5.18312
5.23062
5.19063
5.19972
5.22207
5.22424
5.22804
5.19909
5.18407
5.16925
5.13042
5.06574
4.97476
4.85292
4.59134
