4.63501
4.74026
4.78546
4.81336
4.80751
4.85746
4.84029
4.83838
4.81734
4.83454
4.83794
4.82582
4.81202
4.80416
4.81156
4.79582
4.8075
4.76277
4.74345
4.76043
4.7461
4.71048
4.70732
4.71962
4.65672
4.68805
4.67556
4.66532
4.66636
4.61059
4.6493
4.66509
4.59821
4.59403
4.59559
4.58911
4.58063
4.58836
4.55379
4.60356
4.55432
4.57089
4.55496
4.55925
4.54823
4.55714
4.50495
4.5218
4.50557
4.51071
4.53078
4.4875
4.50173
4.54321
4.48886
4.52362
4.50999
4.51726
4.4993
4.52445
4.54238
4.48948
4.52007
4.47594
4.52151
4.48454
4.48379
4.52408
4.48135
4.50768
4.53052
4.54248
4.49698
4.53853
4.55349
4.54146
4.50753
4.52482
4.55735
4.51321
4.50561
4.55426
4.57388
4.54479
4.5578
4.60563
4.5753
4.56913
4.56251
4.54435
4.62384
4.57369
4.59278
4.58583
4.60053
4.60045
4.56235
4.61529
4.59143
4.59056
4.61368
4.60245
4.61708
4.59258
4.61796
4.61271
4.61756
4.63592
4.62524
4.63629
4.62284
4.60836
4.64609
4.63346
4.59242
4.59517
4.60797
4.68971
4.64372
4.59695
4.65902
4.63339
4.66731
4.65256
4.61838
4.66089
4.64083
4.64752
4.65405
4.63565
4.6004
4.65636
4.64481
4.64903
4.672
4.67651
4.62904
4.64343
4.63399
4.62186
4.66512
4.65292
4.66403
4.63256
4.63326
4.62753
4.60589
4.6325
4.63092
4.66535
4.61955
4.62749
4.60972
4.60886
4.63013
4.60924
4.66692
4.61956
4.60615
4.61035
4.61374
4.616
4.57548
4.62631
4.61359
4.60558
4.58482
4.60069
4.61624
4.57456
4.62262
4.57213
4.59685
4.56732
4.59105
4.63012
4.58004
4.59106
4.60735
4.56178
4.58475
4.58607
4.56052
4.55214
4.60446
4.59525
4.58832
4.56497
4.61254
4.57115
4.56363
4.59339
4.57166
4.5837
4.55782
4.56813
4.57577
4.57322
4.5687
4.56506
4.56539
4.54626
4.5569
4.57481
4.55733
4.55322
4.56153
4.55747
4.55609
4.5724
4.55985
4.54272
4.54918
4.57984
4.55788
4.5828
4.5431
4.56591
4.60405
4.57397
4.54245
4.56498
4.59332
4.54899
4.57496
4.54773
4.57799
4.56966
4.58718
4.54535
4.60245
4.58258
4.58476
4.58317
4.56507
4.58428
4.56683
4.56711
4.58494
4.59224
4.57082
4.59715
4.60401
4.55437
4.57477
4.6409
4.56934
4.56868
4.6314
4.56239
4.59537
4.60909
4.60989
4.57931
4.62955
4.62322
4.63461
4.60604
4.58638
4.65213
4.60284
4.67269
4.60159
4.63009
4.61481
4.64873
4.6404
4.61378
4.56794
4.64249
4.69112
4.70209
4.67663
4.65304
4.65312
4.6605
4.6179
4.66277
4.70381
4.67851
4.70072
4.62633
4.61825
4.63522
4.6157
4.67569
4.66553
4.65164
4.67398
4.65355
4.66945
4.62844
4.67385
4.65599
4.62545
4.60849
4.69794
4.60359
4.62543
4.64661
4.63545
4.61978
4.70537
4.62422
4.62291
4.66634
4.68699
4.64952
4.6487
4.68316
4.59702
4.63947
4.63467
4.64701
4.61646
4.59325
4.62224
4.58037
4.6107
4.62327
4.67419
4.60051
4.63246
4.59037
4.65261
4.58848
4.58748
4.61769
4.60916
4.56232
4.57972
4.59808
4.57636
4.58311
4.59998
4.56688
4.62798
4.58205
4.56659
4.58339
4.53989
4.5642
4.59293
4.58206
4.61235
4.6153
4.60035
4.60366
4.61637
4.59987
4.58538
4.55676
4.59224
4.61171
4.61519
4.62069
4.56622
4.59927
4.59806
4.62621
4.62521
4.60552
4.65877
4.61653
4.63017
4.65861
4.65113
4.65067
4.67338
4.68073
4.682
4.69886
4.71136
4.71402
4.67634
4.71837
4.7361
4.72881
4.73367
4.7428
4.76735
4.77159
4.754
4.78176
4.78013
4.80809
4.79525
4.81779
4.80555
4.8014
4.8262
4.81076
4.8051
4.82009
4.8151
4.80391
4.79208
4.76996
4.7463
4.6774
