4.82203
4.91227
4.94978
4.97654
4.98712
5.00644
5.02236
5.03549
5.01654
5.00725
5.00392
5.01662
5.01581
4.9962
4.99022
4.99857
4.9491
4.97917
4.9308
4.95912
4.94961
4.9172
4.88621
4.94344
4.87947
4.87509
4.89533
4.86615
4.86007
4.83834
4.83927
4.82382
4.81633
4.83197
4.7739
4.77226
4.7631
4.79673
4.75612
4.77496
4.74261
4.7531
4.7479
4.70654
4.759
4.75806
4.70901
4.66664
4.70694
4.71021
4.67979
4.73891
4.67015
4.69976
4.65352
4.69398
4.66412
4.72787
4.695
4.70162
4.66304
4.67096
4.69313
4.69993
4.67245
4.62657
4.65773
4.69925
4.6938
4.7177
4.76865
4.68745
4.65969
4.69633
4.71123
4.70322
4.65419
4.69792
4.69977
4.69145
4.67083
4.69843
4.70787
4.72071
4.69471
4.71223
4.75185
4.69195
4.69697
4.76935
4.71461
4.74214
4.72443
4.74169
4.73168
4.74627
4.71743
4.73745
4.76609
4.73181
4.74118
4.75464
4.73266
4.68605
4.7375
4.71192
4.71687
4.7319
4.75313
4.76682
4.74072
4.75173
4.71888
4.7367
4.72911
4.73314
4.7217
4.73661
4.74576
4.76898
4.70962
4.73603
4.67536
4.66042
4.7156
4.6954
4.71071
4.74337
4.69734
4.72281
4.73559
4.73702
4.69643
4.71082
4.6675
4.64324
4.698
4.66168
4.66168
4.67728
4.6532
4.69036
4.73914
4.68166
4.69061
4.70733
4.74413
4.7327
4.68817
4.70598
4.65086
4.72597
4.67559
4.67199
4.69902
4.63015
4.68884
4.65685
4.68769
4.67253
4.65728
4.61236
4.65384
4.5954
4.66528
4.65742
4.66817
4.64844
4.6356
4.62296
4.62177
4.65154
4.67762
4.6586
4.62014
4.61625
4.69231
4.65512
4.66039
4.6567
4.65061
4.65751
4.64402
4.64115
4.61841
4.64023
4.60296
4.61975
4.6646
4.65418
4.64104
4.63885
4.65454
4.64517
4.62629
4.66016
4.6519
4.64392
4.68126
4.63879
4.67822
4.63109
4.65666
4.6347
4.67481
4.65946
4.66632
4.66544
4.72117
4.66881
4.69272
4.69774
4.66974
4.65725
4.67791
4.69197
4.69247
4.6701
4.687
4.72016
4.72285
4.68405
4.69395
4.74768
4.70018
4.7017
4.73266
4.73598
4.67994
4.73263
4.70991
4.72109
4.75954
4.65035
4.74591
4.73914
4.70785
4.72106
4.74022
4.7623
4.74203
4.75601
4.75077
4.76958
4.77773
4.77205
4.80281
4.76424
4.81802
4.71083
4.75451
4.72966
4.76314
4.77819
4.77319
4.82948
4.76265
4.84954
4.76409
4.74092
4.76633
4.77821
4.82374
4.8536
4.78929
4.74785
4.788
4.75829
4.76968
4.80311
4.8017
4.79756
4.73319
4.79994
4.83199
4.81285
4.73115
4.72604
4.74372
4.75959
4.75967
4.76439
4.78337
4.79565
4.792
4.75377
4.77236
4.82685
4.72341
4.73942
4.72794
4.74006
4.74216
4.66054
4.71192
4.67472
4.68487
4.71258
4.66849
4.67115
4.70195
4.67178
4.67952
4.74645
4.69357
4.70162
4.5967
4.66933
4.66847
4.61873
4.65267
4.65118
4.65171
4.6792
4.65336
4.57247
4.58179
4.58037
4.60683
4.59703
4.53298
4.63804
4.55081
4.54537
4.59581
4.54088
4.54422
4.53345
4.53596
4.56652
4.5487
4.53844
4.541
4.54231
4.56874
4.5558
4.55288
4.50625
4.57608
4.54538
4.51868
4.55662
4.55877
4.5563
4.55591
4.55972
4.56817
4.53153
4.56453
4.62713
4.5608
4.60174
4.60568
4.63739
4.63392
4.65236
4.63581
4.64432
4.64443
4.6576
4.69173
4.69165
4.69071
4.75461
4.73341
4.76108
4.79798
4.81789
4.8378
4.8408
4.85044
4.90076
4.86467
4.91283
4.97465
4.97726
5.01005
5.05982
5.02913
5.06211
5.09723
5.0824
5.10199
5.11781
5.15601
5.19482
5.20748
5.22485
5.19309
5.21018
5.22844
5.21124
5.2308
5.18646
5.17659
5.14171
5.07539
5.00199
4.87947
4.64497
