3.62549
3.60358
3.57872
3.55345
3.53922
3.52297
3.51038
3.50288
3.49124
3.48506
3.48249
3.4648
3.46217
3.46043
3.45143
3.4477
3.4487
3.44531
3.43796
3.43066
3.43093
3.42807
3.42426
3.43497
3.41984
3.41684
3.42908
3.41478
3.41105
3.39842
3.41686
3.41112
3.41497
3.41066
3.41405
3.40527
3.40708
3.40943
3.40604
3.40489
3.40995
3.41104
3.40888
3.40963
3.4179
3.40973
3.41166
3.41629
3.42677
3.42085
3.42743
3.42049
3.42436
3.44048
3.44499
3.42792
3.44188
3.43491
3.45219
3.45076
3.45445
3.45127
3.45691
3.46246
3.47624
3.4752
3.48044
3.47811
3.48466
3.47901
3.48065
3.50049
3.48995
3.50039
3.50475
3.50688
3.50656
3.50886
3.50875
3.53141
3.53693
3.52709
3.52302
3.5331
3.52706
3.54374
3.55865
3.54239
3.53457
3.55378
3.55418
3.54697
3.56208
3.57486
3.5604
3.57378
3.57386
3.58014
3.5792
3.56789
3.57103
3.57136
3.58566
3.57174
3.60185
3.59156
3.59872
3.59456
3.57702
3.57429
3.59473
3.59166
3.58074
3.58464
3.59309
3.56077
3.57498
3.60087
3.57486
3.5766
3.57438
3.58125
3.58191
3.58787
3.5666
3.57994
3.57012
3.57943
3.56247
3.57636
3.59156
3.56943
3.57537
3.57813
3.56308
3.56478
3.58125
3.56955
3.56365
3.56921
3.54378
3.54452
3.5389
3.54209
3.54224
3.54195
3.5237
3.52046
3.54037
3.5273
3.5277
3.53468
3.52652
3.51318
3.50376
3.50179
3.5108
3.50491
3.50005
3.50201
3.48926
3.49736
3.49315
3.49776
3.49085
3.48299
3.48261
3.47841
3.47322
3.47305
3.46803
3.46431
3.47372
3.46469
3.45788
3.47796
3.46067
3.46723
3.45654
3.44733
3.47227
3.45501
3.45769
3.45652
3.46141
3.44297
3.45153
3.45255
3.44061
3.45968
3.46914
3.43975
3.44909
3.45808
3.45224
3.45917
3.43854
3.45634
3.43783
3.44541
3.43327
3.43773
3.44817
3.44306
3.43754
3.43823
3.45832
3.44764
3.45156
3.43056
3.44685
3.43657
3.45998
3.44583
3.4549
3.45742
3.45809
3.45914
3.4572
3.48708
3.46503
3.45655
3.4547
3.45483
3.45096
3.44512
3.45204
3.47601
3.44692
3.47448
3.4608
3.46671
3.46103
3.45458
3.46262
3.46647
3.45331
3.46086
3.44762
3.45169
3.45309
3.45265
3.47161
3.45938
3.44435
3.44896
3.46829
3.46095
3.48864
3.46879
3.46733
3.46661
3.46771
3.47362
3.47878
3.45991
3.45841
3.46208
3.47214
3.46027
3.45854
3.46158
3.46288
3.45943
3.44834
3.4593
3.46436
3.48246
3.45982
3.45463
3.45833
3.46721
3.44082
3.46991
3.48521
3.44608
3.48093
3.46111
3.4557
3.45053
3.47069
3.43928
3.45202
3.46953
3.45142
3.4562
3.4605
3.476
3.46087
3.4597
3.46495
3.47234
3.45475
3.46692
3.44153
3.45888
3.46199
3.46007
3.47441
3.43364
3.44993
3.43999
3.44721
3.45058
3.46076
3.43888
3.45971
3.4397
3.45998
3.45693
3.44202
3.43514
3.44228
3.42683
3.44936
3.42912
3.44967
3.44407
3.43878
3.44705
3.45525
3.44177
3.44007
3.4539
3.43187
3.45762
3.43999
3.44565
3.41238
3.44837
3.44171
3.43036
3.4197
3.43595
3.45964
3.44903
3.45519
3.44278
3.44638
3.45634
3.42963
3.45597
3.45993
3.42727
3.45985
3.45249
3.44542
3.47267
3.46678
3.4815
3.46325
3.44953
3.48667
3.47827
3.47393
3.47117
3.48806
3.47993
3.50536
3.4782
3.50374
3.47566
3.4898
3.5074
3.50852
3.51664
3.50278
3.53363
3.50474
3.5469
3.52939
3.55472
3.54212
3.54425
3.55686
3.53706
3.54798
3.556
3.55885
3.56769
3.5564
3.56826
3.55724
3.58348
3.57099
3.58851
3.58012
3.58233
3.5862
3.58923
3.58037
3.58867
3.58215
3.59105
3.58453
3.57084
3.5504
3.51984
3.48611
3.39351
