4.58223
4.7751
4.85786
4.9284
4.9429
4.96014
4.99803
5.0018
5.0015
4.98135
4.9883
4.97455
5.00263
4.96903
4.97474
4.95178
4.95793
4.90466
4.91913
4.88618
4.88835
4.89334
4.83469
4.82374
4.85568
4.81418
4.80319
4.77255
4.74186
4.74952
4.74974
4.77306
4.72271
4.72917
4.69616
4.72125
4.71106
4.67419
4.6684
4.64099
4.67973
4.64095
4.64716
4.60849
4.6165
4.57941
4.606
4.61215
4.59737
4.62235
4.65005
4.58399
4.62474
4.61672
4.59899
4.59635
4.57743
4.56789
4.60115
4.6161
4.60961
4.60632
4.57879
4.63063
4.5839
4.59652
4.64634
4.61662
4.56709
4.60702
4.58018
4.55657
4.63008
4.64374
4.60959
4.60787
4.61089
4.61406
4.68884
4.63611
4.64968
4.64158
4.73388
4.73986
4.67452
4.70411
4.7203
4.70127
4.77108
4.69176
4.73778
4.71373
4.76907
4.73914
4.72922
4.76847
4.72611
4.75678
4.74779
4.76732
4.78507
4.75332
4.78465
4.78583
4.80628
4.78728
4.83934
4.81207
4.84596
4.82595
4.76332
4.80554
4.78629
4.79455
4.7949
4.84034
4.81567
4.81039
4.84851
4.81783
4.85355
4.84018
4.82451
4.79567
4.88513
4.84253
4.79422
4.8516
4.8487
4.80745
4.82645
4.85163
4.8708
4.80614
4.86697
4.80185
4.80502
4.86224
4.75734
4.83803
4.77682
4.82506
4.84517
4.87164
4.78469
4.7554
4.81158
4.7594
4.81698
4.82103
4.78664
4.78657
4.81811
4.80281
4.83307
4.79155
4.77325
4.80652
4.83458
4.80923
4.82404
4.76547
4.78839
4.75891
4.79405
4.76913
4.76183
4.75843
4.77857
4.74411
4.7729
4.72984
4.77871
4.80029
4.73192
4.75264
4.69591
4.75496
4.74961
4.71918
4.74528
4.77077
4.74308
4.7238
4.75962
4.75865
4.73443
4.72354
4.72011
4.73316
4.70675
4.71112
4.71962
4.71929
4.69009
4.71469
4.69369
4.6977
4.67243
4.70246
4.71496
4.72215
4.6681
4.69019
4.70587
4.69137
4.68629
4.66738
4.68946
4.66812
4.66675
4.7023
4.69834
4.69379
4.68653
4.67154
4.66115
4.64479
4.64251
4.68651
4.70382
4.65462
4.70113
4.65164
4.70672
4.6516
4.69121
4.70275
4.68276
4.69588
4.63972
4.64825
4.65959
4.69048
4.72986
4.72085
4.67251
4.67143
4.63639
4.65826
4.66952
4.71648
4.70945
4.66488
4.67643
4.69794
4.62819
4.67982
4.65443
4.69834
4.67068
4.6994
4.71286
4.68247
4.66609
4.73218
4.65767
4.71187
4.66369
4.71535
4.71654
4.71649
4.72735
4.70036
4.78243
4.65419
4.72424
4.7061
4.7085
4.68545
4.70069
4.76753
4.75113
4.74769
4.70255
4.72177
4.77064
4.74395
4.79208
4.70351
4.73894
4.73795
4.77372
4.79424
4.76856
4.75642
4.7367
4.73407
4.72593
4.72655
4.73934
4.74265
4.72182
4.69224
4.75171
4.67941
4.74155
4.73011
4.74025
4.76472
4.74211
4.71401
4.75027
4.72862
4.77651
4.73045
4.77039
4.74697
4.70298
4.6923
4.73608
4.73907
4.68277
4.70054
4.69838
4.7324
4.67759
4.72548
4.71672
4.69951
4.69036
4.71541
4.71125
4.70423
4.71098
4.67364
4.67351
4.67716
4.62873
4.68573
4.70693
4.6938
4.66847
4.67721
4.67571
4.67436
4.6718
4.65405
4.72993
4.63703
4.63854
4.65994
4.65345
4.69235
4.68474
4.66712
4.65763
4.69201
4.66811
4.62097
4.65531
4.68384
4.70851
4.65103
4.67404
4.70167
4.69692
4.69231
4.70473
4.68119
4.7124
4.71735
4.69281
4.70964
4.7248
4.72632
4.71432
4.73075
4.6842
4.74318
4.72367
4.76459
4.76314
4.76529
4.75549
4.77545
4.78111
4.77803
4.80378
4.77214
4.80223
4.79081
4.83849
4.82059
4.85118
4.86788
4.84732
4.85796
4.8495
4.85492
4.8816
4.84993
4.88745
4.86674
4.85366
4.85458
4.83961
4.80936
4.78392
4.71362
