4.54129
4.82873
4.98762
5.07372
5.147
5.19769
5.20589
5.24492
5.25219
5.24989
5.25804
5.26366
5.2303
5.23284
5.19041
5.18366
5.1554
5.17155
5.12173
5.11365
5.07925
5.03472
5.00743
5.00181
4.95243
4.92202
4.96695
4.92772
4.89112
4.84511
4.82412
4.88869
4.84921
4.81276
4.7522
4.79108
4.75385
4.75326
4.7018
4.73931
4.7235
4.64304
4.71584
4.66145
4.65088
4.60814
4.61531
4.60211
4.61653
4.58897
4.55088
4.60868
4.58182
4.57771
4.63614
4.54351
4.55482
4.56789
4.56267
4.57756
4.60129
4.60716
4.55726
4.57499
4.58062
4.56545
4.59419
4.60261
4.57215
4.55859
4.60037
4.57705
4.60004
4.58748
4.5994
4.59581
4.65829
4.64238
4.63014
4.6533
4.67083
4.63548
4.67744
4.62725
4.65075
4.68151
4.70283
4.70127
4.73287
4.68601
4.74404
4.71494
4.73559
4.70347
4.77519
4.72117
4.77424
4.75027
4.77816
4.7838
4.81045
4.79437
4.83858
4.83369
4.85648
4.79011
4.83626
4.83279
4.84441
4.83041
4.88306
4.90776
4.85133
4.87951
4.90032
4.90818
4.88999
4.92391
4.91787
5.01042
4.9634
4.96291
4.92655
4.96745
4.92052
5.00784
4.99176
4.99189
4.91998
4.91484
4.94644
4.9486
4.94075
4.93545
4.96775
5.01105
4.98535
4.98039
4.95301
4.94541
4.93324
4.94659
4.99089
4.96088
4.89975
4.90404
5.00102
4.97043
4.97637
4.97104
4.94579
4.94347
4.94656
4.94694
5.01216
4.94438
4.92788
4.95118
4.99436
4.97201
4.9354
4.91698
4.94363
4.93002
4.96201
4.9482
4.89091
4.8611
4.95503
4.90076
4.90504
4.92098
4.89144
4.94117
4.89697
4.85073
4.82535
4.92433
4.89391
4.88135
4.91342
4.85819
4.82951
4.88012
4.86419
4.86058
4.81158
4.88644
4.85265
4.83923
4.78151
4.81852
4.83687
4.78516
4.81537
4.80207
4.78664
4.81043
4.79348
4.82529
4.78983
4.77758
4.77042
4.75987
4.77828
4.76888
4.78207
4.77535
4.80253
4.70823
4.72221
4.73848
4.74568
4.71295
4.72317
4.76592
4.7238
4.71891
4.72426
4.72565
4.7101
4.71049
4.7084
4.75361
4.74557
4.68854
4.74783
4.74001
4.74118
4.73674
4.68236
4.6968
4.7024
4.75628
4.72565
4.65952
4.7089
4.66452
4.69481
4.73146
4.73079
4.69397
4.6618
4.69418
4.66196
4.69036
4.70348
4.7274
4.7067
4.69275
4.73629
4.65463
4.71401
4.7284
4.73208
4.67629
4.67833
4.71653
4.7159
4.75095
4.74591
4.72614
4.6839
4.74974
4.72897
4.76084
4.75721
4.6881
4.73575
4.77654
4.75101
4.7906
4.73953
4.78855
4.80006
4.7832
4.76119
4.74265
4.80913
4.78137
4.78116
4.77119
4.75223
4.779
4.81788
4.77535
4.85241
4.80189
4.81574
4.7826
4.81422
4.79135
4.77131
4.78615
4.74906
4.76135
4.7586
4.87153
4.80437
4.83247
4.8532
4.80166
4.83064
4.82368
4.7957
4.80097
4.74809
4.82023
4.75883
4.82907
4.77331
4.82621
4.74012
4.79583
4.84965
4.75596
4.81357
4.83943
4.75262
4.8263
4.78365
4.78629
4.8061
4.79274
4.74542
4.75375
4.80641
4.75623
4.78135
4.77341
4.77349
4.7655
4.7559
4.7832
4.74682
4.80818
4.77617
4.75213
4.78286
4.81712
4.77222
4.8043
4.79925
4.77209
4.75886
4.81361
4.76611
4.77606
4.79478
4.79852
4.76198
4.81056
4.78371
4.79342
4.77176
4.81464
4.80568
4.80367
4.78947
4.78277
4.83374
4.80889
4.82846
4.85451
4.85321
4.84939
4.8175
4.86425
4.84892
4.87321
4.86201
4.89112
4.8415
4.87688
4.87862
4.9057
4.9068
4.91751
4.90226
4.89742
4.92123
4.9174
4.89934
4.97143
4.93294
4.92262
4.95359
4.94882
4.95459
4.94806
4.94696
4.95914
4.94252
4.94193
4.93733
4.93947
4.90435
4.90429
4.87836
4.83071
