3.53427
3.59287
3.61315
3.61884
3.62612
3.62452
3.62755
3.62147
3.61527
3.61014
3.60742
3.60018
3.59551
3.57549
3.57292
3.57045
3.55413
3.55322
3.5432
3.52856
3.5324
3.51899
3.51374
3.50185
3.5026
3.49835
3.49188
3.47587
3.47136
3.46208
3.46074
3.46408
3.45412
3.44724
3.44309
3.45869
3.43474
3.44465
3.43504
3.429
3.42758
3.4214
3.41834
3.42052
3.41994
3.4349
3.42046
3.4204
3.41571
3.43024
3.41793
3.42583
3.42106
3.42745
3.43213
3.43323
3.42917
3.44166
3.44553
3.44436
3.45264
3.45475
3.4458
3.45731
3.47803
3.45624
3.47537
3.48677
3.48307
3.46575
3.49188
3.49445
3.49341
3.51421
3.49141
3.50387
3.51659
3.51853
3.52773
3.53089
3.53209
3.55446
3.55054
3.54723
3.55215
3.55885
3.56059
3.56617
3.57507
3.57166
3.57203
3.58567
3.60286
3.59956
3.60112
3.59857
3.61888
3.62419
3.62539
3.61319
3.62287
3.61494
3.62431
3.63851
3.64888
3.66044
3.65116
3.63431
3.64237
3.64632
3.66043
3.63648
3.65682
3.64118
3.6464
3.64574
3.64408
3.65528
3.66486
3.65609
3.65906
3.66023
3.67401
3.65895
3.66367
3.64848
3.64761
3.6635
3.65583
3.65874
3.66266
3.65433
3.67867
3.65275
3.67258
3.66008
3.65273
3.64375
3.65142
3.63969
3.65571
3.64032
3.65236
3.63684
3.62904
3.62783
3.62457
3.63397
3.61729
3.62926
3.61224
3.62992
3.62006
3.60076
3.5963
3.5967
3.60685
3.5935
3.59227
3.59493
3.58623
3.57437
3.58609
3.58327
3.5847
3.58775
3.55542
3.57277
3.56185
3.5519
3.53985
3.55281
3.5368
3.54346
3.53491
3.5434
3.53529
3.52071
3.53411
3.54288
3.55111
3.53686
3.53842
3.52672
3.53456
3.51424
3.52219
3.52683
3.51867
3.53011
3.54319
3.52595
3.53382
3.52493
3.50566
3.52843
3.49644
3.50525
3.49007
3.49945
3.50551
3.49648
3.50692
3.50628
3.49416
3.5166
3.50878
3.51036
3.52364
3.50419
3.50605
3.5081
3.52184
3.52903
3.50424
3.52007
3.52216
3.50757
3.52751
3.50887
3.52269
3.52297
3.51546
3.48741
3.49729
3.50949
3.51822
3.52081
3.51227
3.52346
3.55293
3.50679
3.48103
3.51162
3.51172
3.51501
3.49897
3.53067
3.5314
3.49251
3.51865
3.50669
3.49766
3.51921
3.50487
3.5246
3.51505
3.51949
3.52865
3.5188
3.52465
3.50305
3.53094
3.53923
3.52103
3.51219
3.52078
3.51636
3.52007
3.52522
3.5212
3.50301
3.51473
3.50296
3.52426
3.52345
3.5229
3.52978
3.50714
3.53077
3.51065
3.52507
3.52181
3.51255
3.52123
3.50905
3.52608
3.49527
3.51196
3.53101
3.49748
3.49834
3.51505
3.49662
3.51459
3.51974
3.50707
3.50394
3.51472
3.52419
3.511
3.50702
3.51617
3.50666
3.51011
3.50317
3.49473
3.50892
3.5235
3.50313
3.50858
3.50835
3.51344
3.50729
3.49671
3.50384
3.49834
3.5025
3.48635
3.51278
3.51057
3.47668
3.4773
3.49006
3.51101
3.50082
3.48309
3.49167
3.50214
3.49694
3.5109
3.48977
3.51168
3.46333
3.48455
3.47328
3.49028
3.48228
3.49109
3.50616
3.51541
3.47573
3.48472
3.50423
3.51298
3.5098
3.49204
3.50621
3.49508
3.47971
3.50621
3.51761
3.51942
3.52649
3.50802
3.5029
3.52353
3.52315
3.52592
3.5189
3.53402
3.54036
3.53659
3.54227
3.54851
3.5448
3.56038
3.55261
3.56524
3.55577
3.60177
3.57804
3.58693
3.58425
3.60264
3.59681
3.59158
3.63809
3.60349
3.63071
3.63856
3.6273
3.62781
3.66419
3.6669
3.66658
3.6673
3.67606
3.68245
3.67829
3.68649
3.69327
3.67949
3.70132
3.6967
3.70962
3.68837
3.68998
3.70334
3.7017
3.68536
3.67498
3.67656
3.65037
3.6499
3.64409
3.60604
3.58375
3.54261
3.48805
