3.48231
3.61264
3.66754
3.69883
3.71264
3.73076
3.73063
3.72605
3.72394
3.7108
3.70854
3.68944
3.67442
3.6667
3.6521
3.64967
3.62954
3.62284
3.60399
3.59454
3.58139
3.56346
3.55329
3.53435
3.53996
3.52155
3.50843
3.5038
3.49045
3.47575
3.46358
3.45353
3.45531
3.44034
3.4313
3.4357
3.43061
3.42131
3.4105
3.41136
3.41077
3.39747
3.40267
3.39212
3.39677
3.39466
3.39658
3.3907
3.39776
3.40196
3.3998
3.39965
3.40204
3.40923
3.40307
3.40469
3.41092
3.41632
3.41417
3.42836
3.42839
3.4241
3.44291
3.44699
3.45732
3.45462
3.45594
3.4487
3.47456
3.47021
3.46612
3.49948
3.49816
3.50319
3.51219
3.51113
3.51933
3.5269
3.5384
3.53785
3.54751
3.55075
3.56179
3.5696
3.57284
3.5863
3.57705
3.60029
3.59243
3.61857
3.6137
3.60405
3.62989
3.64388
3.64218
3.64985
3.65136
3.6728
3.6627
3.66525
3.67627
3.68514
3.69056
3.68349
3.70631
3.69976
3.71096
3.68252
3.7035
3.71167
3.715
3.73014
3.70992
3.71885
3.72979
3.72288
3.72548
3.73967
3.72647
3.71835
3.72054
3.71755
3.73143
3.72891
3.73336
3.73454
3.73839
3.7456
3.74348
3.7606
3.74018
3.7241
3.75802
3.7353
3.7421
3.74437
3.73297
3.74076
3.74072
3.73101
3.72607
3.73119
3.72836
3.72195
3.73042
3.71672
3.70336
3.69457
3.70828
3.69878
3.69848
3.69079
3.68699
3.69489
3.68229
3.68475
3.68198
3.67054
3.66618
3.65816
3.65882
3.65837
3.66183
3.66247
3.66391
3.64223
3.60925
3.64782
3.62007
3.6391
3.61268
3.61886
3.6234
3.60751
3.61321
3.59428
3.60971
3.60429
3.59973
3.59097
3.5927
3.59123
3.58447
3.57205
3.57998
3.57712
3.57319
3.58182
3.56294
3.57793
3.57568
3.578
3.57065
3.56513
3.56449
3.54286
3.53567
3.55836
3.54564
3.52796
3.54777
3.53775
3.55392
3.54299
3.5409
3.54205
3.54485
3.54947
3.53754
3.54004
3.53864
3.54852
3.55237
3.53659
3.55971
3.54896
3.54695
3.54009
3.54659
3.56566
3.54068
3.54069
3.53318
3.52897
3.53669
3.53975
3.54219
3.54304
3.54914
3.53607
3.5531
3.51847
3.51555
3.54789
3.55106
3.54239
3.52416
3.53993
3.54326
3.53323
3.53459
3.53811
3.53558
3.54406
3.55628
3.5229
3.54211
3.55088
3.55764
3.5433
3.55677
3.53163
3.54227
3.5518
3.56463
3.53009
3.55198
3.56553
3.5395
3.53175
3.54606
3.54929
3.56462
3.54624
3.54367
3.56275
3.54112
3.56174
3.56878
3.55622
3.57913
3.5617
3.53664
3.55942
3.54578
3.56029
3.57519
3.52519
3.56131
3.55168
3.5835
3.54344
3.57012
3.53318
3.55281
3.54964
3.57261
3.58396
3.55298
3.54106
3.56388
3.56341
3.55619
3.55588
3.54787
3.57219
3.55441
3.55746
3.54066
3.57055
3.56642
3.56101
3.54339
3.56017
3.55785
3.54935
3.5645
3.55966
3.57697
3.55549
3.53482
3.5424
3.55049
3.5462
3.54148
3.54144
3.5477
3.54866
3.53155
3.54351
3.54255
3.55244
3.53867
3.54175
3.53778
3.53501
3.52754
3.53881
3.54637
3.55642
3.53597
3.54081
3.54047
3.52702
3.55505
3.54609
3.5597
3.56315
3.56226
3.55862
3.55039
3.56544
3.53805
3.57972
3.55973
3.57281
3.57835
3.58626
3.56547
3.58513
3.58426
3.58573
3.60928
3.59779
3.62355
3.60654
3.60303
3.62184
3.63872
3.59969
3.64263
3.62565
3.64783
3.62592
3.64605
3.65135
3.66367
3.66885
3.66127
3.65802
3.65339
3.65484
3.66504
3.69863
3.69788
3.71021
3.69151
3.68932
3.68073
3.71353
3.71237
3.69347
3.73198
3.71635
3.71714
3.71608
3.70775
3.70461
3.70519
3.72884
3.70823
3.68627
3.6796
3.69797
3.66451
3.66062
3.65442
3.61708
3.58335
3.54947
