3.41228
3.65746
3.76495
3.83439
3.87762
3.9071
3.92217
3.91987
3.9294
3.91592
3.9064
3.89913
3.88792
3.8531
3.84114
3.8245
3.80223
3.77821
3.75917
3.73677
3.7084
3.69113
3.66677
3.65286
3.62565
3.59806
3.59539
3.56923
3.54444
3.52529
3.52519
3.50482
3.48661
3.46476
3.44893
3.44942
3.42216
3.41983
3.40023
3.40198
3.38199
3.38084
3.37104
3.36526
3.3618
3.36128
3.35307
3.35043
3.35452
3.34956
3.34793
3.35063
3.34585
3.35307
3.35018
3.35306
3.355
3.37483
3.36292
3.37096
3.37831
3.37636
3.37276
3.40142
3.40154
3.39897
3.40841
3.43182
3.43525
3.43424
3.44407
3.46848
3.45673
3.46777
3.48508
3.48916
3.49254
3.51911
3.53252
3.53375
3.5468
3.5562
3.56087
3.5794
3.5865
3.58736
3.60947
3.61894
3.61896
3.6515
3.64668
3.64421
3.68408
3.68728
3.6817
3.70924
3.72146
3.71591
3.73568
3.73495
3.73798
3.76665
3.75317
3.77809
3.79454
3.79105
3.78054
3.78696
3.81599
3.82937
3.82355
3.82655
3.82227
3.83147
3.85159
3.85749
3.85391
3.85447
3.84986
3.8741
3.85892
3.85827
3.88437
3.89319
3.87395
3.89263
3.85481
3.88288
3.88171
3.89293
3.88494
3.88101
3.88632
3.89617
3.88698
3.88651
3.8996
3.89696
3.8911
3.88392
3.86472
3.88678
3.88485
3.88305
3.86064
3.86145
3.86515
3.85435
3.87035
3.84722
3.84456
3.84085
3.84705
3.83882
3.83219
3.83556
3.82918
3.8128
3.817
3.82278
3.79866
3.81401
3.80203
3.78746
3.77389
3.77292
3.76122
3.77928
3.74795
3.72612
3.75134
3.72595
3.7271
3.71361
3.70591
3.71247
3.70807
3.68959
3.69629
3.68471
3.71004
3.67856
3.66932
3.65903
3.66307
3.63442
3.63427
3.64822
3.62729
3.63749
3.61743
3.61926
3.61734
3.60699
3.58489
3.58498
3.57791
3.57857
3.57067
3.56955
3.57739
3.55561
3.58439
3.56051
3.56405
3.56339
3.55577
3.56189
3.54601
3.54276
3.55284
3.54147
3.55208
3.54368
3.53466
3.55414
3.55419
3.54706
3.54398
3.54765
3.55138
3.5399
3.53334
3.55386
3.55893
3.53731
3.55998
3.55093
3.53083
3.54656
3.53837
3.52764
3.5225
3.5321
3.53754
3.53613
3.53951
3.54048
3.51765
3.53672
3.54552
3.55332
3.53317
3.5288
3.51051
3.52706
3.52985
3.54068
3.53776
3.53483
3.54159
3.54717
3.56206
3.54629
3.54406
3.54377
3.53905
3.53889
3.56479
3.56208
3.5309
3.5324
3.54278
3.54952
3.53272
3.5442
3.52183
3.55381
3.57153
3.5658
3.55534
3.55892
3.55647
3.58026
3.58105
3.55078
3.58133
3.56003
3.56936
3.56731
3.56044
3.56906
3.58685
3.57803
3.57214
3.57692
3.58674
3.58573
3.58769
3.5668
3.60169
3.61426
3.60443
3.57493
3.58249
3.59149
3.58288
3.5999
3.60682
3.60765
3.62831
3.59703
3.62015
3.62101
3.58924
3.59864
3.60762
3.58352
3.60271
3.59804
3.60865
3.60849
3.60778
3.61185
3.64449
3.6123
3.63496
3.62489
3.62061
3.62937
3.62439
3.64523
3.62396
3.62418
3.64219
3.61112
3.64035
3.61331
3.63454
3.60749
3.64034
3.60952
3.63681
3.64339
3.65629
3.64733
3.65461
3.6348
3.65246
3.64139
3.65558
3.68226
3.65686
3.66844
3.65387
3.65576
3.67436
3.69045
3.68542
3.66307
3.66498
3.68287
3.6778
3.69515
3.72113
3.7239
3.70917
3.70259
3.73065
3.70612
3.71845
3.74272
3.72311
3.72608
3.76175
3.7631
3.77043
3.77235
3.77766
3.77496
3.79437
3.79627
3.75551
3.78657
3.80274
3.80066
3.81773
3.78746
3.81983
3.81101
3.82183
3.82137
3.82732
3.82545
3.79334
3.82877
3.83798
3.82466
3.82817
3.81958
3.80167
3.81794
3.80102
3.79397
3.80538
3.77714
3.77036
3.74955
3.72592
3.70801
