3.56245
3.59132
3.59569
3.59347
3.58775
3.59101
3.58489
3.57343
3.56649
3.557
3.55062
3.55352
3.53991
3.53092
3.52674
3.52403
3.5132
3.51271
3.49088
3.48845
3.48594
3.47868
3.46959
3.47312
3.45585
3.46587
3.4489
3.4453
3.44695
3.44039
3.4432
3.43448
3.44382
3.43343
3.43014
3.42562
3.41208
3.41969
3.42005
3.4192
3.42284
3.42311
3.42317
3.4168
3.43014
3.41806
3.42447
3.43184
3.43365
3.43585
3.42685
3.43488
3.43497
3.44762
3.4443
3.44515
3.46618
3.4581
3.46467
3.46807
3.46576
3.47938
3.4634
3.48937
3.49682
3.49171
3.50676
3.50455
3.5075
3.51186
3.51574
3.53219
3.54219
3.53204
3.52433
3.55009
3.55609
3.54984
3.55891
3.56628
3.56072
3.5679
3.57486
3.57138
3.57997
3.58063
3.58695
3.60487
3.5989
3.61145
3.61401
3.61875
3.61177
3.61638
3.62612
3.61809
3.6194
3.6365
3.6394
3.63436
3.62828
3.63472
3.63838
3.6363
3.64166
3.64885
3.64529
3.62977
3.63773
3.63481
3.6411
3.64015
3.64628
3.63298
3.63775
3.6297
3.63469
3.64502
3.63735
3.62808
3.6328
3.63648
3.63802
3.62573
3.62023
3.61058
3.63897
3.63566
3.6453
3.62362
3.6029
3.63616
3.62158
3.62475
3.60653
3.61241
3.60953
3.60062
3.60577
3.59795
3.60141
3.58929
3.58646
3.57701
3.57947
3.5828
3.57594
3.56848
3.56792
3.57555
3.56564
3.56017
3.55114
3.53789
3.53883
3.55127
3.54734
3.52757
3.55682
3.53263
3.5263
3.529
3.53113
3.54028
3.52265
3.52533
3.5092
3.50599
3.51429
3.50105
3.51024
3.49891
3.49868
3.49778
3.50894
3.49968
3.49539
3.49167
3.50174
3.50516
3.5046
3.49089
3.48784
3.49392
3.50463
3.49151
3.49315
3.48431
3.48616
3.49376
3.49225
3.50245
3.48153
3.50279
3.4803
3.50277
3.48684
3.48398
3.49211
3.49531
3.4881
3.47258
3.50638
3.49442
3.49462
3.46465
3.48866
3.49042
3.49752
3.4972
3.50015
3.50047
3.49165
3.50397
3.50968
3.52655
3.48865
3.49711
3.48483
3.51203
3.50274
3.50209
3.52363
3.506
3.52243
3.5047
3.50519
3.48864
3.52524
3.51985
3.51288
3.49924
3.50768
3.49676
3.51004
3.50565
3.48859
3.51995
3.51062
3.50934
3.51509
3.50919
3.52454
3.51013
3.52964
3.50876
3.51118
3.50503
3.50247
3.51482
3.49198
3.50514
3.51082
3.51661
3.5226
3.5175
3.52439
3.5346
3.52127
3.53257
3.50525
3.52904
3.50923
3.49832
3.5207
3.49121
3.50171
3.5011
3.52408
3.50615
3.53378
3.47557
3.4953
3.52004
3.49932
3.50627
3.54052
3.48824
3.52707
3.51301
3.50719
3.49293
3.49613
3.50988
3.49875
3.50359
3.51015
3.48254
3.49505
3.48079
3.49876
3.49493
3.4896
3.51122
3.49655
3.49002
3.50446
3.4816
3.48159
3.47752
3.52159
3.47786
3.45775
3.48066
3.46034
3.49367
3.4739
3.48387
3.49218
3.48079
3.47115
3.48409
3.47004
3.4561
3.47522
3.47219
3.4909
3.4636
3.47966
3.46767
3.46715
3.46421
3.48542
3.4571
3.4644
3.4641
3.44683
3.46917
3.44873
3.42712
3.46769
3.46207
3.48052
3.45792
3.47796
3.4696
3.45788
3.48206
3.46521
3.45884
3.46997
3.47
3.46055
3.46903
3.47703
3.48802
3.48827
3.49448
3.47309
3.50992
3.49526
3.49077
3.4937
3.49544
3.5299
3.49712
3.52991
3.52349
3.53508
3.53562
3.54201
3.53587
3.53815
3.53654
3.55414
3.54335
3.56513
3.59574
3.58259
3.58502
3.59178
3.59412
3.5872
3.59051
3.6068
3.62491
3.62809
3.6117
3.62159
3.61636
3.63557
3.63774
3.62891
3.64566
3.65372
3.64082
3.65076
3.63371
3.65963
3.63726
3.63355
3.64741
3.6433
3.6289
3.63818
3.62489
3.59721
3.59017
3.55735
3.49494
