4.85639
4.71745
4.6161
4.54778
4.48346
4.43836
4.39287
4.35778
4.32493
4.30864
4.28927
4.26978
4.25562
4.26012
4.25551
4.24329
4.22448
4.22915
4.20698
4.22847
4.21349
4.2134
4.21088
4.22239
4.20114
4.19833
4.21862
4.22906
4.22457
4.22114
4.2082
4.22206
4.19755
4.21688
4.22238
4.24833
4.22864
4.25396
4.25621
4.24162
4.24052
4.24278
4.29625
4.26232
4.24561
4.26476
4.27695
4.23096
4.26879
4.27888
4.27829
4.2983
4.30239
4.28432
4.29071
4.29718
4.31793
4.28995
4.31627
4.31871
4.3538
4.36399
4.34495
4.33757
4.32438
4.33414
4.32607
4.34097
4.35154
4.38492
4.33663
4.36967
4.40328
4.39151
4.38846
4.39264
4.39335
4.3963
4.38032
4.40067
4.41235
4.40661
4.42825
4.40242
4.40537
4.4268
4.46043
4.41089
4.39517
4.40399
4.42006
4.44499
4.4296
4.45077
4.41529
4.40508
4.41101
4.46567
4.41935
4.43342
4.46383
4.45854
4.43813
4.43931
4.46048
4.46728
4.43902
4.47345
4.45435
4.48035
4.44902
4.46312
4.46723
4.47232
4.47148
4.44534
4.46728
4.43207
4.41662
4.49166
4.44152
4.46895
4.45405
4.45682
4.44906
4.48194
4.46528
4.42292
4.4413
4.43118
4.41228
4.41184
4.40801
4.43295
4.45887
4.45065
4.43476
4.45716
4.44267
4.41453
4.45841
4.43566
4.42822
4.42546
4.44569
4.4097
4.42998
4.4495
4.42693
4.40782
4.42157
4.41297
4.40163
4.42419
4.40643
4.39005
4.40142
4.41609
4.42613
4.4321
4.44567
4.41936
4.44775
4.39997
4.42133
4.40378
4.43061
4.42483
4.4039
4.42458
4.41396
4.42592
4.41313
4.3711
4.39712
4.40706
4.40764
4.4092
4.41507
4.39688
4.40808
4.41714
4.41747
4.39929
4.37292
4.38784
4.41224
4.38758
4.40733
4.39171
4.3812
4.37166
4.41655
4.39158
4.40491
4.4122
4.39992
4.41007
4.39967
4.39536
4.3993
4.39661
4.3884
4.37447
4.42025
4.41652
4.40487
4.38389
4.41277
4.44132
4.40155
4.42761
4.44302
4.42657
4.38594
4.42657
4.41974
4.43296
4.45111
4.40647
4.39582
4.41726
4.41641
4.42507
4.43967
4.43586
4.42381
4.43208
4.46508
4.41877
4.43272
4.45702
4.45328
4.42238
4.41732
4.43555
4.45709
4.46991
4.44541
4.48472
4.45192
4.42814
4.43546
4.48868
4.47227
4.48531
4.49272
4.48653
4.48818
4.46313
4.47851
4.49195
4.44584
4.42638
4.4848
4.50866
4.50494
4.46677
4.47858
4.53936
4.44392
4.49625
4.5181
4.46981
4.47288
4.48219
4.53387
4.48415
4.5229
4.53235
4.47896
4.50866
4.45125
4.5209
4.49446
4.45457
4.49574
4.50125
4.52954
4.50757
4.49672
4.53429
4.50037
4.49541
4.48754
4.49156
4.53271
4.48548
4.49558
4.54954
4.55227
4.48464
4.47509
4.45901
4.46564
4.4613
4.49715
4.45227
4.45215
4.48506
4.48243
4.45516
4.49524
4.45202
4.48766
4.47137
4.43462
4.4432
4.45348
4.45605
4.40898
4.41287
4.40444
4.40796
4.43919
4.411
4.3848
4.39188
4.39436
4.40958
4.3894
4.40326
4.41372
4.36137
4.35601
4.36948
4.40171
4.33984
4.3752
4.33264
4.34365
4.36153
4.39027
4.33656
4.31723
4.31858
4.31901
4.32557
4.28631
4.34196
4.30103
4.29509
4.29283
4.27172
4.26024
4.26357
4.2705
4.27888
4.25554
4.25759
4.25297
4.24274
4.22491
4.21763
4.23904
4.26604
4.22427
4.23528
4.21675
4.20163
4.23723
4.21465
4.23717
4.22581
4.20858
4.20843
4.21143
4.20085
4.2105
4.19876
4.19279
4.20274
4.1874
4.20165
4.19206
4.20114
4.22901
4.19392
4.20781
4.20416
4.20485
4.20352
4.22084
4.21126
4.20441
4.24117
4.24611
4.24724
4.25509
4.28197
4.29259
4.31848
4.3458
4.37587
4.41069
4.46318
4.52539
4.60427
4.70879
4.85591
