4.78314
4.74005
4.68375
4.66288
4.63414
4.61175
4.57883
4.57128
4.57292
4.54359
4.54594
4.53479
4.54844
4.52606
4.52489
4.53977
4.52483
4.52773
4.49074
4.50003
4.51184
4.50905
4.48326
4.52124
4.5007
4.51577
4.52922
4.49076
4.48266
4.5092
4.53478
4.52086
4.47928
4.50011
4.49998
4.52474
4.52559
4.5057
4.48303
4.49165
4.5178
4.51665
4.50359
4.51848
4.52453
4.50722
4.49602
4.51317
4.50806
4.489
4.53874
4.52742
4.52076
4.53145
4.5229
4.54495
4.5155
4.51726
4.53592
4.52445
4.51892
4.54201
4.54639
4.57903
4.55737
4.55411
4.55025
4.541
4.55382
4.56025
4.50871
4.56162
4.55257
4.55913
4.52286
4.57951
4.56349
4.56644
4.56258
4.58003
4.60084
4.57491
4.61395
4.57346
4.5734
4.6125
4.59697
4.57956
4.54609
4.55342
4.5909
4.59798
4.59475
4.57709
4.62888
4.60953
4.64673
4.61839
4.61771
4.58655
4.61471
4.6297
4.59341
4.59258
4.62116
4.61271
4.58448
4.637
4.66034
4.61002
4.60911
4.64465
4.56275
4.62068
4.60671
4.60227
4.59781
4.62672
4.6242
4.63952
4.62505
4.5841
4.5775
4.5714
4.60702
4.61367
4.5695
4.57948
4.60152
4.62282
4.54701
4.60641
4.59631
4.62874
4.57047
4.57988
4.61247
4.56993
4.59085
4.5806
4.61277
4.59794
4.53061
4.60454
4.59504
4.56716
4.55299
4.61473
4.56863
4.60583
4.57595
4.55677
4.58657
4.5441
4.60821
4.55484
4.60751
4.59594
4.57437
4.59245
4.58699
4.58235
4.56545
4.61553
4.60135
4.57555
4.57906
4.54944
4.55619
4.56031
4.56355
4.57684
4.56588
4.55314
4.56483
4.58406
4.58078
4.60089
4.55798
4.58176
4.54549
4.55234
4.56254
4.58286
4.58015
4.55156
4.60161
4.5831
4.57322
4.56935
4.5825
4.59165
4.53941
4.60387
4.58728
4.57062
4.57817
4.5836
4.56382
4.58434
4.60706
4.58948
4.55777
4.5729
4.58268
4.57871
4.61771
4.55747
4.60876
4.6196
4.60323
4.58688
4.61773
4.60837
4.60894
4.61209
4.58629
4.65889
4.62562
4.61295
4.6223
4.62816
4.64028
4.6483
4.60506
4.66306
4.65596
4.63374
4.63131
4.6788
4.62296
4.63025
4.61705
4.64575
4.664
4.67012
4.6438
4.65287
4.66044
4.65336
4.68271
4.63686
4.71705
4.70065
4.67122
4.69144
4.63709
4.67453
4.63634
4.66769
4.64861
4.68484
4.66546
4.68691
4.72848
4.71219
4.70205
4.67264
4.69263
4.69543
4.71416
4.6738
4.63503
4.70871
4.6986
4.66974
4.67343
4.64922
4.65305
4.68662
4.75101
4.6629
4.69174
4.70948
4.72577
4.72801
4.70256
4.70136
4.72969
4.69267
4.70431
4.64704
4.70901
4.68792
4.71434
4.67569
4.68871
4.66403
4.63482
4.70775
4.67631
4.70981
4.675
4.66169
4.65402
4.63629
4.59662
4.66632
4.63835
4.65542
4.61415
4.67178
4.596
4.64673
4.63873
4.65431
4.66421
4.64843
4.57464
4.5909
4.58437
4.61775
4.60698
4.59986
4.58455
4.56235
4.57163
4.58506
4.574
4.57648
4.59939
4.54534
4.54995
4.53443
4.48784
4.51804
4.53369
4.49238
4.53193
4.54336
4.52001
4.54325
4.53788
4.51534
4.48669
4.51197
4.51607
4.49557
4.46124
4.51249
4.47638
4.48379
4.47192
4.46133
4.46137
4.46578
4.50207
4.47769
4.46071
4.47249
4.47159
4.48905
4.44288
4.47628
4.49959
4.49263
4.47266
4.51147
4.47688
4.50089
4.51058
4.46218
4.51083
4.50113
4.49548
4.49806
4.51042
4.52184
4.49474
4.50395
4.51351
4.49641
4.53265
4.53817
4.5429
4.56435
4.53224
4.57241
4.56476
4.58083
4.57961
4.56499
4.59157
4.58654
4.59458
4.6043
4.58599
4.60821
4.6113
4.62705
4.63151
4.62595
4.62823
4.63782
4.63849
4.64013
4.63371
4.63857
4.63617
4.61062
