4.79524
4.75495
4.72744
4.68377
4.66851
4.65122
4.64365
4.62034
4.63423
4.60225
4.61339
4.60129
4.63288
4.59499
4.61419
4.62209
4.60739
4.6313
4.60135
4.63224
4.61803
4.63031
4.63902
4.63373
4.63385
4.58932
4.64679
4.6345
4.62478
4.62923
4.61052
4.61553
4.64131
4.63051
4.64866
4.6493
4.64831
4.63098
4.62768
4.62912
4.6583
4.62789
4.6594
4.59898
4.64794
4.65478
4.6948
4.64256
4.64176
4.66507
4.60957
4.63206
4.66163
4.67832
4.64601
4.69027
4.68678
4.65169
4.68277
4.62894
4.69699
4.66167
4.70306
4.69302
4.72851
4.70087
4.68419
4.69823
4.71928
4.67072
4.68162
4.65786
4.69408
4.6817
4.6916
4.66797
4.70534
4.72719
4.70087
4.70585
4.74287
4.7344
4.7231
4.6853
4.71091
4.7134
4.70859
4.74389
4.67085
4.70695
4.70984
4.71494
4.70272
4.68931
4.71586
4.78057
4.70284
4.75157
4.67861
4.70074
4.75283
4.68593
4.70158
4.71997
4.71333
4.68049
4.72958
4.68431
4.6626
4.69857
4.68952
4.72215
4.69202
4.7278
4.7079
4.68544
4.71307
4.64295
4.68599
4.68424
4.67271
4.66416
4.6742
4.65816
4.69626
4.63788
4.71319
4.67206
4.6629
4.65431
4.67269
4.65859
4.63285
4.67798
4.66862
4.63573
4.62694
4.69534
4.63607
4.6178
4.64999
4.64761
4.68248
4.6144
4.63023
4.66073
4.57102
4.65809
4.61595
4.60391
4.60115
4.63931
4.61351
4.61364
4.61102
4.62056
4.5974
4.59951
4.58653
4.60402
4.62573
4.6016
4.67941
4.65132
4.61007
4.62207
4.59821
4.58559
4.56011
4.65329
4.61249
4.64002
4.62869
4.62353
4.5958
4.5933
4.63271
4.60933
4.62503
4.59571
4.60765
4.60187
4.61978
4.60308
4.62195
4.62937
4.62492
4.59918
4.59765
4.62651
4.62409
4.63383
4.6401
4.59763
4.64027
4.63025
4.64378
4.63294
4.61852
4.63953
4.62307
4.62837
4.67073
4.62316
4.66364
4.65219
4.63909
4.64571
4.64582
4.60573
4.64187
4.66104
4.65955
4.63195
4.65651
4.68088
4.63813
4.65652
4.65194
4.69257
4.68108
4.69536
4.68863
4.71982
4.69096
4.69227
4.71787
4.70656
4.74536
4.73571
4.68429
4.7368
4.71773
4.73887
4.72565
4.69697
4.72261
4.74866
4.747
4.78868
4.76164
4.76306
4.75193
4.73297
4.77649
4.74788
4.75349
4.83306
4.7853
4.77246
4.81145
4.79125
4.74955
4.78867
4.71546
4.7591
4.80087
4.80181
4.80128
4.8322
4.74969
4.83095
4.79573
4.76275
4.79763
4.75561
4.80755
4.82291
4.80566
4.81175
4.80601
4.74533
4.73826
4.79564
4.81436
4.84254
4.79142
4.88889
4.76875
4.78276
4.81493
4.79919
4.82066
4.80272
4.80768
4.77949
4.80166
4.78629
4.78846
4.74596
4.779
4.83069
4.77814
4.78615
4.7706
4.74666
4.78166
4.76142
4.72117
4.75414
4.69953
4.77411
4.71019
4.79073
4.75661
4.75304
4.73159
4.79479
4.7018
4.71581
4.69291
4.71584
4.71434
4.65016
4.66618
4.70507
4.6754
4.65375
4.69843
4.65385
4.65228
4.67918
4.66169
4.65623
4.66901
4.65722
4.66844
4.59821
4.62401
4.61484
4.63849
4.63266
4.64106
4.6224
4.5812
4.59219
4.6236
4.54716
4.58978
4.6155
4.59939
4.61843
4.58184
4.59695
4.61806
4.60515
4.55663
4.57887
4.58399
4.60732
4.60358
4.61953
4.60711
4.58918
4.58343
4.59936
4.52617
4.60257
4.62113
4.57165
4.59858
4.62833
4.64893
4.62202
4.61222
4.61859
4.6608
4.65779
4.68178
4.69258
4.69127
4.68071
4.69561
4.70254
4.68344
4.73281
4.71155
4.7303
4.74882
4.73859
4.78191
4.74517
4.7738
4.76547
4.80301
4.75554
4.79596
4.80465
4.80992
4.81765
4.82754
4.82305
4.80799
4.80092
4.79285
4.75953
4.74817
4.70364
4.65699
4.53396
