 4474.579736
 4427.912961
 4353.714667
 4323.652385
 4275.798013
 4374.839091
 418.643643
 382.161955
 365.373048
 339.785609
 410.935550
 364.020547
 358.739746
 349.033981
 372.987772
 347.387790
 342.256159
 362.310874
 357.392581
 341.941488
 328.198547
 1082.474798
 992.198985
 946.277433
 878.708243
 1068.881233
 1093.351044
 942.897998
 928.318980
 897.627998
 964.790839
 1001.699538
 931.383603
 889.933115
 867.614021
 927.653596
 958.442944
 913.768823
 885.378618
 909.765106
 871.131162
 880.522444
 879.386476
 860.129933
 905.235276
 829.283718
 1076.244755
 956.993265
 924.061404
 879.234162
 840.838620
 1909.510170
 1727.262084
 1653.131677
 1549.697546
 1869.853564
 1943.819257
 1616.803175
 1590.027543
 1539.199861
 1641.976941
 1744.461299
 1562.814899
 1512.603210
 1456.573326
 1550.725656
 1660.065772
 1501.471105
 1473.291944
 1509.261405
 1445.924596
 1485.108058
 1416.744225
 1381.747183
 1451.668160
 1342.449321
 1890.355766
 1609.125643
 1553.109546
 1496.505568
 1442.529528
 1719.609416
 1730.450933
 1764.113710
 1786.510002
 1827.202792
 1756.959426
 701.811493
 733.796286
 749.261193
 768.407695
 717.148993
 738.995122
 746.998982
 754.771988
 732.924134
 754.415615
 758.284794
 739.651664
 758.512389
 757.882091
 770.641384
 285.915907
 291.090025
 296.104360
 303.806395
 287.094084
 293.918765
 296.456566
 301.715558
 291.369282
 301.131793
 305.383686
 295.521064
 304.427190
 300.931726
 307.280342
