3.27531
3.28336
3.35753
3.35702
3.45702
3.42704
3.44994
3.38389
3.42247
3.37119
3.48608
3.47257
3.422
3.58637
3.47808
3.51444
3.47201
3.54235
3.57828
3.59628
3.41796
3.58893
3.52575
3.70881
3.50671
3.64091
3.5593
3.53028
3.53684
3.49074
3.63467
3.47143
3.50246
3.41921
3.4899
3.42272
3.62737
3.79384
3.56327
3.6263
3.56863
3.57682
3.61716
3.62901
3.60767
3.58814
3.48981
3.75047
3.5444
3.49385
3.56182
3.72391
3.53724
3.83116
3.49481
3.83406
3.79707
3.38976
3.40575
3.49678
3.72241
3.38215
3.60774
3.60103
3.85276
3.8188
3.54848
3.3553
3.61354
3.41466
3.61116
3.7619
3.59233
3.82492
3.69443
3.90705
3.26239
3.55317
3.61249
3.37439
3.76657
3.60779
3.66149
3.68887
3.44396
3.53181
3.7239
3.40965
3.5451
3.39346
3.53548
3.58602
3.48354
3.62843
4.12205
3.48308
3.67961
3.3738
3.59103
3.87916
3.6041
3.60304
3.4773
3.52811
3.77863
3.54146
3.50861
3.60798
3.61075
3.45524
3.3599
3.52566
3.81648
3.52931
3.75574
3.33974
3.73493
3.43342
3.49388
3.3761
3.63236
3.45458
3.80307
3.32504
3.5573
3.7826
3.50606
3.45801
3.52745
3.31774
3.72539
3.28501
3.4118
3.49095
3.24705
3.35659
3.79902
3.57786
3.60648
3.62423
3.53382
3.42381
3.58042
3.47383
3.54377
3.4632
3.70382
3.41401
3.52963
3.44376
3.492
3.49293
3.43201
3.62093
3.31948
3.33335
3.77069
3.70911
3.35572
3.41655
3.68733
3.37808
3.46063
3.42151
3.52802
3.4377
3.43798
4.00415
3.43986
3.66031
3.33397
3.62085
3.34083
3.46752
3.62231
3.52188
3.39992
3.38072
3.55542
3.43788
3.68692
3.74256
3.31949
3.71004
3.40034
3.62224
3.57717
3.49131
3.44171
3.70276
3.50206
3.45457
3.58413
3.46486
3.64871
3.74202
3.61329
3.48348
3.42864
3.69195
3.41966
3.59276
3.52462
3.45982
3.65378
3.46959
3.53822
3.77765
3.57376
3.93497
3.54937
3.64627
3.41822
3.53925
3.61508
3.80433
3.99352
3.63903
3.60044
3.58487
3.43743
3.62944
3.62376
3.40963
3.417
3.67651
3.41164
3.38047
3.45746
3.85506
3.34586
3.82094
3.44693
3.51055
3.48153
3.51995
3.42151
3.5494
3.52923
3.65568
3.48882
3.2558
3.49
3.655
3.31754
3.78871
3.82024
3.15348
3.64735
3.97773
3.84123
3.63499
3.61175
3.51327
3.55687
3.74652
3.9926
3.87059
3.6984
3.75373
3.44516
3.75934
3.59551
4.03841
3.94449
3.45139
3.37468
3.33971
3.84906
3.78949
3.48602
3.77456
3.85882
3.57652
3.48705
3.36731
3.88114
3.31827
3.3134
4.1787
3.95912
3.39312
3.83638
3.8416
3.70153
3.45672
3.22079
3.67344
3.69381
3.39082
3.79156
3.49031
3.45973
3.58535
4.08884
3.86371
3.66441
3.69423
3.47462
3.61606
3.34679
3.93236
3.20865
3.62969
4.07109
3.53413
3.50402
3.79039
3.85866
3.6255
3.43523
3.96875
3.71662
3.56775
3.37799
3.35238
3.73748
3.56274
3.29825
3.7447
3.42856
3.84591
3.5096
3.5832
3.46785
4.00936
3.37211
3.59123
3.38957
3.65082
3.46351
4.15856
3.40207
3.54463
3.35354
3.40228
3.41164
3.61708
3.71125
3.43983
4.01185
3.61689
3.62627
3.24227
3.51139
3.4368
3.34456
3.70475
3.86933
3.70066
3.58525
3.87968
3.58987
3.68388
3.67058
3.68998
3.30364
3.63044
3.67274
3.32192
3.41717
4.15959
3.53646
3.56813
3.54406
3.66592
3.49979
3.51154
3.78875
3.73999
3.69187
3.81397
3.62451
3.57799
3.54392
3.50667
3.32835
3.78665
3.43796
3.56806
3.48025
3.63175
3.61872
3.52393
3.69871
3.40613
3.57627
3.64669
3.55433
3.57836
3.45499
3.66367
3.86783
3.67615
3.64157
3.55165
3.51597
3.63972
3.5753
3.65113
