4.42674
4.24074
4.24532
4.15636
4.2366
4.15613
3.8114
3.72267
4.0773
3.86998
3.76862
3.92903
3.73912
3.76658
3.78171
3.92235
3.63744
3.90199
3.78364
3.44648
3.99066
3.74493
3.6516
3.61878
3.78187
3.48003
3.54524
3.65298
3.55109
3.73195
3.7752
4.10853
3.95631
3.68417
3.6364
3.87333
3.60548
3.82927
3.61643
3.85627
3.53513
3.79261
3.65613
4.28619
4.16119
3.85282
3.76139
3.78853
4.78279
3.60855
3.61511
3.89072
3.98434
4.09982
3.70993
3.62528
4.02378
3.8492
4.09366
4.05417
3.74545
3.53602
3.64308
4.25575
3.65795
3.82005
3.74222
4.16568
3.6942
3.88342
3.8745
4.40488
4.07837
3.94358
4.08995
3.85349
4.37361
3.87141
3.77234
4.28204
4.27827
3.9731
3.99729
4.16226
3.74626
4.08131
4.36806
3.6316
4.25807
3.74949
4.62103
4.18579
3.73542
3.97752
3.76406
3.95748
3.88998
4.60032
4.4157
3.79617
4.1546
3.7382
3.9266
3.49997
3.65517
4.3344
3.71762
3.7174
4.38043
3.58312
3.66563
3.94114
4.31922
3.75438
3.95363
3.72109
3.87138
3.77425
3.83584
4.60387
3.83027
4.3731
4.14714
3.60643
4.01681
4.22005
3.86567
4.07344
3.74696
4.08549
4.02925
3.80369
3.97051
4.36914
3.56412
4.03684
3.75725
3.98215
3.947
3.85654
3.8421
3.73308
4.12065
3.82157
3.7364
4.23222
4.39764
3.82057
3.87358
3.85563
3.79472
4.19395
3.59218
3.73075
4.00891
3.74711
4.59112
3.98747
4.01496
3.73898
3.7988
4.10462
4.62626
3.70071
4.00868
4.43177
3.74041
3.91915
3.95358
4.36127
3.73365
4.30341
3.82591
3.79367
3.78035
3.78541
3.68045
4.18463
3.63772
3.95674
3.744
4.00799
3.91678
3.84027
3.96594
3.78431
3.81675
3.48591
3.75901
3.66864
3.77982
4.28792
4.09966
4.00401
3.94446
3.74001
3.81537
3.74794
3.67546
3.70266
3.55972
3.87025
3.68844
3.99685
3.9583
3.71207
3.83126
3.94643
4.13741
3.83568
3.79741
4.54346
3.9107
3.99099
4.09415
3.70634
4.12764
3.92657
3.85682
3.96526
3.72074
3.85291
4.05447
3.94433
3.85024
3.96783
4.05193
3.73844
3.65555
3.74227
4.1726
4.01959
4.37407
3.68706
3.85782
5.00678
3.76493
3.66014
4.07437
4.58767
4.08242
4.05188
4.34966
3.94036
3.9007
inf
3.79604
4.3721
3.60961
4.06454
3.85164
4.31717
3.79248
3.79119
3.88909
3.8081
3.74889
3.67881
3.67403
3.56113
3.94236
3.7999
4.27123
4.58206
4.97012
3.66248
3.49197
3.91792
3.77535
3.86316
3.87776
3.66134
3.97569
3.66328
4.11165
3.89831
3.57558
3.66187
3.58564
4.08604
3.58698
4.11048
3.98006
3.73373
4.18934
3.93039
3.75998
4.04979
3.79453
3.86323
4.55535
3.85373
3.90376
3.69159
3.93915
3.85375
4.11925
4.01279
3.65076
3.94692
3.79308
4.56
3.91849
4.3185
4.50808
4.31218
4.24409
3.99276
3.51677
4.58978
3.86574
3.90307
3.7389
3.71416
3.93472
4.58612
4.19597
4.04129
4.34862
4.00653
3.84748
4.02651
3.93762
4.07874
3.73507
4.61712
3.88729
4.09892
4.09394
3.82889
4.03388
3.84325
3.70029
4.23253
3.60546
3.75749
3.7385
4.04869
4.23929
3.88527
3.93081
4.60122
4.40505
3.96695
4.181
3.79628
3.72937
4.01957
3.96209
3.8857
3.91467
4.03614
3.91933
3.89404
4.00811
3.88436
3.72075
4.09711
3.8084
3.82525
4.24769
3.78402
4.25714
4.4854
3.71221
4.13726
4.01951
4.42799
3.80581
4.61726
3.88059
4.17218
3.85543
3.90296
4.098
3.96877
4.09834
4.05778
4.26507
3.88973
3.89009
4.40312
3.80171
3.94227
3.92643
3.85158
3.93157
4.14065
4.11196
3.94958
4.06112
3.91102
4.10816
4.02337
4.06641
4.11616
4.12891
4.20975
4.29101
4.29176
