4.50731
4.48301
4.44328
4.39458
4.41789
4.74
4.09972
4.06824
4.08347
4.33215
4.32049
4.24662
4.24957
3.98024
3.97377
4.30774
4.12213
4.14587
3.71352
4.30313
3.97138
4.05678
3.88183
3.78104
3.98048
4.35502
3.8702
3.89024
4.54162
4.00947
4.50473
3.93093
4.41828
4.03485
3.98958
4.18824
3.72179
4.21085
4.14162
4.03887
4.30398
5.21846
4.0309
3.92745
4.24188
3.88908
4.07055
3.99615
4.45935
5.09054
4.6194
3.78318
4.46809
4.07719
4.24909
4.10234
4.22856
3.68447
4.31784
4.07307
4.62018
3.85606
4.37172
4.15827
4.36716
4.16164
4.35228
4.59875
4.25074
4.32605
4.13762
4.18286
4.56135
3.81376
4.59673
3.95907
4.28172
4.32927
4.94492
4.13937
4.38607
3.62929
4.37865
4.09033
4.05435
3.7941
4.81339
4.21636
4.26494
4.52835
4.1154
3.88903
4.00014
3.83808
4.20391
4.08926
4.39965
3.98837
4.20187
4.58966
inf
4.4514
3.60811
4.29858
3.89919
4.28413
4.9446
4.89103
4.48506
4.47889
4.44024
3.92279
5.00869
4.07776
4.82957
4.475
4.27389
4.84833
3.96187
4.54949
4.51842
4.28256
4.5708
3.99395
4.25325
4.92487
3.91688
4.19789
4.24399
3.96266
3.9996
4.50144
4.54952
3.79505
4.09173
4.52271
4.99564
3.74811
4.88798
5.05689
4.87952
3.89029
3.93682
4.93688
4.31057
4.13639
3.72588
4.2965
4.46211
4.16516
4.14222
4.12887
4.04041
inf
4.10895
4.92766
4.11067
4.11943
3.9331
3.99641
5.05201
3.93226
4.5952
4.57241
4.54726
4.59969
4.55998
3.91253
4.14954
3.98514
3.83154
4.35637
4.42998
4.12979
4.38113
4.15327
4.90466
4.24324
4.45766
4.44665
4.74872
5.13547
3.80061
4.66054
4.47518
3.78024
4.69108
4.55308
4.13282
4.22808
4.49158
4.8012
3.99408
4.13752
4.33712
4.00447
4.87218
4.37377
4.25221
4.23409
4.56633
4.22974
4.57972
4.227
4.33004
4.16227
4.3857
4.22909
4.40529
4.52929
3.99674
4.08258
4.31681
4.39881
4.0845
4.6758
4.42933
4.05792
4.49045
4.4025
4.61648
4.48911
inf
4.42803
4.61089
4.44145
3.7448
3.82136
5.096
5.05695
4.27385
4.47136
3.98436
4.64405
4.22856
4.24388
4.25125
4.60642
4.62899
4.28568
4.61198
inf
4.3795
3.89897
4.04285
inf
5.0024
4.47615
3.79275
4.98871
4.94696
4.98637
3.94194
4.08906
4.02207
4.34352
4.13909
4.36489
4.1342
3.83375
4.32747
4.20032
4.95318
3.90837
4.61148
4.36744
4.11448
4.30047
inf
4.93092
4.9841
5.0085
5.07174
4.10964
4.17655
4.46485
4.28876
4.14998
3.69141
4.50298
4.55319
3.50087
4.58046
4.30949
4.13224
inf
3.57347
4.81992
3.97954
3.85207
4.38468
4.49829
3.99891
4.36264
4.28202
4.14157
4.15847
4.596
5.00292
3.90702
4.5707
4.1409
4.31335
4.30229
5.00958
3.87397
4.54388
4.37585
inf
4.15384
4.21563
4.19696
4.22434
4.56879
4.12126
4.50318
4.13224
4.88623
4.67585
5.03734
4.20207
4.4077
4.32188
5.14285
4.50965
4.21236
4.22251
inf
3.81685
4.6617
3.63267
4.46879
4.44209
4.219
4.40105
4.10579
4.59165
4.70109
3.79832
5.10359
3.99743
4.14247
4.76097
4.48799
4.31428
4.51256
4.42934
4.75265
4.22838
4.52137
4.31466
4.39127
4.05617
4.10882
4.5012
inf
4.04309
4.40943
3.95897
3.85203
4.07817
4.13466
4.14519
4.15137
4.57803
4.65572
4.71927
4.55556
4.03088
4.406
4.78917
3.87206
4.27535
4.48678
3.8849
4.31011
4.22405
4.52076
4.49143
4.20953
4.41039
4.59163
4.25196
4.70017
4.46509
4.26972
4.19731
4.36647
4.30907
4.2676
4.82006
4.17836
4.37622
4.35497
4.49542
4.16878
4.13843
4.19742
4.16425
4.13464
