4.44074
4.33241
4.22673
4.05465
4.22025
4.19569
4.01068
4.06759
3.93289
3.99467
4.10743
3.98822
3.96579
4.13696
4.23362
4.06955
3.7397
3.85739
3.96594
4.09055
3.84994
4.26881
4.02914
4.09456
4.02327
4.13166
3.82186
3.84577
4.1545
3.98881
4.01482
4.11071
3.95611
3.94477
4.20561
4.25055
3.80334
3.89139
3.85496
3.96561
3.81104
4.18315
4.00443
4.09346
4.20461
3.69058
4.04482
4.30783
4.25585
4.08802
3.77461
4.42261
3.85299
3.89405
3.84012
3.96556
3.99494
4.14355
3.88873
3.99556
4.27188
4.28498
4.04502
4.1309
3.82846
4.08985
3.89544
4.29756
4.20573
4.3128
3.9781
3.83127
3.70668
4.71238
4.25428
4.31091
4.40945
3.72275
5.12734
3.88264
4.41888
4.43735
3.90258
3.92118
4.23886
4.58985
3.66149
4.19276
4.18094
4.35471
4.21005
4.4528
4.18844
3.84366
3.62104
4.10157
3.79077
3.65757
3.75199
4.20954
3.9577
3.89976
4.15532
3.92609
3.95059
4.59588
3.84645
4.30069
4.37981
4.63351
3.88974
3.84848
3.94044
4.3931
3.9676
4.21686
3.95977
4.60329
4.11778
3.77091
4.98957
4.59643
4.54081
3.74423
3.83178
4.04643
3.91864
3.8731
3.71432
4.369
4.48047
4.19867
4.32972
3.95437
3.82004
4.151
4.05565
4.37638
3.94567
4.34891
4.3859
3.69012
4.62444
3.62736
4.03491
4.13598
3.83207
3.70094
4.57938
4.21443
4.05886
4.07245
4.00066
4.09742
3.88446
4.23061
4.11193
3.98951
4.19062
3.88449
3.94615
4.12201
4.43905
3.99248
3.98312
3.74752
3.99277
3.83583
4.48292
4.07359
4.04609
4.27763
3.95274
3.96807
4.05987
3.91702
4.21434
3.9917
4.19631
4.0097
4.09919
4.08651
4.28958
3.74278
4.35872
4.21609
3.86238
4.39114
4.35672
4.38457
4.29572
4.86764
4.36434
3.6458
4.38223
4.13012
3.96003
4.33708
4.00227
4.01197
3.96126
4.23378
4.10682
4.0484
3.8434
4.70863
4.13279
4.11207
4.87499
4.03649
3.99869
3.97533
3.65238
4.20843
4.56191
3.97658
4.62456
4.34752
4.22278
4.07718
4.41273
3.95138
4.09249
4.09668
4.22081
4.12657
4.16204
4.17185
4.15844
4.0508
4.43964
4.00246
4.64155
4.28926
4.6037
4.62818
4.22238
3.94827
4.09068
3.70263
4.00243
4.21318
4.2527
4.10311
4.09559
4.43636
3.90889
4.40122
4.36178
4.0899
4.63546
4.34361
4.08095
4.0331
4.07562
4.22042
4.03408
4.94272
4.65494
3.80163
3.90405
4.06419
4.06766
4.31625
4.48963
4.12934
4.58896
4.62427
4.30295
4.32477
4.12168
3.90692
4.01408
4.04843
4.56728
4.37504
3.80474
4.1176
4.92972
4.033
4.39301
3.99709
4.15405
4.07897
4.98402
3.83451
4.13676
5.00011
3.88845
4.02737
3.96703
3.94564
4.97533
3.80438
4.54016
4.60007
4.58327
3.73776
4.37759
4.16748
4.02332
4.27823
4.61475
4.01236
4.29562
4.34417
4.14593
4.63858
4.13653
4.11376
4.25618
4.22614
4.39259
3.95642
4.14216
4.33835
4.32273
3.72019
4.37702
4.0752
4.58636
3.92509
4.19217
4.2191
4.37406
4.01172
4.09839
4.15454
4.98698
4.93622
4.06922
4.25254
4.27652
4.26208
4.26258
3.81021
3.8782
4.49558
4.34341
4.14218
4.32232
4.66706
4.3121
4.29493
4.16408
4.00494
4.13972
4.06108
inf
3.92145
4.04343
4.49314
3.94381
4.50856
4.0552
4.81842
4.0202
4.04659
3.94171
3.90475
4.13621
3.98378
3.84698
4.20632
4.12595
3.94619
3.94354
3.91998
3.86604
3.85656
4.25522
4.29199
4.3692
4.04173
4.05469
4.42297
4.19724
3.94442
4.42446
4.00519
4.37004
4.0048
4.08876
3.86448
3.85434
3.98007
4.06935
4.11594
4.04954
4.15625
4.00474
4.21573
4.0081
4.15335
4.18829
3.99941
4.13065
4.27068
4.35528
4.20401
