4.42019
4.29107
4.32605
4.23316
4.07569
4.24026
4.20192
4.33725
4.97921
4.19022
4.23611
4.48746
4.46326
4.37197
4.12295
4.51366
4.53889
4.61969
4.51822
4.56563
4.39823
3.87122
4.21734
4.4539
4.2287
4.03921
4.72555
4.07575
3.95743
4.54895
4.03777
4.21406
4.69354
4.48964
inf
4.48999
4.22401
5.27308
4.51705
4.49021
4.75407
4.56436
4.36514
4.18817
4.16862
4.5546
3.98416
4.12926
4.28824
4.62979
4.39764
5.22978
5.11119
4.40162
3.9204
3.95023
4.49939
4.42408
4.27189
4.97675
4.40568
5.08282
4.65058
4.15702
4.20563
5.02221
4.67094
4.53999
4.30584
3.94029
4.58048
4.52542
4.21184
4.03602
4.15737
4.98095
4.37012
4.31164
4.33758
4.91586
4.17713
5.00519
4.09924
inf
4.33144
4.57337
4.35581
4.37251
4.98873
4.6069
4.47991
4.98214
4.83687
4.12973
3.98511
4.33272
4.83762
3.97023
4.70069
3.92621
4.92344
4.86453
4.25675
4.38
4.38688
5.04034
4.61266
3.75355
4.08078
3.98935
5.06151
4.17817
4.85562
4.3188
inf
4.15219
4.15961
4.31138
4.15571
4.96624
3.87643
4.45657
4.47627
4.78811
inf
4.95433
4.98321
4.45263
3.82709
4.99137
4.58293
4.006
4.32403
3.86588
4.07715
4.84098
4.73296
5.05171
4.05296
4.13688
inf
4.51065
4.1395
4.97357
inf
4.2287
3.69735
4.60921
3.94352
4.13174
3.99389
4.04413
4.36178
4.62246
4.5884
4.57432
4.59893
4.01778
4.47634
4.03624
3.67267
inf
4.36171
5.00099
4.03295
4.20462
4.31364
4.04846
4.73105
4.99719
inf
4.36175
3.94458
4.18529
5.07418
4.38935
5.01554
4.65289
4.66388
4.16412
4.60838
4.46816
4.42588
5.21077
4.44777
4.76251
4.76834
4.49746
4.82084
4.14685
4.71263
4.5799
3.97153
4.40117
3.9603
4.53506
4.34556
4.35932
4.21919
4.11423
4.13946
4.40347
4.38692
4.44832
4.81118
inf
4.19449
4.20802
inf
4.46316
4.51187
4.34489
4.29424
4.67035
inf
inf
4.21377
4.17753
4.31114
4.43322
5.1303
3.81875
inf
4.73559
4.66542
4.18363
4.94676
4.07011
4.91393
4.18448
4.41033
4.57388
4.22739
4.93266
4.23396
4.48195
4.0521
3.80264
4.38377
4.35681
4.32152
3.85343
4.58985
4.29832
4.04726
3.90483
4.40752
4.91081
4.52425
4.55083
4.13033
3.95921
4.5497
4.36479
4.00898
4.27775
3.82011
4.47007
4.45156
4.45529
4.16203
4.18091
4.23188
4.19296
4.23753
4.54049
4.9472
3.87293
4.08426
4.54908
4.19721
4.96023
4.42068
4.49391
4.80448
4.29302
4.18413
4.24084
4.0656
4.29096
3.9527
3.73539
3.77118
4.37823
3.93525
3.96929
4.93187
3.95682
inf
4.55134
4.12341
4.79231
4.51102
4.47846
4.05731
4.09927
4.53283
4.32842
4.52224
4.93831
4.27937
4.87318
4.47745
3.94418
4.27489
4.23373
4.14301
inf
4.98444
4.27437
5.00809
4.24634
4.28753
inf
5.05244
4.92256
4.91883
4.08711
4.13501
4.31196
4.9487
5.00331
5.04855
4.32506
4.03483
4.56762
3.9498
4.55462
4.62981
4.20021
4.0528
4.32159
4.96886
4.65405
4.39256
4.87719
5.07249
4.1663
4.24744
4.28369
4.34891
4.09975
4.54626
4.70077
4.66386
4.47468
4.11892
4.50678
4.21055
4.25075
4.65243
4.75547
4.75813
4.36191
4.80604
4.3908
4.95502
4.22752
4.43523
4.60442
5.35877
4.44944
4.88357
4.22967
4.10237
4.36064
4.98554
4.94827
4.3667
5.42512
4.92089
4.98686
4.77857
5.38383
5.54029
4.54659
4.82562
4.10406
4.69707
4.97058
4.59358
4.84098
4.63067
4.72115
4.72875
4.59072
4.43901
4.80848
4.36789
4.29677
4.43446
4.25768
4.38755
4.28132
4.41305
4.23947
4.20363
4.23957
4.19894
4.04647
