4.32786
4.22541
4.18486
4.28581
4.01055
4.17603
4.33824
4.39816
3.95488
3.96733
4.48344
4.27904
4.06457
4.18559
4.23595
4.20288
4.10406
4.14692
4.1775
4.13165
4.33987
4.006
4.36058
4.12219
4.16988
4.15161
4.32435
5.06996
4.28716
3.93884
3.96955
4.15839
4.14678
4.05415
4.01155
4.56773
3.83964
4.32054
4.24322
4.14995
3.98789
3.86787
3.76558
4.61756
4.1147
4.04603
4.41868
4.26617
4.2734
4.08382
4.54476
4.87538
4.44873
4.09313
4.05263
4.05951
4.39466
4.48519
4.13231
4.09218
4.07715
4.04971
4.71107
4.00227
4.0518
3.6741
4.01713
4.2883
4.04961
4.31358
4.11624
4.45214
4.37429
4.20326
4.3562
3.93489
3.97816
4.15707
4.13045
4.93309
5.03124
4.15592
4.38498
4.06592
4.16273
3.91634
4.15473
4.3408
4.37605
3.70176
4.18765
4.14597
3.95759
4.52515
4.05237
4.38249
4.03312
4.60627
4.58853
4.36052
4.60239
4.13708
4.31883
3.88812
4.38838
4.03638
4.51558
4.60457
4.35572
4.16548
3.63782
4.36948
4.00392
4.5842
4.32273
4.52983
3.8139
3.89085
4.09528
4.28469
4.3222
5.0734
3.89664
3.69133
4.60691
4.07756
4.40157
4.07017
inf
3.96921
3.8885
3.88055
4.0011
4.0071
4.36951
4.40967
3.892
4.68745
4.63343
3.76021
3.82664
5.06847
4.16169
4.61125
4.05132
4.07675
4.29815
3.80008
4.1921
4.06037
3.83609
4.61834
4.03539
3.75623
4.02357
3.85468
4.23078
3.9201
3.97589
4.06436
3.88911
4.08289
3.46914
3.75081
4.23865
4.23448
inf
3.85719
4.61919
4.2648
4.12445
4.20169
4.44835
4.74658
4.03281
4.45518
4.67002
4.15064
4.31471
4.70426
4.16505
3.97386
3.95588
3.95299
4.20524
3.8375
4.04213
4.2186
4.18498
3.78098
4.38554
4.13424
3.82153
3.9955
4.48409
4.11541
4.05232
4.15902
4.42631
4.009
4.30747
3.90718
4.34769
3.90129
4.35782
4.23552
4.24122
4.18471
4.04044
4.08825
4.59439
4.69427
3.81748
3.90882
4.44671
4.76566
3.86213
4.21494
4.346
4.30025
4.47646
4.39278
4.07922
4.63232
3.97604
4.17311
3.7633
4.21351
5.1664
5.04681
3.83545
4.28895
4.14163
4.36566
3.9914
4.96233
5.02304
4.20628
4.37301
3.87152
3.98644
4.11408
4.56169
4.27515
4.44921
4.21785
4.33673
3.82004
4.02634
4.21742
3.83342
3.96263
4.49455
4.35338
4.53303
4.07874
4.36525
4.05667
3.94195
4.07234
3.80639
4.52238
3.8406
3.8921
3.89242
4.6041
3.89458
4.69551
4.03535
3.90441
4.06221
3.92188
3.9074
4.12268
4.35426
4.28037
4.29684
4.94969
4.18531
4.99912
4.16506
3.76756
4.31543
4.92488
3.91921
4.48277
4.08059
4.47404
3.99311
4.59548
4.13317
3.8687
4.32828
4.24056
4.52676
5.08089
4.45748
4.05568
4.0224
4.26708
3.87639
4.26729
3.85435
4.54921
4.64649
4.25341
4.0559
4.18732
4.54567
4.02848
4.18783
4.20715
3.92963
4.40191
4.05337
4.20188
4.21677
4.38228
4.33952
4.42933
4.37324
4.00162
4.4086
4.21328
4.07904
4.24424
4.15851
4.27798
4.13276
4.33858
4.4464
5.06638
4.35646
3.81678
4.02153
4.28537
4.27555
4.48659
3.98753
5.10639
4.30267
5.13888
3.80714
4.20189
4.82931
5.13737
4.05438
4.37494
4.16924
4.56045
4.16361
4.0496
4.42672
4.70977
4.05617
4.18149
4.0989
4.04262
4.04557
3.85883
4.02086
3.86201
4.01709
4.29656
4.669
4.33994
4.28012
4.53902
4.44797
4.01857
4.34862
4.11909
4.42482
4.64026
4.08095
4.29644
4.21291
4.28101
4.13343
4.4164
4.46305
4.16783
4.23017
4.34443
4.24516
4.20521
4.1267
4.96562
4.25114
4.26868
4.09147
4.3131
4.27359
4.25523
4.30164
4.31861
4.23436
4.10834
4.12729
4.12242
