4.17523
4.20957
4.21899
4.38548
4.30205
4.31229
4.34669
4.46555
4.49127
4.22753
4.46583
4.42871
4.67181
4.51802
5.14012
4.36362
4.30023
4.55725
4.4328
4.55039
4.55124
4.44656
4.66506
4.37821
4.67313
5.06075
5.39847
4.27608
4.63979
4.29254
4.58185
4.41035
4.75642
4.72965
4.23924
4.86815
4.45391
4.87294
4.89363
5.25593
5.2223
5.36442
5.25753
3.95536
4.74659
4.14252
inf
5.20711
5.19779
4.47647
4.32727
4.54091
4.68729
4.37066
5.11542
4.71666
4.46834
5.18143
inf
4.42789
4.2765
4.45659
4.20771
inf
4.27538
4.70723
4.59701
4.11287
4.39409
5.06619
4.20975
5.05531
5.1739
inf
inf
5.13002
4.56415
4.60531
inf
inf
4.62777
4.58517
inf
3.95149
4.98493
inf
5.00047
inf
4.18034
5.03756
4.28573
4.12913
4.97305
4.96747
inf
4.31458
5.135
inf
inf
4.91219
4.95199
4.56347
4.56439
5.01252
inf
inf
4.41669
4.29457
4.04079
4.19568
4.26318
inf
4.98107
4.35863
4.26604
inf
4.55308
5.00683
4.22464
inf
4.98753
inf
4.27595
4.53874
4.26338
4.96919
4.48519
4.55727
inf
4.97312
4.95491
inf
inf
inf
5.0342
4.9368
4.50977
4.55546
inf
4.2734
3.67415
4.52945
4.92402
4.51637
inf
inf
4.6012
4.02853
4.16069
inf
inf
4.98228
inf
4.56781
4.56675
inf
4.00547
4.13799
inf
4.09342
5.06425
4.96165
4.5871
inf
5.01934
4.29355
4.17456
inf
5.13951
4.55816
4.38199
5.09671
4.2619
inf
4.87234
4.53207
4.45709
4.62333
4.83595
4.72555
4.1152
4.39487
inf
4.29228
4.26472
4.44631
4.26103
4.29128
4.70129
5.10058
4.30634
4.29547
5.31956
4.73166
4.21915
4.60489
4.26446
5.26582
4.55462
4.48067
4.39196
4.17429
5.25605
5.24831
4.84211
5.16576
4.77995
4.20944
5.11988
inf
4.68211
4.4829
5.02874
4.58709
4.3022
5.09949
5.04983
5.0724
4.55727
inf
inf
inf
5.01578
4.17161
4.61523
5.01155
inf
inf
4.94946
4.5452
4.29303
4.99229
4.98629
4.87344
5.02852
4.94902
4.40422
inf
4.93312
4.04297
4.25491
4.12648
4.90059
4.53266
4.91
4.86386
4.39215
4.09403
4.21973
4.86685
4.22981
inf
4.89728
4.48841
3.91544
4.83772
4.87275
inf
4.90902
4.77215
4.74053
inf
4.21674
inf
4.77317
4.7953
inf
4.19285
4.89831
4.37869
4.39215
4.79943
inf
4.80049
4.69126
4.48779
4.86852
inf
inf
4.82644
4.85455
4.4418
4.79227
4.78814
4.81532
4.85958
4.9257
inf
4.95319
4.89762
4.43832
4.84702
4.95183
4.8196
inf
4.86014
inf
4.58972
inf
4.47673
inf
4.40553
4.49888
4.47475
inf
4.20737
inf
4.44955
4.88961
4.98943
inf
4.86102
4.44114
4.34656
4.84322
4.45678
inf
inf
4.7991
inf
4.06668
4.82797
4.22086
4.8056
4.42462
4.89358
4.92149
inf
inf
4.91526
4.19913
inf
5.01415
4.89515
inf
4.84384
inf
inf
4.39258
4.92202
4.29429
inf
inf
4.28486
inf
4.3543
inf
4.91771
inf
5.00023
5.01169
4.92179
5.06896
4.61512
inf
4.62205
inf
4.46778
4.24425
5.07861
5.12756
4.48824
5.18101
4.69903
inf
4.51915
5.2295
4.67312
inf
4.59989
4.35382
4.75372
4.40571
inf
5.01944
4.1517
4.54515
5.2917
4.64716
4.7206
4.62349
4.77879
4.5832
4.43896
4.94506
4.91016
4.51107
4.23498
4.38769
4.40575
4.59629
4.50669
4.42853
4.20172
4.23666
4.37039
4.40046
4.42464
4.44594
4.27843
