3.70575
3.58102
3.45646
3.45695
3.51589
3.35196
3.312
3.19486
3.21471
3.27704
3.23941
3.22047
3.20729
3.16927
3.14473
3.08089
3.16542
3.18272
3.13023
3.12625
3.08089
3.13478
3.12542
3.18589
3.13023
2.9914
3.17487
3.10344
3.2054
3.17792
3.00771
3.11554
3.29332
3.085
3.32869
3.00339
3.05782
3.14185
3.0868
3.22111
3.01243
3.13382
3.0463
3.34633
3.25698
3.2369
3.10094
3.24804
3.21095
3.18608
3.21117
3.26605
3.16138
3.10762
3.15632
3.1647
3.15487
3.20449
3.2512
3.18617
3.10459
3.18247
3.09269
3.35367
3.07702
3.38568
3.2914
3.16222
3.08162
3.21815
3.19329
3.28538
3.25243
3.39394
3.29623
3.27286
3.37461
3.17902
3.22029
3.21247
3.42055
3.22794
3.27194
3.22717
3.11073
3.24027
3.28983
3.15743
3.28857
3.22672
3.209
3.205
3.30239
3.32844
3.20137
3.05798
3.19414
3.43993
3.19236
3.40456
3.19894
3.25822
3.2747
3.31738
3.2607
3.17256
3.17526
3.36742
3.48009
3.18507
3.29304
3.30289
3.32467
3.35941
3.42123
3.36105
3.20895
3.26712
3.23865
3.16553
3.2127
3.1075
3.23038
3.17388
3.35261
3.39426
3.43949
3.31154
3.20467
3.43738
3.4136
3.57263
3.2506
3.34033
3.20269
3.20112
3.31351
3.22395
3.18201
3.11605
3.1612
3.24664
3.36683
3.14647
3.20752
3.15015
3.25063
3.30603
3.14196
3.1337
3.33188
3.20326
3.2066
3.31754
3.23575
3.16733
3.15968
3.25579
3.25327
3.61775
3.3629
3.17966
3.2094
3.29083
3.17916
3.28299
3.3903
3.18022
3.27295
3.27006
3.26687
3.29546
3.2413
3.33875
3.14726
3.32971
3.31229
3.19763
3.08844
3.25415
3.39797
3.15138
3.09082
3.23785
3.11508
3.26406
3.27677
3.19356
3.32811
3.21423
3.39085
3.31573
3.11904
3.14269
3.13314
3.37582
3.17262
3.27163
3.08307
3.2319
3.26135
3.18708
3.30255
3.39505
3.28635
3.28696
3.50173
3.38386
3.13202
3.27478
3.17953
3.48858
3.23362
3.1679
3.17045
3.14769
3.35018
3.43863
3.08038
3.16512
3.08352
3.32118
3.18526
3.32226
3.25895
3.30807
3.34982
3.32298
3.26677
3.20003
3.27738
3.29336
3.33656
3.20053
3.22559
3.33296
3.31606
3.32133
3.39375
3.34168
3.14214
3.31318
3.13102
3.04193
3.42103
3.23297
3.40274
3.15255
3.01328
3.25696
3.65837
3.26623
3.33804
3.17025
3.0421
3.01543
3.01704
3.35741
3.15388
3.50257
3.18886
3.24428
3.37657
3.14722
3.06444
3.06881
3.44107
3.26721
3.58526
3.41844
2.9769
3.25739
3.05764
3.17939
3.21047
3.26087
3.10763
2.95262
3.29478
3.10016
3.34337
3.15601
3.30983
3.11082
3.07712
3.2044
3.25755
3.20992
2.92402
3.19358
3.12466
3.26131
3.37802
3.29421
3.52716
3.21326
3.21004
2.993
3.06438
3.59108
3.36866
3.48443
3.33216
3.31654
3.41001
3.1647
3.26874
3.34396
3.1068
3.29219
3.2268
3.49952
3.34715
3.4117
3.42133
3.50744
3.08412
3.48038
3.09441
3.47633
3.31233
3.17057
3.09043
3.57313
3.12889
3.37926
3.30485
3.50041
3.53924
3.27718
3.49967
3.13951
3.44911
3.13696
3.13264
3.46479
3.3532
3.68257
3.16479
3.20292
3.40861
3.78904
3.48789
3.53932
3.12901
3.06992
3.14838
3.19898
3.30797
3.16996
3.35114
3.39368
3.1292
3.33923
3.24181
3.24676
3.15047
3.38613
3.04936
3.39832
2.97559
3.51592
3.5472
3.23102
3.16042
3.33448
3.43465
3.52686
3.26317
3.1747
3.0828
3.15547
3.13161
3.30918
3.34226
3.51895
3.49904
3.50362
3.19484
3.08624
3.45574
3.37852
3.24907
3.35387
3.26004
3.31805
3.17476
3.43417
3.61309
3.33647
3.48558
3.2746
3.33402
3.47372
3.44515
3.38584
3.56136
3.34781
3.43871
3.13397
