3.37703
3.4338
3.48256
3.42641
3.48956
3.49607
3.44277
3.56336
3.55146
3.4812
3.4945
3.45383
3.56423
3.51317
3.53958
3.49706
3.4733
3.63604
3.48399
3.59677
3.53206
3.48033
3.44181
3.46458
3.52196
3.41573
3.52883
3.40476
3.59067
3.51634
3.38342
3.42788
3.44391
3.75117
3.45545
3.56496
3.6151
3.47358
3.36166
3.61586
3.58048
3.58406
3.5662
3.24147
3.4203
3.39857
3.80088
3.58529
3.62818
3.40096
3.54413
3.43462
3.43423
3.45247
3.46027
3.51252
3.55299
3.39894
3.39596
3.37082
3.40809
3.50111
3.28986
3.15312
3.36646
3.35794
3.55595
3.50723
3.47318
3.32516
3.43451
3.33931
3.27915
3.7141
3.56134
3.54001
3.48019
3.44635
3.38178
3.44012
3.52578
3.38434
3.3972
3.6411
3.52934
3.31035
3.31262
3.42768
3.27539
3.23007
3.37659
3.44496
3.41082
3.36866
3.49921
3.46053
3.48246
3.25807
3.25819
3.70727
3.49521
3.44412
3.27401
3.61276
3.44895
3.29901
3.34385
3.22537
3.44531
3.54689
3.43946
3.4421
3.25456
3.57968
3.40296
3.26745
3.43435
3.40066
3.363
3.57727
3.43563
3.71742
3.57485
3.5721
3.50874
3.21047
3.48526
3.44362
3.47069
3.52573
3.4363
3.34403
3.23223
3.30701
3.79218
3.43373
3.28184
3.59294
3.46292
3.47996
3.41425
3.54503
3.4454
3.52069
3.6356
3.33502
3.33127
3.43736
3.6432
3.34867
3.67213
3.2017
3.36238
3.5977
3.63753
3.50253
3.3569
3.34764
3.36676
3.38978
3.37103
3.40699
3.53171
3.28145
3.35806
3.39882
3.43508
3.45279
3.44223
3.34637
3.43071
3.47963
3.41821
3.22848
3.41898
3.54042
3.31082
3.1907
3.69592
3.52363
3.51116
3.57584
3.4045
3.30783
3.67064
3.26649
3.40898
3.43119
3.48426
3.34153
3.56717
3.68805
3.37915
3.34507
3.37533
3.65377
3.35524
3.47417
3.30588
3.3023
3.49666
3.51474
3.48251
3.82682
3.45639
3.3296
3.53199
3.35137
3.46146
3.45003
3.50262
3.51776
3.19882
3.55373
3.48994
3.76633
3.52966
3.43452
3.46874
3.50132
3.30661
3.27098
3.19825
3.44643
3.37006
3.24849
3.48539
3.44663
4.39846
3.92665
3.46609
3.44846
3.41665
3.42198
3.35823
3.326
3.47114
3.25912
3.17805
3.33016
3.40467
3.31042
3.63363
3.48453
3.39162
3.30044
3.16364
3.42621
3.21556
3.52175
3.57948
3.33125
3.42734
3.87256
3.32038
3.57005
3.62227
3.21007
3.11981
3.61341
3.16107
3.27408
3.51769
3.27257
3.31834
3.23952
3.30763
3.32577
3.33208
3.17239
3.19821
3.4929
3.18028
3.61558
3.25045
3.356
3.44476
3.27475
3.06176
3.09125
3.08523
3.30778
3.95612
3.36509
3.05202
3.16023
3.35329
3.50244
3.49284
3.17708
3.41444
3.37283
3.1412
3.15149
3.21013
3.40822
3.28131
3.37555
3.15255
3.36129
3.70633
3.24247
3.25153
3.07373
3.13345
2.98179
3.32994
3.43528
3.03405
3.34451
3.17367
3.44156
3.50525
3.12407
3.33976
3.11597
3.6133
3.22855
3.28954
3.20074
3.28223
3.16863
3.09143
3.41359
3.09304
3.33101
2.99518
3.36323
4.29711
3.25113
3.37707
3.14372
2.93998
3.46116
3.23851
3.21351
3.32635
3.1598
3.27673
3.12706
3.32853
3.15508
3.62313
2.98623
3.16069
3.35024
3.27026
3.2943
3.12694
3.35602
3.30369
3.17171
3.30565
3.43028
3.34742
3.28291
3.22744
3.31747
3.60961
3.23074
3.70394
3.35475
3.3239
3.37563
3.14815
3.15829
3.2381
3.26351
3.415
3.42602
3.31127
3.37788
3.08042
3.26957
3.78673
3.43286
3.20022
3.29965
3.27476
3.26932
3.3032
3.09207
3.00198
3.19728
3.18116
3.51684
3.14514
3.33188
3.17815
3.42491
3.40326
3.46409
3.32786
3.37801
3.3251
3.19407
3.31245
3.2721
3.20614
3.21348
