3.92304
3.82796
3.7269
3.63741
3.53775
3.4534
3.40129
3.38424
3.39821
3.20767
3.34178
3.15725
3.24535
3.18193
3.14551
3.14912
3.07349
3.21729
3.2672
3.20839
3.14616
3.20835
3.28482
3.22511
3.11936
3.19069
3.13818
3.18345
3.11217
3.0939
3.10878
3.19881
3.1863
3.16713
3.10222
3.17242
3.35945
3.09121
3.15115
3.05822
3.13046
3.07055
3.05412
3.13414
3.03031
3.29121
3.16468
3.05577
3.0848
3.03205
3.07455
3.21793
3.25192
3.11564
3.16315
3.0679
3.15775
3.13707
3.19948
3.00241
3.0659
3.20624
3.01522
3.01387
3.11339
3.07433
3.21371
3.13996
2.97988
3.04949
3.24372
3.04301
3.14762
3.13912
2.9281
3.18125
3.08317
2.9349
3.21146
3.19562
3.34249
3.19408
3.12148
3.16611
3.26693
3.27895
3.22579
3.0574
2.97973
3.07603
3.10409
3.30707
3.13393
3.07223
3.09816
3.23756
3.3024
3.13122
3.28515
3.05996
3.23266
3.06792
3.1336
3.10437
3.22026
3.10225
3.35144
3.13307
3.13869
3.14536
3.18549
3.17462
3.08948
3.09005
3.29356
3.16483
3.26143
3.41613
3.1159
3.12716
3.13718
3.17616
3.1622
3.05848
3.34948
3.11236
3.20323
3.2923
3.06667
3.01066
3.15814
3.18917
3.00162
3.15076
3.19689
3.12322
3.16688
3.08592
3.12729
2.91507
3.22307
3.09951
3.14608
3.14662
3.06639
3.02617
3.08794
3.15115
3.10094
3.18582
3.14189
3.25361
3.03418
2.98118
3.08648
3.08158
3.29812
3.06267
3.07095
3.13969
3.01041
3.02143
2.92933
2.99948
3.09594
3.44039
3.20358
3.05206
3.30027
3.04422
3.07596
3.22579
3.04861
3.15499
3.07978
3.11441
3.00461
3.0183
3.05183
2.95169
3.1662
3.22177
3.12952
3.04895
3.19327
3.09121
2.9327
3.0285
2.98169
3.01833
3.05259
3.09003
3.25756
3.0718
2.92705
2.88399
3.02713
3.1023
3.04206
2.94484
2.96909
3.19697
3.04994
2.9889
3.03137
3.14882
3.19566
3.01664
3.05663
3.13276
2.93682
2.95172
2.95376
2.97514
3.09005
2.87785
2.99526
3.01199
3.02592
3.14592
2.95473
3.00877
2.93845
2.86837
3.19865
3.04982
3.20471
3.00038
3.20536
3.12047
3.14697
2.88895
2.95008
3.07289
3.01935
3.01098
2.97211
3.17369
2.84061
3.05871
2.91084
2.89798
2.87897
3.08063
3.51515
3.12605
2.97106
3.17075
2.92339
2.8896
2.81013
2.92083
2.87561
3.06551
2.93234
3.06191
3.01621
3.28246
2.96587
3.20166
2.86596
3.17363
3.04747
2.9149
2.96484
2.88404
2.80992
2.98021
2.82651
2.653
3.07567
3.242
3.07632
2.84962
3.18031
3.07082
2.85314
3.07986
2.93339
3.01952
3.03198
3.1936
2.87415
3.21046
3.09621
3.03167
3.03252
3.10708
2.98657
2.92015
3.03931
3.13128
3.10051
3.10788
2.85403
2.93815
3.02849
3.12345
3.08378
2.9833
3.16678
2.88632
2.86742
3.10725
3.05297
3.25472
3.06888
2.83991
2.9853
3.14791
3.19236
2.98765
3.24359
3.03985
2.92241
3.43084
3.34214
2.93008
3.21292
3.12009
3.2655
3.04624
3.00739
3.14451
2.71646
2.98567
3.07875
2.93342
3.06676
2.89599
2.97728
3.03859
2.79984
3.01552
2.7682
2.82671
2.86274
2.81291
2.95303
3.0587
2.96567
2.91846
3.01703
2.92869
2.97123
3.12135
2.91717
3.05109
3.03615
3.21916
3.13935
3.17408
3.21064
3.18817
2.98697
2.90526
3.06371
3.04356
3.13058
3.09835
3.1546
2.91566
3.12655
3.20119
2.96546
3.09037
3.34671
3.04071
2.97641
3.2168
2.90719
3.04803
3.02293
2.90569
3.16754
2.92944
3.08409
3.25181
3.06397
3.01241
3.11952
3.04448
3.03961
3.24909
3.27456
3.17444
3.19385
3.22826
3.12593
3.23454
3.35384
3.23868
3.09661
3.23929
3.33843
3.14143
3.30967
3.30073
3.38864
3.07003
