3.59615
3.56289
3.56509
3.50192
3.46069
3.40919
3.43896
3.50148
3.27338
3.40277
3.33173
3.32829
3.32467
3.31433
3.23461
3.2647
3.34338
3.24695
3.20154
3.32172
3.2721
3.3425
3.26066
3.23632
3.25366
3.33874
3.3905
3.33775
3.26546
3.24189
3.38481
3.25558
3.21326
3.39801
3.36871
3.28383
3.18556
3.36286
3.31411
3.25696
3.25196
3.37582
3.2719
3.25324
3.3508
3.28874
3.34553
3.22267
3.16012
3.24213
3.28624
3.30678
3.27385
3.19185
3.24438
3.22156
3.57017
3.2147
3.09132
3.30797
3.24294
3.08416
3.2996
3.21329
3.41621
3.4197
3.43144
3.32274
3.31754
3.33972
3.27824
3.18251
3.31755
3.26895
3.11141
3.20643
3.10803
3.18127
3.29543
3.27247
3.23434
3.27718
3.36044
3.39451
3.30915
3.37864
3.28705
3.28282
3.25964
3.32464
3.07901
3.27647
3.11829
3.60165
3.1913
3.42193
3.35944
3.4541
3.44968
3.25677
3.30024
3.26949
3.69756
3.52096
3.29901
3.15727
3.41353
3.38161
3.27398
3.24289
3.30017
3.21843
3.17567
3.25789
3.42938
3.37321
3.33151
3.06552
3.48661
3.22939
3.21434
3.36074
3.29848
3.35061
3.2858
3.39267
3.25593
3.17915
3.19031
3.33732
3.43856
3.21612
3.1726
3.11042
3.34642
3.17132
3.3325
3.21373
3.36047
3.23609
3.16794
3.32185
3.28055
3.20612
3.29159
3.4446
3.37901
3.19315
3.28271
3.19135
3.4371
3.25491
3.18842
3.28033
3.30013
3.41845
3.24694
3.30532
3.30881
3.23986
3.24398
3.35636
3.27898
3.40411
3.29168
3.3916
3.29012
3.29565
3.41132
3.29534
3.2912
3.37753
3.26148
3.22185
3.22327
3.405
3.24462
3.35651
3.35147
3.22508
3.24628
3.14646
3.26439
3.28156
3.03631
3.08371
3.20284
3.19589
3.24554
3.08803
3.50037
3.32057
3.31734
3.26433
3.48445
3.23471
3.12445
3.23027
3.09326
3.17301
3.22011
3.17141
3.23643
3.33303
3.20765
3.20335
3.37194
3.14599
3.16982
3.07693
3.39942
3.18514
3.31423
3.56306
3.33287
3.22364
3.22236
3.10478
3.29391
3.15989
3.00302
3.42517
3.50281
3.30933
2.97927
3.17461
3.10041
3.08539
3.20921
2.98245
3.52247
3.41336
3.09611
3.25472
2.99719
2.94278
3.25638
3.20867
3.14016
3.11247
3.21953
3.5224
3.22329
3.4654
3.1092
3.46461
3.31676
3.17031
3.13645
3.58649
3.03634
3.14188
3.36828
3.53462
3.50686
3.23822
3.20598
3.35207
3.41221
3.41334
3.3049
3.26513
3.27335
3.26259
3.25463
3.39704
3.43374
3.5085
3.07042
3.34808
3.05885
3.48666
3.12291
3.14776
3.22924
3.04107
3.28982
3.0498
3.26192
3.25896
3.29919
3.33079
3.10994
3.26227
3.2245
3.14066
3.08456
3.29168
3.20141
3.15856
3.10829
3.08804
3.37034
3.27115
3.12822
3.29012
3.0521
3.24252
3.25155
3.09545
3.3023
3.32885
3.01868
3.18917
3.21321
3.15866
3.07798
3.42753
3.51154
2.78773
3.02685
3.31365
3.41053
2.96635
3.44298
3.21409
3.1929
3.03902
3.36363
3.1209
3.47254
3.83886
3.20346
3.34743
3.20462
3.32022
3.54059
2.89855
3.52796
3.44951
3.12616
3.12458
3.47296
3.06408
3.10275
3.17902
3.44417
3.20883
3.3488
3.23205
3.07518
3.54283
3.08779
3.47867
3.11495
2.74547
3.06675
3.21484
2.94886
3.28068
3.4252
3.01004
3.11765
3.07731
2.99645
2.94364
3.25641
3.11301
3.16273
3.15515
3.13401
3.12115
2.98876
3.17563
3.41368
3.17721
3.1324
3.04823
2.9826
2.88356
3.20499
3.10583
3.13103
3.06409
2.95163
3.29243
3.12475
3.04943
2.7742
2.95296
2.96926
2.86601
3.04206
2.89385
3.044
3.12377
3.09868
2.8146
3.16264
2.99494
2.92302
3.19505
3.0734
3.13974
3.03321
3.09557
3.01769
3.01064
3.17208
3.06883
