3.24985
3.38536
3.44408
3.50329
3.38145
3.59021
3.43566
3.61072
3.5888
3.73864
3.6222
3.70745
3.75638
3.68596
3.55668
3.76637
3.70975
3.698
3.69981
3.66375
3.55652
3.65927
3.55572
3.59846
3.56109
3.55609
3.71678
3.74537
3.65723
3.79691
3.58562
3.87626
3.92177
3.80791
3.48236
3.66888
3.53212
3.70805
3.50641
3.8042
3.50865
3.53146
3.55695
3.51349
3.59563
3.64568
3.59028
3.56172
3.81308
3.55437
3.4025
3.78528
3.38143
3.76148
3.51823
3.48487
3.55255
3.42604
3.57949
3.60463
3.74569
3.36705
3.40081
3.53866
3.72305
3.54136
3.36756
3.61952
3.64596
3.60655
3.56404
3.47848
3.50078
3.48922
3.79912
3.72865
3.79731
3.45169
3.4367
3.52855
3.46613
3.56652
3.65989
3.59819
3.54651
3.68439
3.70807
3.56464
3.7432
3.46579
3.69817
3.64143
3.46972
3.9361
3.71457
3.3888
3.82464
3.65551
3.71492
3.4362
3.31035
3.61481
3.55605
3.54182
3.65497
3.48253
3.73799
3.39642
3.53125
3.42232
3.66247
3.5801
3.76367
3.43347
3.40445
3.77146
3.52829
3.8466
3.60952
3.54859
3.65495
3.69822
3.67437
3.87277
3.78041
3.52963
3.71673
3.69217
3.38296
3.58234
3.54835
3.68432
3.7226
3.86314
3.67626
3.63766
3.5289
3.7521
3.47089
3.70131
3.78821
3.6642
3.68867
3.68339
3.45775
3.69382
3.8759
3.66336
3.4045
3.569
3.47006
3.89552
3.67406
3.61103
3.92669
3.60597
3.63032
3.75759
3.71714
3.9019
3.81493
3.8187
3.6951
3.61235
3.68051
3.70336
3.80096
3.73989
3.73827
3.44715
3.68326
3.56485
3.69819
3.72144
3.72545
3.51096
3.38295
3.51287
3.54882
3.63551
3.6552
3.62126
3.68548
3.61059
3.58031
3.84873
3.49146
3.61482
3.5426
3.56301
3.64612
3.91934
4.08742
3.42328
3.50463
3.72738
3.70111
4.05782
3.18103
3.7102
3.54773
3.60166
3.5717
3.5491
3.74059
3.52116
3.53901
3.80422
3.67189
3.43132
3.72221
3.58892
3.4343
3.65091
3.55884
3.69944
3.65464
3.51031
3.73911
3.56149
3.53171
3.87381
3.35919
3.63781
3.49694
3.34572
3.74622
3.44892
4.91625
3.67772
4.22394
3.93625
3.86503
3.89979
3.81546
3.73371
3.36773
3.67197
3.94223
3.86226
3.65062
3.38846
3.43971
3.92403
3.28013
3.5576
3.42632
3.72016
3.43659
3.80703
3.53727
4.20547
4.16875
3.39911
3.91918
3.36255
4.00285
3.56218
3.32947
3.62513
3.75622
4.16369
3.68579
3.66575
3.95086
3.4722
3.40972
3.35553
3.45514
3.45835
3.53225
4.18037
3.26979
3.77657
3.99518
4.40043
3.83103
3.56862
3.47074
3.55704
3.64676
3.88514
3.64767
3.53149
3.88987
3.48909
4.00527
3.74544
3.41555
3.50483
3.60568
3.56566
3.45723
3.36613
4.0887
3.30707
3.46655
3.75181
3.58905
3.41066
3.72478
3.56968
3.58926
3.29565
3.30925
3.42496
3.87023
3.56721
3.48217
3.40778
3.25247
3.1132
3.4656
3.5898
3.37752
3.80436
3.90692
3.59266
3.29596
3.8525
4.36987
3.4384
3.37248
4.26906
3.6657
3.81828
3.1879
3.2167
3.2224
3.58363
3.45539
3.8985
3.29445
3.00771
4.11096
3.68745
3.88845
3.50879
3.72106
3.44481
4.28404
3.4066
3.35793
3.54233
3.41392
3.6596
3.24811
4.41426
3.70249
3.42471
3.86345
3.29089
3.57755
3.30057
3.45141
3.52778
3.55713
3.49554
4.00482
3.28
3.34617
3.72835
3.32401
3.35077
3.63067
3.15749
3.33384
3.40183
3.42921
3.44965
3.08078
3.58788
3.89572
3.59484
3.37776
3.25515
3.37564
3.15914
3.52703
3.41971
3.4684
3.31484
3.81319
3.37155
3.07172
3.26305
3.26754
3.09586
3.1202
3.07569
3.05066
3.38407
3.22555
3.21309
3.43712
4.00876
3.44303
3.45454
3.37018
2.85073
