3.53826
3.45552
3.41539
3.39574
3.35783
3.3381
3.37355
3.36004
3.32847
3.34359
3.38609
3.42619
3.32955
3.23479
3.33079
3.32344
3.32055
3.40048
3.36081
3.28922
3.29383
3.34009
3.27238
3.35853
3.31683
3.29915
3.27352
3.34558
3.48825
3.25436
3.39377
3.42233
3.29898
3.23423
3.31772
3.51872
3.50004
3.25559
3.22104
3.20425
3.30503
3.45684
3.45692
3.31506
3.25357
3.25368
3.37542
3.39465
3.37837
3.45652
3.34987
3.45233
3.48841
3.32994
3.2413
3.38693
3.53993
3.40637
3.46748
3.34978
3.20643
3.36722
3.39931
3.3149
3.48793
3.19067
3.54352
3.46498
3.40455
3.26332
3.17206
3.72182
3.24804
3.49105
3.28563
3.2547
3.44562
3.43175
3.33638
3.56543
3.53427
3.13864
3.41687
3.21376
3.38358
3.43686
3.43456
3.39855
3.36502
3.46551
3.56647
3.51152
3.28517
3.35401
3.4933
3.35211
3.38357
3.30028
3.22017
3.21
3.27113
3.36851
3.45279
3.16849
3.59523
3.19961
3.43962
3.40455
3.36941
3.42485
3.00516
3.3117
3.59358
3.29569
3.43466
3.37395
3.29647
3.38216
3.27887
3.33829
3.22145
3.39929
3.41368
3.35793
3.60961
3.28656
3.38553
3.35595
3.49126
3.11857
3.38637
3.25918
3.28883
3.56268
3.4814
3.52619
3.44771
3.20853
3.40971
3.14392
3.3155
3.30668
3.51576
3.22938
3.5216
3.49216
3.26516
3.36886
3.28894
3.14208
3.31115
3.19647
3.15249
3.29003
3.22854
3.44291
3.28278
3.54814
3.23471
3.459
3.50518
3.33775
2.93956
3.26722
3.4136
3.40379
3.35057
3.44322
3.47767
3.37106
3.41652
3.19787
3.32921
3.3969
3.22519
3.05957
3.35598
3.32209
3.19953
3.0675
3.29114
3.3346
3.21834
3.44798
3.23336
3.20189
3.21405
3.22121
3.34806
3.19759
3.28174
3.45308
3.38073
3.36636
3.48729
3.23982
3.26498
3.27943
3.24543
3.41794
3.09591
3.19975
3.16285
3.26414
3.41188
3.23549
3.42185
3.32263
3.27832
3.59091
3.18488
3.12272
3.24155
3.25608
3.32921
3.41929
3.0639
3.23479
3.326
3.33423
3.15703
3.376
3.36557
3.35144
3.15434
3.39187
3.04966
3.22263
3.28457
3.15557
3.54171
3.23044
3.30834
3.22009
3.50231
3.33709
3.34466
3.33376
3.00409
3.14729
3.00983
3.28178
3.19966
3.65479
3.24589
3.02256
3.06636
2.98942
3.38913
3.21118
3.13917
3.18464
3.1531
3.15401
3.46279
3.20304
3.44256
3.60502
3.08542
3.21896
3.17612
3.12511
3.21376
3.50685
2.88189
3.26678
3.52624
3.21776
3.29128
3.27789
3.29118
3.47129
3.1421
3.2543
3.36151
3.10215
3.25618
3.22793
3.52998
3.27451
3.11926
3.01243
3.18584
3.52076
3.20842
3.35312
3.27828
3.37836
3.1549
3.24201
3.41114
3.1991
3.25411
3.28808
3.20483
3.29324
3.3431
3.26611
3.56
3.31846
3.55915
3.61835
3.12932
3.08059
3.11783
3.47298
3.17974
3.61345
3.36347
3.26876
3.29491
3.83107
3.55663
3.74463
3.45847
3.28434
3.49794
3.72477
3.40794
3.25705
3.65751
3.52898
3.227
3.15353
3.52069
3.2836
3.27371
3.11047
3.7476
3.21833
3.35385
3.21131
3.28507
3.09559
3.5052
3.56859
3.31787
3.24605
3.25263
3.13607
3.17498
3.21145
3.32694
3.30634
3.19412
3.36468
3.37055
3.2743
3.35554
3.45271
3.71807
3.11182
3.60699
3.20136
3.36903
3.33178
3.32695
3.26428
3.53376
3.21018
3.41288
3.20896
3.08063
3.54217
3.093
3.3306
3.18246
3.39696
3.2275
3.35359
3.05615
3.26265
3.02241
3.2265
3.30255
3.26883
3.06839
3.23696
3.32847
3.04368
3.39586
3.41053
3.31175
3.25654
3.20165
3.06818
3.3776
3.30801
3.48168
3.22288
3.26893
3.34084
3.23861
3.25887
3.26371
3.3644
3.30355
3.3072
3.27305
3.2902
