3.22475
3.36433
3.40973
3.54077
3.52999
3.54118
3.65321
3.6956
3.55508
3.76355
3.8358
3.76056
3.61349
3.81492
3.58704
3.66101
3.66719
3.82129
3.67958
3.77765
3.64237
3.57092
3.64975
3.72566
3.71659
3.63133
3.5901
3.38307
3.8899
3.87646
3.55539
3.45932
3.70364
3.64159
3.56958
3.73707
3.46833
3.68655
3.57485
3.90417
3.67127
3.59377
4.10808
3.86315
3.40873
3.72378
3.43193
3.64285
3.67714
3.62664
3.92927
3.74473
3.72476
3.6338
3.64633
3.26549
3.89612
3.42801
3.75235
3.70087
3.53963
3.45389
3.59001
3.52388
3.54531
3.44798
3.59811
3.53048
3.58208
3.66767
3.52923
3.91498
3.51734
3.65178
3.6419
3.3809
3.88943
3.5367
3.6367
3.70852
3.68173
3.49346
3.44261
3.92831
3.42857
3.99892
3.5993
3.48347
3.51669
3.73408
3.64028
3.90144
3.41667
3.69485
3.67275
3.42102
3.5351
3.48905
3.41852
3.60193
3.47913
3.91967
3.34913
3.86857
3.73701
3.49909
3.74399
3.83695
3.85592
3.52877
3.95761
3.60848
3.45613
3.64025
3.5739
3.46429
3.67887
3.57549
3.72813
3.51782
3.66992
3.57747
3.88693
3.6066
3.67652
3.81265
3.52634
3.80637
4.01924
3.42674
3.51378
3.89023
3.34583
4.06416
3.73745
3.67472
3.42846
3.88252
3.5507
3.74379
3.73632
3.71392
3.6943
3.5556
3.62757
3.84009
3.72863
3.59015
3.52232
3.59368
3.65536
3.5633
3.52917
3.71498
3.68217
3.67219
3.51784
3.71932
3.76264
3.89443
3.6024
3.67178
3.71744
3.71155
3.66053
3.87478
3.82579
3.57794
3.56679
3.77447
3.49689
3.72387
3.60922
3.47325
3.62639
3.89729
3.78139
3.76934
3.56225
3.56344
4.03751
3.53388
3.57331
3.64496
3.81762
3.76333
3.78646
3.81137
3.59971
3.65224
3.6667
3.71538
3.64875
3.65559
3.90336
3.29945
3.62536
3.81799
3.49117
3.35446
3.67934
3.93627
3.55556
3.90147
3.64927
3.4021
3.82513
3.6794
3.51643
3.48952
4.04448
3.67949
3.44441
3.70008
3.77454
3.89977
3.93333
3.67384
4.3326
3.56638
3.33762
3.71223
3.597
3.68703
3.36548
3.6853
3.73628
3.49685
3.96124
3.72912
3.56215
3.73858
3.57576
3.608
3.76044
3.39662
3.74148
3.56878
3.6924
3.69218
3.72578
4.01825
3.65579
3.4917
3.56848
4.16747
3.75716
3.54116
3.57759
3.83208
3.37472
3.89572
3.96025
4.07244
4.13716
3.45584
3.6102
3.90462
3.49155
3.25743
3.39599
3.97211
3.54981
3.93284
3.40755
3.33917
3.34426
3.42006
3.50885
3.99769
3.66008
3.65759
3.72324
3.50081
3.7607
3.88283
3.42621
3.43026
3.33636
4.02934
3.80235
3.58731
3.41064
3.46032
4.16083
3.67116
4.16045
3.46759
3.87176
3.4842
3.32394
3.29426
3.72114
3.74699
3.47023
3.96182
3.55575
3.90767
3.38918
3.48433
3.4068
3.39346
3.64822
3.602
3.20614
3.91503
3.43022
3.72512
3.65291
3.73698
3.73724
3.84104
3.59564
3.36441
3.34185
3.83384
3.59487
3.88226
3.74723
3.23751
4.08864
3.45349
3.37542
3.21077
3.73508
3.67642
3.54315
4.04421
3.35138
3.62523
3.54975
3.46362
3.55805
3.59702
3.36428
3.33543
3.40179
3.45421
3.29799
3.50517
3.41981
3.66332
3.39659
3.25174
3.53678
3.75059
3.36216
3.53924
3.45714
3.79438
3.58144
3.61046
3.6984
3.19518
3.28287
3.52579
3.58766
3.36135
3.64698
3.63699
3.63838
3.50043
3.61087
3.30411
3.37258
3.47026
3.5175
3.32669
3.26274
3.75825
3.43163
3.67219
3.28982
3.55453
3.63798
3.67787
3.21892
3.3817
3.36138
3.2919
3.29962
3.44346
3.53372
3.40964
3.05328
3.48828
3.51499
3.26653
3.49309
3.8107
3.29675
3.28381
3.25586
3.23071
3.37075
3.31189
3.44828
3.53588
3.49653
3.60641
