3.08011
3.25658
3.30064
3.35109
3.42199
3.51847
3.56114
3.53339
3.56823
3.4927
3.60657
3.73238
3.76079
3.84032
3.70787
3.72077
3.75717
3.88754
4.28171
3.72714
3.84102
3.89198
4.14119
4.01108
3.91273
3.80314
4.05054
3.84584
3.95947
3.97712
3.95706
3.83801
3.901
3.98763
4.0431
4.02205
3.94036
3.97267
4.03373
4.0702
4.23604
3.87128
4.19976
3.85581
3.84235
3.73449
3.94641
3.88572
3.70169
4.11941
3.9984
3.80258
4.33031
4.05255
3.67156
4.00921
3.85514
4.39075
3.83085
4.11267
3.8287
3.93467
4.03226
4.18283
3.88568
3.81075
4.09816
4.01097
3.90937
4.13046
4.06846
4.11948
4.13066
4.79741
4.20475
4.0484
4.09998
4.29915
4.49764
4.2269
4.12381
3.89094
3.99014
4.02257
3.98923
3.90853
4.55864
4.13109
4.28276
3.97469
4.1319
4.10511
3.63829
4.1031
3.88438
4.24353
3.96102
4.21294
3.88802
4.12919
3.86145
3.84022
4.38696
4.0071
3.86789
3.86311
4.48966
3.9875
4.12621
4.05319
4.04845
3.73153
4.02861
4.1836
3.94079
3.92875
4.48522
3.94334
3.9618
4.34743
4.04006
4.29587
4.07104
4.19606
4.64178
3.87835
4.63728
3.93945
3.90654
4.31664
4.68913
4.10383
4.26398
4.34363
4.68354
3.81335
4.10252
4.10658
3.87003
4.40902
4.40974
4.03421
4.21537
3.97259
4.038
4.04695
3.99102
3.86729
4.39964
3.88138
4.43488
3.89905
4.43658
4.32353
4.20247
4.05825
4.24464
4.1968
4.34011
4.7149
4.4642
4.62205
4.9212
4.46974
4.15277
4.18694
5.18715
5.23869
4.7914
4.02138
4.37504
4.42156
4.28415
4.85175
inf
3.90542
3.96307
4.19957
4.17668
4.59813
4.18736
4.33468
4.3494
4.38978
4.4825
4.11406
4.34429
4.06309
4.4432
4.05105
4.3128
4.42856
4.28532
4.38296
4.30667
3.78255
3.97081
4.4962
3.85345
4.63814
4.61593
3.99321
4.19386
4.15359
4.02606
4.70656
3.80537
4.67512
4.42156
4.08854
3.90757
3.99455
4.60294
4.41056
4.35577
3.97329
3.94224
4.58111
4.13482
3.96799
4.2007
4.33992
4.50289
4.06081
4.11963
4.53954
4.07515
4.90829
4.49752
3.88592
4.35889
4.14052
4.5904
4.88634
inf
4.39352
4.82491
4.68888
4.16207
inf
inf
3.97335
inf
4.1373
3.83255
3.96611
3.98647
3.85613
4.50723
inf
4.22772
4.704
inf
inf
4.2682
inf
4.67715
4.23834
4.66415
4.23092
4.2647
inf
inf
4.54503
3.8229
4.61449
4.46781
4.37526
inf
4.12757
4.53915
3.68948
3.81715
inf
inf
inf
inf
4.35642
inf
inf
inf
4.04438
3.93578
inf
3.81795
4.34284
inf
inf
inf
4.46955
4.03163
inf
inf
4.24041
4.38459
3.97622
3.90606
4.32216
inf
inf
inf
inf
4.37612
inf
inf
4.25248
4.34185
4.18288
4.29312
inf
4.22623
inf
inf
inf
4.31445
inf
4.26555
inf
inf
inf
inf
inf
inf
4.1271
inf
inf
4.21866
inf
inf
inf
inf
4.17483
inf
inf
4.07366
inf
4.17391
inf
inf
4.15841
inf
inf
inf
inf
inf
4.13533
inf
inf
inf
inf
4.15458
inf
inf
inf
inf
inf
inf
inf
inf
inf
inf
inf
inf
inf
inf
inf
inf
inf
inf
inf
inf
inf
inf
inf
inf
inf
inf
inf
inf
inf
inf
inf
inf
inf
inf
inf
inf
inf
inf
inf
inf
inf
inf
inf
inf
inf
inf
inf
inf
inf
