4.18622
4.28985
4.33333
4.30881
4.27959
4.24866
4.19901
4.29087
4.2227
4.19579
4.26598
4.26037
4.42776
4.22417
4.32397
4.10719
4.33352
4.10217
4.29885
4.16708
4.16559
4.38766
4.27367
4.3267
4.23777
4.04665
4.20303
4.01085
4.00228
4.19826
3.98686
3.97579
4.32208
4.07782
4.20624
3.98852
4.1494
4.19624
4.44706
4.34575
3.9568
4.23089
4.41826
4.22597
4.3552
4.55909
3.99071
4.23389
4.22876
4.01606
4.82337
4.21774
4.31729
3.96738
3.97637
4.44577
4.06594
5.12774
4.05241
4.28088
3.9391
4.24829
4.1444
3.90609
3.97469
3.92768
3.95077
3.84826
4.23287
3.94395
4.27269
3.97989
4.16932
3.9044
4.64003
4.30674
4.4366
4.81541
4.3152
4.3389
3.96424
4.37475
3.92714
4.18569
3.99912
3.92308
4.2042
3.56346
4.24824
4.59773
4.14253
4.16908
4.1191
4.09292
4.09985
3.80295
3.65033
3.77791
4.37791
4.04662
3.91285
3.77146
4.36865
4.21132
3.97049
3.71125
4.31104
inf
3.80789
4.55318
4.06818
3.61565
3.98291
3.93791
4.11328
3.99478
3.698
3.7563
4.11358
4.16798
3.93088
3.72212
4.94949
4.30347
inf
3.80548
4.03503
3.71584
3.98628
4.0187
4.02184
3.94652
4.05206
4.01729
3.95777
3.93046
3.94783
3.86819
3.56373
4.04322
4.00033
4.59335
4.60464
4.63423
3.81632
4.19717
3.63374
4.15498
3.99659
4.19295
4.02611
3.77001
4.36145
3.75003
4.38011
4.22211
4.39354
3.77794
4.08024
3.72123
3.93055
4.01712
3.98592
4.24028
4.44782
3.77832
4.67114
4.02795
3.93336
5.07939
4.43566
4.04694
4.46728
3.81271
4.17615
4.7219
4.28547
3.934
4.10907
4.36169
4.33838
3.88517
4.33479
4.33758
4.01705
4.40555
4.06658
4.14149
4.08724
4.05346
4.20107
4.26366
4.10539
4.2502
4.18631
4.18862
4.02248
4.69324
4.23077
3.94875
4.33153
4.26806
4.28793
4.32818
4.43661
3.90452
4.493
5.28672
4.03158
4.08395
3.83754
4.41084
4.2419
4.08347
3.71413
4.33502
4.16785
4.36145
3.92007
4.76495
4.28846
4.22344
4.44609
4.43433
3.62989
3.81892
4.04102
4.07149
4.26268
4.68962
4.24743
4.05452
3.81389
4.05041
4.45999
4.00801
3.82063
inf
3.70634
4.02252
3.94673
4.42327
5.05898
4.19186
4.02299
3.76526
4.10222
4.18762
4.32102
4.05567
4.39304
4.04918
4.38829
4.35102
3.92147
4.13481
4.30636
4.16034
4.30208
3.84563
4.32058
3.71895
4.58503
4.07231
3.62059
4.13965
3.75731
3.89411
5.01794
4.04992
3.9524
3.8077
4.17367
3.71631
3.78569
inf
4.38521
3.82323
4.01334
4.30028
4.05959
3.82631
4.53991
4.33704
3.96779
4.22496
3.62172
4.38297
4.12639
3.94185
3.62608
3.79865
4.27196
3.74682
3.71937
3.8586
4.0226
3.95477
3.98425
3.96327
3.95568
3.68429
3.79814
3.70993
4.01942
4.59944
3.7423
3.85752
3.79665
4.17681
4.05183
4.9857
3.81628
3.56415
4.15528
3.99219
4.17997
4.06795
3.87494
3.78565
4.18688
4.37699
3.9472
3.97819
4.27968
3.79412
4.07772
4.02082
3.70798
4.04232
4.07768
4.13845
3.9783
3.94869
4.70195
4.04592
4.40859
4.3986
4.0069
4.02616
3.60033
3.7882
3.68508
3.73107
4.31469
3.8003
3.9429
4.30114
3.59393
4.16751
3.73436
3.9695
3.88939
3.96932
3.88252
3.65566
3.9887
3.57721
3.56915
3.88902
4.19072
3.71035
3.68357
3.9376
3.7838
3.85858
3.96673
3.97076
3.93414
4.0586
4.18162
3.84755
3.80877
4.22807
4.1005
3.88399
4.0909
4.09153
3.96426
3.80062
3.97751
3.87057
3.63603
3.95928
4.22232
4.08732
3.96283
3.99256
4.19648
4.00665
4.12635
4.24676
4.34122
4.36034
4.28504
4.32652
4.33444
4.59472
4.63255
4.62629
