4.22487
4.08235
4.28008
4.09388
4.10183
4.25853
4.47827
4.17429
4.3706
4.31142
4.08508
4.39282
4.23506
4.36038
4.12678
4.11168
4.19184
4.46718
4.14759
4.47733
4.2404
4.84701
4.24684
4.47722
4.19402
4.311
3.94956
4.22524
4.40374
4.45332
4.32202
4.10702
4.16429
4.29322
4.17136
4.6361
3.92246
4.92008
4.62296
4.08902
5.25411
4.38618
4.55802
4.37416
4.15818
4.05792
4.54931
4.14896
4.15659
4.35279
4.11197
4.05273
4.16085
4.71055
4.32524
4.69367
4.23321
4.01211
4.43878
3.92308
4.39424
4.63066
3.93428
3.98994
3.84792
3.93726
4.62235
3.97476
4.23302
4.07285
4.09396
4.33349
3.69886
3.87536
4.0626
4.18759
4.52053
4.50476
4.57014
inf
4.06761
4.29023
4.1848
4.14629
4.58907
3.98073
3.78517
4.34507
4.35243
3.7574
4.11102
4.55991
4.29238
3.88661
4.20418
4.32164
4.1342
4.12878
inf
4.10879
4.31912
4.36125
3.97716
3.74297
4.83855
3.88238
4.10913
4.26793
4.01108
3.82351
4.95117
3.85554
4.25476
3.69723
4.1466
4.01569
4.4895
4.12028
4.02342
inf
4.5046
4.48072
4.13995
inf
4.02343
4.03197
3.91151
4.49545
3.79193
4.13048
4.28259
4.98807
4.28491
4.54358
5.01188
4.10519
4.00732
4.10891
4.05191
4.53948
4.29347
3.84826
4.56907
4.30962
4.24992
4.55282
4.03187
4.17441
3.82426
3.76631
4.17349
4.04193
4.35072
4.28388
4.28957
4.51927
4.0888
3.9031
4.60226
3.96044
4.21917
4.64983
4.18603
4.13714
3.64422
4.20698
3.91844
4.01703
inf
3.8735
4.3002
4.18175
4.53166
4.07404
4.10936
4.52104
4.32612
4.15122
4.63369
4.21941
3.89817
4.10075
4.10886
4.74685
3.67112
4.21491
4.05868
3.96525
4.25347
4.81581
3.9165
4.5215
3.95862
4.49609
4.02318
4.5812
4.43404
4.33905
4.07944
4.37189
4.32039
4.28818
4.39433
4.57638
4.26509
3.82372
4.65777
4.35507
4.32797
3.8834
4.314
4.3128
3.99064
4.15609
3.90766
4.04389
4.10883
4.71282
3.7645
4.18247
4.22163
3.97847
4.35629
4.04152
4.00973
3.94083
4.15712
3.99245
4.05764
4.40163
4.96421
4.37841
4.64878
4.40746
4.68556
4.16111
4.39363
4.44461
4.3873
4.46345
3.94225
4.61124
4.0412
4.36927
4.02966
4.37028
4.39267
4.21791
3.6131
4.02875
4.39629
4.20187
4.19583
inf
4.3773
4.33605
4.30759
4.13926
4.3542
4.18516
4.07671
3.85637
4.92471
4.56493
4.18883
4.04825
4.14574
4.00048
4.13725
3.80932
4.33329
4.09811
4.36385
3.73843
4.35422
4.34163
4.32588
3.76448
4.14118
3.95061
3.81733
3.96485
4.54832
4.49724
3.98039
4.02335
3.95597
3.90008
4.15908
3.69854
4.28855
3.87413
4.02588
4.52989
3.81282
4.81905
4.17536
3.7139
4.04421
3.83541
3.79117
4.14433
3.926
3.97652
4.55872
3.75691
4.02009
4.37216
4.3235
3.90614
3.81109
4.03513
4.17371
4.37146
4.99434
4.09308
3.90541
4.02705
4.05462
3.71585
3.94262
4.02898
3.77181
4.20437
3.94868
3.85579
3.62587
4.28733
4.39783
3.72471
3.71992
4.08711
3.89146
4.24451
inf
3.93704
3.87751
4.00939
3.80788
4.21243
3.83072
3.89755
3.94108
3.85015
4.44401
4.43569
3.78837
3.85139
4.06918
4.02971
4.35571
4.52015
3.77269
3.72923
4.33511
4.24187
4.20368
3.85259
4.30854
4.44682
3.84975
4.85827
5.22596
4.24904
4.31837
4.12031
4.69934
4.16171
4.42776
4.21151
4.32789
3.77351
4.03866
4.25042
4.10405
4.42376
4.21543
4.17827
4.21094
3.93142
4.20219
4.1947
3.98473
4.28052
4.49483
5.08876
4.15835
4.35658
4.26701
4.42563
4.26195
4.11989
4.49505
4.38513
4.37661
4.31005
4.47433
4.39572
4.58127
4.47653
