4.34393
4.63966
4.7494
5.35941
4.56712
4.37785
4.56387
4.9229
4.65622
4.21132
4.88955
4.74387
4.73629
4.77713
4.88919
5.20439
4.36272
5.17613
4.70404
4.75487
4.65242
5.33481
4.91429
4.90054
4.89368
5.46232
4.59321
5.25021
4.63344
5.28387
4.64262
5.1443
inf
5.35159
5.09732
5.07181
inf
inf
inf
4.67981
inf
5.27871
4.3366
5.20743
inf
5.1571
4.55547
inf
5.12232
4.70206
5.10514
5.17653
4.68679
4.52148
4.58372
4.48479
inf
5.0863
5.13004
inf
4.83237
inf
inf
5.05066
4.65121
4.58695
4.65699
5.1563
4.834
4.52027
4.50328
4.12157
4.40943
inf
4.72504
inf
4.91875
4.47422
inf
4.7297
inf
4.90655
inf
inf
4.0564
5.01277
4.09463
4.6164
4.42012
4.77251
4.3318
5.08486
inf
4.87788
4.65778
inf
inf
inf
inf
inf
5.04252
4.83781
4.77806
4.2213
4.98222
inf
4.70284
inf
4.66341
inf
inf
inf
inf
inf
inf
4.53019
inf
inf
4.7248
4.02687
4.19761
4.99258
4.69388
inf
inf
4.73345
4.56526
4.97068
inf
4.44091
inf
4.91003
4.79642
inf
4.68905
4.90167
inf
4.77768
inf
inf
inf
4.94069
4.76926
4.75602
inf
inf
inf
4.59048
inf
4.97237
4.46941
4.37009
4.54774
4.44035
4.55049
4.52785
4.71954
4.75978
inf
4.45666
4.16549
inf
4.31049
inf
inf
4.23409
5.015
inf
4.73675
inf
5.05161
4.63175
5.04803
inf
inf
4.26797
inf
4.53266
4.39558
4.15337
4.81246
inf
inf
inf
4.75721
5.12816
5.14287
4.88708
4.62278
5.01209
5.14884
4.68588
inf
5.00435
inf
4.54215
5.2131
5.07829
4.79689
5.01956
4.78752
4.89401
4.5751
4.68602
4.51802
4.77631
4.67696
inf
4.35909
4.46306
5.10746
5.13627
4.56647
4.53422
5.1861
4.71318
5.09731
4.94586
4.63494
4.80045
5.01331
4.3261
4.92468
5.04132
3.92749
inf
4.97792
4.99372
4.9856
4.39778
inf
inf
4.91206
4.61187
4.44078
4.35202
inf
inf
4.84359
4.40605
inf
4.94334
4.74661
4.91512
4.82577
4.36055
inf
4.34903
4.68088
inf
4.74462
inf
4.31648
inf
4.12525
inf
inf
inf
inf
4.73704
4.90201
4.44855
inf
4.38373
4.68672
4.32889
4.47006
inf
inf
inf
4.69744
4.76345
inf
4.40518
inf
inf
4.41844
inf
4.72655
4.75167
4.35136
inf
inf
inf
inf
inf
inf
4.22687
inf
4.35198
4.75503
inf
4.78163
inf
4.40295
inf
4.92496
4.78341
inf
inf
4.18662
inf
4.38589
4.80289
inf
4.71822
4.72951
inf
inf
inf
4.44279
4.73419
4.47251
4.7818
inf
inf
4.52399
4.84638
inf
4.46948
4.89638
4.42089
4.99054
inf
4.88136
4.93436
4.95344
4.96458
4.77561
inf
4.24019
inf
4.51709
inf
4.53376
4.63766
4.96503
inf
5.0137
4.31612
inf
4.60202
4.51183
4.6018
4.97431
5.07269
4.40693
4.62215
4.63673
4.09061
4.29047
inf
4.68897
4.72477
4.34373
4.34071
4.20815
4.47975
4.69516
5.18862
4.11077
4.74458
4.6252
5.21742
4.85829
4.20951
5.32371
4.37003
inf
4.92188
4.91289
5.36221
4.90546
4.2289
4.28689
4.76485
4.23513
4.62398
5.11122
4.88318
4.72703
4.63523
5.06051
5.04528
4.72419
4.91777
4.569
4.87506
4.83517
5.28987
4.36424
4.53199
4.53213
4.7399
4.5983
4.45438
4.51966
4.34096
4.3077
4.31596
