4.50526
4.59012
4.49413
4.55946
4.57154
4.90699
4.77447
4.61409
4.78629
4.6352
4.84585
4.6369
4.63264
5.22987
4.93847
4.63338
4.74432
4.74479
5.05302
4.64108
4.39522
4.9457
4.31338
4.87966
4.2445
inf
4.42748
4.49713
4.77904
5.03578
5.4106
4.94667
4.34588
4.50203
5.25834
4.71818
5.35537
4.97532
5.3164
4.63702
4.93211
4.51869
4.34533
4.55646
4.76197
4.3328
5.14472
5.10466
4.68494
5.04369
4.26027
4.50937
inf
5.03233
5.19483
inf
5.22189
4.97559
4.98722
4.56694
4.64567
4.29715
4.28491
4.54417
5.15102
4.35608
4.77381
5.09425
5.03799
4.36078
5.02458
5.09065
4.8391
inf
4.48573
4.82865
inf
4.56275
4.48187
4.41402
inf
4.5264
4.88294
4.80126
4.8781
inf
4.97601
4.77263
inf
4.78405
inf
3.97568
4.21914
inf
inf
4.46525
inf
inf
4.75531
4.31206
4.83367
inf
inf
inf
4.39416
inf
inf
4.70357
inf
inf
4.78299
4.93671
inf
inf
4.78283
inf
4.72849
inf
4.81911
inf
inf
inf
inf
inf
inf
4.44333
4.71696
inf
4.93505
inf
4.95516
inf
inf
4.83016
4.45653
4.70464
4.79049
4.7018
4.80437
4.77611
4.85573
4.80525
inf
inf
inf
4.44882
inf
4.66993
inf
inf
4.74134
inf
4.78372
inf
inf
4.49146
inf
inf
4.8608
inf
4.86569
inf
inf
4.97499
4.8708
4.87933
inf
inf
4.78206
inf
4.87493
4.49432
4.90861
inf
inf
4.95179
inf
4.87867
4.91029
4.97811
4.94324
5.03194
inf
5.09544
4.36291
inf
5.02666
4.65539
4.40503
4.83914
4.71684
4.15724
5.10409
4.30615
5.14026
4.41416
4.81607
4.61861
4.74458
4.60701
4.75969
4.46572
4.81167
5.23719
4.34006
4.52184
5.30073
5.16078
4.74325
4.4956
5.04468
4.95327
5.0586
4.40153
inf
inf
5.04546
inf
4.59248
inf
4.59196
4.99886
4.33859
inf
5.00825
inf
inf
4.96342
5.05678
inf
inf
4.49221
4.77878
5.0108
4.87234
4.90225
4.9968
5.02461
inf
4.48452
inf
4.7564
inf
4.95085
inf
4.89651
4.47579
4.89375
4.67575
4.77681
4.22068
4.32887
inf
4.74676
inf
4.42147
4.29121
4.80446
4.78817
4.81123
inf
4.83788
inf
4.83801
4.92784
4.38997
4.8675
inf
4.87503
4.87306
inf
inf
inf
inf
4.77324
4.47467
inf
4.82886
4.47907
4.44466
4.83765
4.84935
inf
inf
4.8771
4.87909
inf
4.9252
4.81187
inf
4.49442
4.70367
4.4638
inf
4.50065
inf
4.46089
4.87749
inf
4.6948
5.00433
inf
inf
4.4487
4.22805
inf
4.84675
5.04954
4.53759
4.86383
inf
inf
inf
4.066
4.96647
4.28005
inf
5.06535
4.25829
4.9358
4.27047
4.21878
inf
4.44245
4.99336
inf
4.35033
4.32024
4.96221
4.28764
3.96154
inf
4.8704
4.94632
4.33456
4.2061
5.05328
4.78451
5.10586
5.03638
4.46677
4.68347
inf
inf
4.43382
4.21951
inf
4.72594
4.50228
5.09549
4.65165
4.73802
inf
4.45775
4.4957
4.78843
4.77772
inf
inf
4.83647
4.32548
4.36404
4.42474
5.22838
inf
4.4265
4.68941
4.68172
4.67233
inf
5.0105
4.55427
4.51611
5.08531
4.58078
5.11063
4.5044
4.3479
4.45717
5.03817
4.78522
4.50186
4.71018
4.79496
4.49895
4.89737
5.00596
4.68424
5.51273
4.59107
4.71787
4.78935
4.68166
4.86968
4.57063
4.62909
4.58225
4.44325
4.45806
4.27489
