4.55057
4.32919
4.27263
4.17172
4.04627
4.05
3.969
3.78312
3.85225
3.84668
3.80384
3.83709
3.56375
3.81334
3.68844
3.62972
3.45643
3.61807
3.69887
3.6315
3.83845
3.84404
3.8118
3.85249
3.73248
3.92839
3.65327
3.77515
3.65243
3.71942
3.52886
3.94781
3.68129
4.07696
3.59814
3.74971
3.99346
4.13888
3.68162
4.06717
3.83922
4.08567
3.86868
3.67581
4.16116
3.66918
3.85292
3.97723
3.87353
3.70138
3.80285
3.86318
3.93644
3.6948
3.72211
4.27772
3.78196
3.87538
4.73315
3.67977
4.16628
inf
4.46374
3.84073
3.84378
3.55267
4.22418
3.98213
4.12993
4.09041
4.41154
3.85479
3.9176
4.24476
4.23172
3.62233
3.99747
3.99218
3.74152
3.96117
4.57753
3.97601
4.22507
4.17399
4.04752
5.0633
3.77944
3.5394
4.32058
3.62247
3.69157
3.92086
5.02675
4.31193
4.51476
3.92724
3.8063
4.01996
3.86721
3.92811
3.83972
3.94179
4.21502
3.78097
4.34117
4.3825
3.66446
4.04897
4.11779
4.32205
4.12737
4.1334
3.8165
4.12887
4.29471
4.20632
3.49754
3.60467
3.74865
4.05827
3.94451
4.37102
4.11041
3.93782
4.04127
4.13815
3.83486
4.20593
4.22196
4.99608
3.60362
3.96354
3.78981
3.92765
4.37764
3.96253
3.82865
3.64756
3.97764
4.1056
3.74595
4.04432
3.77128
4.16195
4.11721
4.19729
4.61646
4.61518
4.41755
4.07139
3.6907
4.00705
3.98461
4.13032
4.22253
3.89145
4.43132
4.09452
4.06071
4.4417
3.98637
4.02755
3.70769
3.69323
3.93618
4.08268
4.04567
4.28974
4.23835
4.18249
4.19585
4.1879
3.71965
3.98876
4.01401
4.02635
3.84216
4.38118
4.80298
3.97784
3.88833
4.54102
3.98377
3.95044
4.56434
4.02445
3.93406
3.6887
3.7944
3.9626
3.97515
3.82728
4.28324
4.42985
3.73419
3.89226
3.97306
3.88779
4.12296
3.65959
3.83365
3.76423
3.81131
3.69973
3.97591
4.43345
4.10873
3.89354
4.0099
3.96381
4.07723
3.99072
3.76586
4.03241
3.65194
3.83747
3.83966
3.73537
4.07767
3.83108
3.85329
4.13888
5.24907
3.746
4.52862
3.74848
4.07165
3.99731
4.19512
4.19133
3.88326
4.13532
4.14324
4.02154
4.1143
3.84403
4.15908
4.23123
3.713
3.88089
3.83347
3.77846
4.10844
4.35926
3.83706
4.2685
3.93564
3.77038
4.27607
3.90468
4.0456
3.76013
3.65409
4.21391
3.64863
3.72697
3.91783
3.95729
4.02616
4.00067
4.08822
3.93408
4.20009
3.62169
4.33088
3.68664
3.54073
3.75396
3.67536
3.97845
3.94871
3.92558
4.32658
3.99974
4.02553
4.11164
3.60984
3.67822
4.36726
3.84541
4.17583
3.60939
3.62287
3.93663
4.5989
4.20754
4.66123
4.01941
4.30161
4.29486
4.19531
4.00418
4.17721
3.76063
3.92604
3.90916
4.5929
4.11577
4.30443
4.30119
3.92875
4.12537
4.03428
4.13589
3.92481
4.15587
4.18385
4.36328
3.94326
3.61391
4.21288
3.91738
3.75229
3.82722
3.68521
3.8696
3.9884
4.02879
4.05571
3.73939
4.35716
4.12944
3.85541
3.60604
4.25437
3.691
4.18549
3.79013
3.8575
3.91579
4.10973
3.96964
4.13462
3.99944
3.52826
3.87384
4.18552
3.63384
3.7462
4.30592
3.84312
5.05221
4.086
4.32771
3.94021
3.67368
3.69797
4.01466
3.89303
3.77506
3.98786
4.04751
3.76191
3.94419
4.17459
4.09865
3.75846
3.59358
3.94309
3.66627
3.77977
4.08991
3.81482
3.79407
4.00799
4.22574
3.6511
3.76199
3.7483
3.95101
3.89516
3.67885
3.7826
3.69947
3.83162
3.67
3.7359
3.81921
4.07238
3.75762
3.57328
3.52319
3.67441
4.10459
3.82482
3.78701
3.77049
3.91566
4.10847
3.73387
3.87352
3.83554
4.03349
3.98261
3.90177
4.15248
4.01036
4.30728
4.24272
4.4877
