4.66568
4.7742
4.81894
4.52088
4.71172
4.36223
4.52318
4.26152
4.20689
4.11501
4.16185
4.06055
4.21554
4.11386
4.16652
4.15242
3.92258
3.99341
4.54426
5.10994
4.10434
4.00416
4.03408
4.80693
4.25505
4.15222
4.56795
4.17499
4.02208
3.91605
3.94797
3.90996
3.81776
4.23839
3.75052
4.16873
4.05185
3.93948
4.34072
3.90494
4.17645
4.12037
3.7847
4.81424
4.05113
3.97102
4.20854
3.87362
4.71803
3.95782
4.07689
4.29448
3.97141
3.78124
4.45106
4.02948
4.16109
3.82535
4.69766
4.24154
3.91314
3.98451
4.38469
4.18255
3.66118
3.84888
3.73877
4.09762
4.21895
4.18153
3.78959
3.63227
3.96691
3.77847
4.20433
3.92696
4.06095
4.32843
4.10818
4.20355
3.87367
inf
4.12004
4.63417
3.86906
5.02594
4.18127
3.93158
3.91276
4.10942
4.60506
4.47279
4.55919
4.19028
4.55107
4.1474
4.25576
4.10582
4.92118
4.48174
4.87633
3.77071
4.16113
4.10827
4.48345
3.74301
4.03603
4.0564
3.87179
4.27795
4.8481
4.24647
3.72471
4.01036
3.86212
4.32945
4.96872
3.98946
3.80785
4.26683
4.03895
4.04045
4.9705
4.07552
4.58415
4.57936
4.2392
3.95916
4.32438
3.85379
3.78284
4.00818
4.23592
4.35053
3.75818
4.59107
4.35614
4.51712
4.91327
4.35412
4.05947
4.25963
4.2975
4.24937
4.07298
4.36126
4.48848
4.05419
5.06402
4.29547
4.33073
4.60701
4.00395
3.87224
3.86331
4.16197
4.5302
4.1988
4.3209
4.06976
inf
4.44262
4.54252
4.19798
4.37722
4.55535
4.11892
4.19295
4.1958
4.14216
4.0039
5.18846
4.48683
4.43261
4.5248
4.73021
4.36227
4.04338
4.49773
4.23757
3.95597
4.56466
4.73504
4.38114
4.52161
3.9851
4.79245
3.98369
3.98064
3.91958
4.53317
4.2435
4.46357
4.52758
3.84861
4.18471
4.1264
3.87446
4.1574
4.09754
4.29316
4.03649
4.18038
4.58585
4.26343
4.68581
3.79365
4.16533
4.13718
4.20742
4.20671
4.20206
4.41597
3.96605
4.10599
3.95882
4.69228
4.47372
3.98309
3.84388
4.72033
4.09154
4.16661
4.15752
4.47885
4.16318
4.3263
4.22114
4.68663
4.12578
4.2252
5.15675
3.84193
4.25287
4.60104
4.28023
4.36926
4.34199
4.17395
4.4291
4.06493
4.5852
4.19877
5.00847
4.302
3.93233
4.52993
3.96964
4.42127
4.22401
3.98392
3.87544
4.21288
4.3233
4.18265
4.33393
4.33911
3.85508
4.32675
5.02214
4.19803
4.35772
5.04988
5.0165
4.32533
3.8569
4.33175
4.19725
4.16798
4.34832
4.57219
3.72781
4.31163
3.77426
5.00121
4.13186
4.05715
4.58696
3.98532
4.0041
4.33395
3.79714
4.26897
4.39536
3.87735
4.29863
4.31723
4.22015
3.82559
4.29627
4.32198
4.30054
4.25847
5.03722
4.09049
4.60621
4.3061
4.92986
4.62095
5.03665
4.64294
4.26612
3.50123
4.31343
4.35489
4.33549
4.13675
4.28054
4.11182
4.33088
5.13794
4.38379
4.03977
4.57055
4.04771
4.01679
3.96901
4.09453
3.75922
4.03386
4.2356
4.0796
4.32243
4.25709
5.00367
4.22902
3.78649
4.00227
3.83986
4.46836
4.39323
3.75991
3.78806
4.29854
5.13101
inf
4.39814
3.72535
4.49751
3.94751
4.27261
3.95943
4.45563
4.48667
3.94663
3.75849
4.07795
4.25003
4.1672
4.10262
4.1465
4.54692
4.10496
4.08919
4.07559
3.91981
4.39488
4.92445
4.25794
4.59969
5.27803
4.12376
4.17487
4.94008
4.68306
4.56086
4.35644
4.27055
4.31843
4.21414
4.63006
4.36179
4.25319
4.14938
4.3279
4.27583
4.43368
4.59012
4.63732
4.24677
4.3496
4.6361
4.16284
4.11654
4.9211
4.8288
4.47564
4.51008
4.23581
4.22608
4.56321
4.56129
4.1596
4.39847
4.34653
4.11804
4.44942
4.30672
4.26111
4.16364
