4.9686
4.74729
4.56191
4.69986
4.26947
4.46479
4.30192
4.16577
4.45858
4.159
4.70414
4.11572
4.33042
4.12852
3.963
3.97406
4.13173
4.0281
4.08291
4.30674
4.40966
3.99987
4.1503
4.20781
4.10619
3.88783
3.98126
4.1047
4.29944
3.93636
4.13994
3.92716
4.36607
4.11872
4.36764
4.01244
4.00165
3.89009
3.98874
3.83002
4.12906
3.90762
3.94453
4.07257
4.07254
4.02321
4.60149
3.87139
3.96234
4.32748
3.93467
3.87102
3.94602
4.28765
3.84083
4.40024
4.02814
3.74026
3.68386
3.66534
4.05921
3.70028
4.02387
3.83967
3.78893
3.72111
3.81327
4.49912
4.23992
3.86156
4.32093
3.84217
inf
3.84088
4.35117
3.94427
3.99895
3.93067
4.12336
4.19514
3.99521
4.45779
4.16399
4.13897
4.70038
4.20518
4.13002
4.13501
4.44309
3.96967
4.10176
4.02556
4.00309
4.46
4.17295
3.94797
4.29197
3.96604
4.14322
4.03216
4.3567
3.75644
5.06025
4.22527
4.10157
4.2389
3.78315
4.64078
3.97817
4.01799
4.34817
3.99554
4.21273
4.02925
4.23166
4.11872
4.44353
3.80674
4.25073
4.20212
3.93048
4.4233
4.67782
4.20201
3.98764
4.43059
4.09048
3.96138
4.01245
3.71381
4.41369
4.40969
3.90803
4.68732
4.12176
3.9902
4.70658
4.01917
3.99481
4.13997
4.70239
3.98699
4.14177
4.36554
3.86543
4.25414
inf
4.08633
4.14621
4.0467
3.81473
4.59502
3.97603
4.09276
5.12867
4.0455
4.08906
4.43746
3.75518
4.67181
4.06877
4.13371
4.2764
4.18514
4.14018
4.373
4.08552
4.74802
4.22432
3.84937
4.03604
4.27277
4.17499
4.2657
4.50289
3.83002
3.98178
4.3506
4.04244
4.00208
4.18194
4.45429
3.83508
4.16261
4.09954
3.82589
4.31256
4.03556
4.32833
3.99307
4.06467
4.28727
4.28235
3.88324
4.30154
4.27433
4.51926
3.91766
4.16835
4.09458
4.05325
4.16078
4.54
4.05261
4.7612
4.66745
3.8999
4.38022
4.88545
4.2273
4.61795
3.9008
4.12762
3.95074
4.05496
4.16683
3.96355
4.09606
4.4902
3.85596
4.27356
4.35541
4.08079
4.06626
3.91803
4.1574
4.34573
4.30708
4.49683
3.9501
5.09327
3.62166
4.62336
4.37616
4.13009
4.00907
4.41068
3.93389
4.24444
4.6565
3.91093
3.95492
5.16976
3.98014
4.55467
3.92566
3.79449
4.6022
4.62149
4.08041
4.14586
4.27738
4.03008
4.39481
4.53242
4.16382
4.36922
4.13108
4.39748
4.0456
4.89335
5.03586
5.0256
4.31997
4.10062
4.05827
3.88757
4.00188
4.16726
3.93245
4.57199
4.02538
3.96779
3.74557
3.9715
3.79061
4.10168
3.97853
3.91454
4.10696
4.0129
4.12462
4.45816
3.82072
4.00963
4.33059
4.89153
4.32389
4.14949
3.92031
4.09594
4.53038
3.90702
3.96314
5.02971
3.99297
4.06994
4.54264
4.98231
3.96469
3.78671
3.99352
4.53287
4.10069
3.92535
4.26326
3.95114
3.66438
4.60795
4.33539
4.29449
4.30835
3.98079
3.8346
3.80145
4.56639
3.914
4.01613
3.81101
3.81943
4.99708
4.27749
4.02547
4.545
4.61507
4.57151
4.09496
4.18299
4.18934
3.99203
4.57191
5.03348
4.07258
4.61872
3.9602
4.24148
4.05438
4.2547
4.00673
5.08473
3.98065
3.87762
4.45218
3.97214
inf
3.9092
3.91771
4.67856
4.49051
5.04651
4.31972
4.69194
4.00022
4.05595
4.50989
4.05658
3.79016
4.34685
3.94202
4.1633
3.97365
4.42624
4.2712
4.43678
4.32682
4.64545
4.47134
4.37459
3.96733
3.97103
3.9607
4.08489
4.24092
3.97388
4.44074
4.44965
4.63217
4.5719
4.51924
4.75283
4.09792
4.01293
4.39052
4.14758
4.49594
4.21475
4.23494
4.24465
4.28661
4.45675
4.21808
4.38625
4.23321
4.31178
4.22665
4.2952
4.30293
4.20625
4.21444
4.20125
