3.24118
3.32253
3.37646
3.36502
3.49494
3.47243
3.50751
3.46139
3.65889
3.5493
3.4965
3.66229
3.57899
3.59101
3.807
3.67417
3.61656
3.6807
3.64973
3.6251
3.66535
3.61862
3.50952
3.63144
3.66438
3.7472
3.74067
3.46283
3.56903
3.6008
3.82489
3.47768
3.66872
3.71173
3.69076
3.51032
3.62674
3.49364
3.76725
3.80667
3.53423
3.5261
3.53383
3.68683
3.72233
3.58927
3.58081
3.59668
3.87732
3.60658
3.62743
3.61479
3.56235
3.71302
3.53138
3.60426
3.47645
3.50072
3.74888
3.52442
3.57923
3.60057
3.50859
3.43368
3.50496
3.59919
3.66721
3.50671
3.83487
3.57049
3.55232
3.54938
3.50701
3.74413
3.84031
3.76531
3.43824
3.5269
3.93194
3.74057
3.80316
3.6495
3.68206
3.79933
3.81248
3.69385
3.59085
3.61419
3.52095
3.43798
3.77749
3.40589
3.49066
3.54683
3.83896
3.42705
3.59801
3.86673
3.93798
3.45979
3.51044
3.55019
3.43077
3.53275
3.62989
3.51819
3.52653
3.52681
3.58486
3.38771
3.41278
3.62911
3.75984
3.64811
3.57705
3.48291
3.51011
3.44644
3.54634
3.74283
3.42796
3.51974
3.72588
3.76867
3.68607
3.63582
3.43821
3.65014
3.5389
3.3939
3.51973
3.60785
3.49066
3.68031
3.4922
3.45944
3.57042
3.55749
3.49749
3.65829
3.73119
3.66463
3.5667
3.73775
3.63078
3.7519
3.47973
3.67575
3.54438
3.65669
3.51671
3.69543
3.80751
3.61622
3.46197
3.57393
3.69755
3.50852
3.67485
3.77071
3.48723
3.53126
3.4191
3.52133
3.67763
3.54974
3.7565
3.91157
3.68568
3.62691
3.71955
3.38651
3.54626
3.51413
3.61466
3.42511
3.80236
3.42277
3.42806
3.63281
3.6668
3.51667
3.64228
3.41486
3.38348
3.64276
3.65866
3.47972
3.39414
3.65132
3.84463
3.62763
3.80136
3.6923
3.59145
3.86036
3.59851
3.48886
3.55582
3.47775
3.53561
3.60436
3.49599
4.13101
4.14701
3.53635
3.65451
3.62003
3.69425
3.89208
3.76724
3.81073
3.6874
3.53566
3.64546
3.32505
3.71728
3.67759
4.21819
3.53443
3.45293
3.43937
3.44628
3.59278
3.96016
3.31066
3.34773
3.36138
3.79378
3.73002
3.47293
3.31367
4.34016
3.84577
3.5756
4.02651
3.7852
3.37356
3.34059
3.4338
3.54746
3.66647
3.69909
3.57754
3.22352
3.6646
3.3151
3.84319
3.8941
3.64548
3.61487
3.33193
3.47905
3.4599
3.78351
3.60782
3.51583
3.50727
3.41973
3.72256
3.35927
3.47143
3.88438
3.66103
3.56121
3.59234
3.54205
3.76415
3.47801
3.74207
3.61832
3.76302
3.93091
3.56954
3.94749
3.70743
3.91971
3.37791
3.90973
3.46761
3.61732
3.4506
3.58362
3.58131
3.29483
4.20321
3.74882
3.74508
3.4103
3.37068
3.88575
3.53394
3.57234
3.83254
3.43863
3.92545
3.56341
3.87883
3.69874
3.60361
3.41492
3.85323
4.21641
3.41306
3.71289
3.81847
3.26796
3.66873
4.38177
3.61597
4.1356
3.34403
3.72519
3.35261
3.54707
3.7454
3.86936
3.5638
3.8129
4.1282
3.64125
3.40216
3.23025
3.86922
3.67432
3.51232
3.42225
3.41196
3.56501
3.73693
3.36273
3.60505
3.86716
3.41851
3.56702
3.53027
3.53139
3.55934
3.50172
3.69334
3.56154
3.39024
3.90686
3.2225
3.46925
3.83835
3.58676
3.9356
3.38389
3.803
3.51289
3.25668
3.15975
3.38579
3.95493
4.17714
3.49412
3.31924
3.80295
3.38578
3.3583
3.71914
3.48379
3.27684
3.51329
3.34501
3.78496
3.66219
3.23504
3.39934
3.58676
3.09837
3.67437
3.47345
3.19401
3.82849
3.55505
3.48807
3.77771
3.44118
3.48009
3.57288
3.80965
3.75931
3.37056
3.37455
3.639
3.20643
3.68046
3.28982
3.60771
3.35964
3.42678
3.70327
3.46172
3.56766
3.44952
3.42708
3.4974
3.41649
