inf
inf
inf
inf
inf
inf
inf
inf
inf
inf
inf
inf
inf
inf
inf
inf
inf
inf
inf
inf
inf
inf
inf
inf
inf
inf
inf
inf
inf
inf
inf
inf
inf
inf
inf
inf
inf
inf
inf
inf
inf
inf
inf
inf
4.56868
inf
inf
inf
inf
inf
inf
4.49938
4.61653
inf
inf
inf
inf
inf
inf
4.48738
4.39687
4.55369
inf
4.48828
4.45605
inf
4.63249
4.48863
inf
inf
inf
inf
inf
4.51617
inf
4.53453
inf
4.56473
inf
inf
4.53931
4.18454
4.51236
4.56245
4.55458
inf
inf
4.09925
3.85924
4.60834
inf
inf
4.60546
4.56169
inf
inf
inf
4.60254
inf
inf
4.57222
4.63767
inf
4.57941
3.97098
3.94688
inf
4.69154
4.2786
inf
4.68001
4.70282
inf
inf
4.21173
4.64519
4.10394
4.78356
4.22751
4.75473
4.73136
inf
inf
4.68072
4.74186
4.32515
4.76504
4.28461
4.71663
4.69975
inf
4.83258
inf
4.77348
inf
inf
inf
inf
4.11154
4.39411
4.38526
4.81788
4.42875
4.44506
3.98277
inf
inf
4.46303
4.18361
4.85724
4.78456
inf
4.48898
inf
4.52776
4.35882
4.26362
4.53601
4.29412
4.55529
4.93749
4.91906
inf
4.95703
4.06079
4.12626
4.58662
4.98605
inf
4.37113
4.99728
4.62095
4.67733
4.0689
4.60973
5.10176
inf
4.44292
4.72946
4.73148
4.66999
4.51125
4.52381
4.36084
4.80263
5.15784
4.24021
5.07048
4.88469
4.55975
4.58585
4.13805
4.64372
4.10589
5.20798
4.3991
4.78152
5.03195
4.44267
4.57306
4.39253
4.22735
4.26533
4.99631
4.65058
4.41758
4.46059
4.99133
4.41566
4.95138
4.24423
4.30775
4.8654
5.30204
4.818
4.39971
4.78877
4.11798
inf
4.37072
4.27975
4.16892
4.82428
4.70721
4.4295
4.72431
4.74605
4.79599
4.41684
4.69396
inf
4.70748
5.18798
4.6833
5.12893
4.43538
4.45132
4.55953
4.64795
4.63684
5.08822
5.03305
4.59283
inf
5.10619
5.09486
4.37462
4.23074
4.54816
inf
5.04315
4.3447
5.12796
3.84559
4.63297
4.44598
4.33795
4.57672
4.36061
5.08979
inf
4.34299
inf
inf
4.96248
4.99101
5.05114
4.1115
4.66011
inf
4.84897
4.16469
4.56214
5.02318
4.36629
4.49636
inf
5.06138
inf
4.38379
4.29741
4.03576
3.98386
4.58162
3.92114
inf
4.53152
4.17601
4.91556
4.25787
4.37204
4.61722
4.50869
4.34
4.03708
4.35739
3.82634
inf
4.99747
5.07066
4.29004
4.58964
4.94312
3.98531
4.27272
4.30923
4.29007
4.58018
4.52413
4.89911
4.95042
5.06068
5.02788
4.34162
4.13554
4.00118
4.91213
4.35323
4.97426
4.55355
4.07994
inf
4.61476
4.89263
4.99711
4.53704
4.61383
4.35816
4.6598
5.09229
4.25359
5.07231
4.65991
4.37663
4.10973
4.39059
4.94329
4.63161
3.90446
5.02378
3.9016
inf
4.70398
3.99359
3.83501
4.28365
4.07289
4.04289
4.06859
4.17734
4.28731
4.17259
4.47713
4.35042
4.21535
4.80984
4.54702
4.2523
inf
4.39242
4.40959
4.59263
3.91483
4.62815
4.3491
4.28008
4.00237
4.11626
4.41784
4.09903
4.52798
4.26537
4.60835
4.13225
4.54196
4.68012
4.47563
4.40701
4.31821
4.42116
4.47473
4.68948
4.36925
4.00514
4.5916
4.3631
4.50769
4.3642
4.24739
4.29003
4.30661
4.22216
4.25966
4.54098
4.5405
4.31049
4.18683
4.17693
4.30701
4.1616
