4.42665
4.61756
4.51801
4.99567
4.45105
4.51855
4.27893
4.81921
4.3836
4.51647
4.2265
4.76717
4.46241
4.83372
4.7095
4.59373
4.31653
5.14904
5.56102
4.82535
4.83089
5.47783
4.43996
4.46845
4.1884
4.65954
4.89833
inf
4.46061
4.34011
4.3504
4.18656
3.96087
inf
4.72343
4.00241
4.70787
4.60102
inf
4.76474
4.24022
5.1342
4.2481
4.68836
4.60276
4.77589
4.40283
4.59253
4.78887
4.42727
4.22245
4.50187
4.59343
4.84308
4.29007
4.07448
4.21753
4.09561
5.13004
4.50432
4.65796
4.20541
5.13115
4.35267
4.28163
4.3938
4.17622
4.43525
4.1439
inf
inf
4.03359
5.03498
3.97661
4.25952
4.90665
4.37536
3.8496
4.20775
inf
4.34335
4.33152
5.00893
4.29503
4.19343
4.01924
4.17514
4.65055
3.98374
4.75743
4.2656
4.36109
4.15995
4.3608
4.23707
4.30315
inf
5.01588
4.07625
4.22327
4.53964
4.36649
inf
4.26978
5.00425
4.43847
4.06776
inf
4.2021
4.26948
4.54731
4.51608
4.4264
inf
4.30132
4.62745
4.75373
4.14599
5.01395
4.1238
inf
inf
4.40476
4.33748
4.24697
4.80681
4.3716
4.56326
4.22509
4.29711
inf
3.97206
4.29859
4.57775
4.98793
4.42086
5.06942
4.48327
inf
4.6217
4.01774
4.23071
inf
4.24065
4.16015
4.83694
4.68634
4.46198
5.15815
3.95518
5.09503
4.31055
4.32978
3.85064
4.22228
4.57785
4.36798
4.52636
5.18271
3.94353
4.08765
4.66324
4.21875
4.39626
4.12733
4.22247
4.64706
4.35133
4.40315
5.00529
4.40955
3.89484
4.18833
4.64212
4.49143
4.54748
4.57326
4.71698
5.25524
4.64249
4.31952
4.59085
4.99969
4.13286
4.07715
4.32178
4.39143
4.52875
4.30143
4.49122
4.35324
4.39928
5.36638
4.28019
4.26705
4.54059
4.30672
4.58774
4.50718
4.20421
4.94808
4.70014
4.28943
4.08876
4.73723
4.53861
4.05918
4.37395
4.7832
4.74057
4.46374
4.88652
4.35072
4.20307
4.65712
5.34467
5.14649
4.3042
4.37584
4.30281
inf
3.98361
4.28326
4.38285
inf
4.8242
4.41195
4.15681
4.84337
4.46276
4.52457
3.99174
4.18344
4.03939
4.19885
4.79099
4.38899
4.80518
4.16754
4.19474
4.04506
inf
4.60633
4.31564
4.6743
4.28207
4.47439
3.73914
4.28448
4.24417
4.48544
5.1689
4.12056
4.15736
4.64436
4.30424
4.71095
4.15563
4.08929
4.17461
4.92213
4.30882
inf
4.65516
3.8596
4.64845
4.15926
4.19689
4.41869
4.08839
4.0347
4.22093
4.23496
5.02931
4.68695
4.02551
4.18649
4.3502
4.92443
inf
4.86146
4.12033
4.63085
4.64566
inf
4.3251
4.5895
4.60463
4.14883
4.18485
4.63035
4.27193
5.07099
5.09053
3.96083
4.30114
4.2957
4.33074
inf
4.33892
3.99196
inf
4.95343
4.04835
4.32178
4.54503
5.05804
4.04319
5.04965
4.30856
4.89379
4.51396
4.63967
4.19202
5.03737
4.19947
4.57477
4.19933
4.36371
4.56665
4.59226
4.68715
4.6213
4.31385
4.34892
5.04043
5.06575
inf
4.5966
4.0645
4.36233
4.99508
4.66856
4.11592
4.63239
4.21472
4.64136
4.65399
3.91758
5.15273
4.08884
5.06068
5.10565
4.10766
4.18553
5.19289
5.15975
4.06732
5.1078
inf
4.73357
4.50534
inf
4.33443
4.18811
4.3407
4.8157
4.15778
5.29316
4.55321
4.09559
5.08894
4.18308
5.32281
4.16162
4.6673
4.30504
5.3408
4.38513
5.42371
4.29449
4.12093
4.22113
4.4288
4.85339
4.79303
4.54199
4.88093
4.45735
4.62989
4.57535
4.58696
4.66107
4.49676
4.49217
4.45227
4.40812
4.69861
4.29443
4.39416
4.64741
4.3686
4.25703
4.43918
4.29269
4.45885
4.482
4.29358
4.28839
4.11803
