4.5349
4.52858
4.63919
4.35615
4.58077
4.68365
4.45402
4.98467
4.63534
4.74913
4.65957
4.78087
4.68853
5.04444
4.91538
4.96624
4.63163
4.2983
4.82993
4.87372
4.84074
4.36256
4.80318
4.48684
4.39619
inf
4.60192
4.8266
5.44424
4.42451
inf
4.27305
4.73863
4.67175
4.95374
5.46435
inf
4.72958
4.67459
4.65415
4.47479
4.60499
4.37945
4.58968
5.2308
5.24076
5.16944
5.26241
inf
4.6736
4.59019
4.61181
5.00262
4.31436
4.20566
4.31496
4.48652
4.32154
4.78738
4.44684
5.21503
4.27824
4.60943
4.44607
4.84808
4.31917
4.16265
4.75746
5.07503
4.5865
4.06347
4.18299
4.93536
5.08841
4.35404
5.01338
5.08189
4.68904
4.19837
4.6934
4.87294
4.30379
inf
4.59814
5.08396
4.64625
4.62156
4.62969
4.36655
4.6664
inf
4.28019
5.02013
4.58508
4.59927
inf
4.08026
inf
inf
4.33088
4.63793
5.00371
4.47977
4.59206
4.36599
5.04901
4.54328
4.5393
4.31902
4.67652
4.9333
3.90977
4.32645
4.31903
3.89829
inf
4.86692
4.58778
4.52342
4.36403
4.86749
inf
4.33312
4.80366
4.97283
4.17597
4.5726
4.472
3.97419
4.32901
4.1258
4.1081
inf
4.11194
4.08547
4.91692
4.96042
4.95434
4.58689
4.54718
4.57165
4.59334
4.9482
inf
5.05768
5.05935
4.60309
4.51212
4.10138
4.31535
4.54513
4.31853
4.30946
4.28117
4.36545
5.00006
4.94787
4.58527
4.3415
inf
4.65564
4.22518
4.30365
4.1639
5.03767
5.01933
inf
5.00176
4.20305
4.62664
4.65635
4.63774
4.12023
4.39506
4.5695
5.08594
4.7311
4.10076
4.6781
4.70678
4.30607
inf
4.27195
5.08352
4.70178
4.73095
4.45209
4.72471
4.25514
5.22344
5.22695
5.25301
4.59545
4.56395
inf
4.62545
4.08481
4.77732
4.79724
4.44647
4.90245
4.66488
4.97237
4.96824
4.60763
4.86948
4.43966
4.60769
4.81844
4.84917
inf
4.82388
inf
5.21692
4.53988
5.03365
4.45433
4.48143
4.35617
4.23526
4.1801
4.66723
4.38068
5.10222
4.63887
4.19341
inf
4.43773
4.38134
5.01231
4.46698
4.41236
5.0006
5.04676
4.19902
4.63579
4.64147
inf
4.39751
5.04827
4.21101
4.95378
4.52661
5.04409
4.55942
4.15278
5.02464
4.95154
4.56676
4.49612
4.07925
4.29578
4.27496
5.06827
4.5081
4.48552
4.52388
inf
4.99037
4.30115
4.27005
4.97706
4.53459
inf
4.51366
4.95227
4.81692
4.81945
inf
4.29406
4.55021
5.01133
4.29421
4.47213
4.43923
4.27437
4.09701
4.24729
4.87324
4.96694
4.09193
inf
4.98687
4.00847
4.81928
4.25321
4.49172
4.45118
4.97708
4.45388
4.52561
4.89609
4.19946
4.81928
inf
4.46213
inf
4.05713
inf
4.93015
4.24421
4.92559
4.48416
4.9414
4.26627
3.9544
4.93607
inf
4.30781
4.89289
4.52358
4.90007
inf
4.55666
4.93051
4.27457
4.51041
inf
4.85321
4.56412
4.02614
4.54629
inf
4.10512
4.61553
4.46557
5.00313
4.8468
5.03405
4.55057
4.61659
inf
5.03665
inf
4.57335
4.32937
4.95817
4.5437
4.63116
4.95609
4.39543
inf
4.59969
inf
5.07636
4.45097
4.44901
4.63977
inf
4.46736
4.43336
5.09402
4.35932
4.75096
5.19931
inf
4.56241
4.79962
inf
4.36385
inf
4.81219
5.21495
5.24772
4.839
inf
5.25994
5.33747
4.33565
4.49788
4.95199
4.56318
5.01823
5.01399
inf
5.02691
4.84632
4.85175
4.54073
4.87292
5.52896
4.39105
5.70076
4.53511
4.7565
5.25507
4.53807
4.84637
4.88645
4.59807
4.37145
4.76821
4.78108
4.85587
4.66769
4.69231
4.4025
4.56622
4.33081
4.04874
