6.98794
inf
inf
5.92249
inf
5.60428
5.56046
inf
inf
inf
inf
inf
inf
inf
5.29227
inf
5.14874
inf
inf
inf
inf
inf
4.99551
inf
inf
inf
inf
inf
inf
inf
inf
inf
inf
inf
inf
inf
inf
inf
inf
inf
inf
inf
4.73593
inf
inf
4.75664
inf
inf
inf
inf
inf
inf
inf
inf
inf
inf
inf
inf
inf
4.66379
inf
inf
4.55773
inf
inf
4.62259
inf
inf
inf
inf
inf
inf
4.575
inf
inf
inf
inf
inf
inf
inf
inf
inf
inf
inf
inf
inf
inf
inf
inf
inf
inf
4.6085
inf
inf
inf
inf
inf
inf
inf
inf
inf
inf
inf
inf
inf
inf
inf
inf
inf
inf
inf
inf
inf
inf
inf
inf
inf
inf
inf
inf
inf
inf
inf
inf
inf
inf
inf
inf
inf
inf
inf
inf
inf
inf
inf
inf
inf
inf
inf
inf
inf
inf
4.71477
inf
inf
inf
inf
inf
inf
inf
inf
inf
4.68153
inf
inf
4.5487
4.7537
4.69136
inf
inf
inf
inf
inf
inf
inf
inf
inf
inf
inf
inf
4.14062
inf
inf
4.74783
inf
4.63175
4.90698
inf
4.75654
inf
4.84606
inf
inf
4.19821
inf
5.02302
4.73587
4.92854
4.78723
inf
inf
4.46223
inf
inf
inf
5.10936
4.13133
inf
4.82925
5.19008
5.19274
4.28003
5.01168
5.24734
inf
inf
inf
inf
inf
inf
inf
inf
4.50423
inf
4.76791
5.03204
4.84995
5.05867
inf
4.79784
inf
4.96594
inf
4.53038
inf
4.41251
4.87597
inf
4.43301
inf
inf
4.89231
inf
4.88001
4.76154
4.95938
inf
4.82127
4.85771
4.86146
inf
inf
inf
inf
4.85433
4.94195
inf
4.93477
4.85979
inf
4.80395
inf
4.43702
4.8888
inf
4.86304
4.37155
4.41979
inf
4.91012
inf
4.90177
4.98002
inf
4.81145
4.8335
4.14833
4.88092
4.84885
4.87583
inf
4.46645
4.81713
inf
4.46797
inf
3.95193
inf
4.86995
inf
inf
inf
4.26501
4.55388
4.51778
4.22162
4.08425
4.94367
4.95057
4.50547
4.54034
inf
4.83451
4.95515
3.99229
4.2541
4.99773
4.51178
inf
5.01405
4.53005
4.55497
5.04123
4.93758
4.98758
4.61525
inf
4.56685
4.89853
5.00653
5.00907
5.03651
inf
4.35743
4.59552
4.3383
4.94795
4.64749
inf
5.0168
inf
4.66906
4.3971
4.20074
4.37951
5.05765
inf
inf
4.42189
inf
4.25803
5.12046
5.03276
inf
5.10208
4.18179
4.67552
inf
5.01645
4.66537
4.516
4.77953
4.73847
5.18608
4.52668
4.52877
5.23253
4.53167
4.11641
4.5927
5.21979
4.41254
4.15547
4.17522
5.08896
4.10164
4.54287
4.84519
4.65015
4.88277
4.66515
4.8583
4.65767
5.32022
5.32518
4.54843
4.69888
4.56217
4.98466
4.21832
4.79055
4.52646
4.59776
4.58195
4.77207
4.80373
5.47372
4.66526
4.53874
4.89703
4.93908
4.67906
4.36071
4.59979
4.62303
5.7362
4.81439
4.7386
4.26928
5.03833
4.38322
4.80083
4.6788
4.35055
4.86037
4.34671
4.50331
4.37621
4.23117
4.08931
