3.36491
3.41603
3.43151
3.45003
3.45877
3.44193
3.47512
3.44145
3.4324
3.40238
3.52531
3.41422
3.52436
3.2894
3.50987
3.39532
3.48551
3.42277
3.41225
3.54848
3.36687
3.41825
3.32636
3.4446
3.4775
3.44945
3.48306
3.38106
3.38652
3.47789
3.41548
3.52039
3.39461
3.50514
3.26195
3.41821
3.42478
3.2583
3.38251
3.49866
3.42141
3.52227
3.58115
3.34185
3.48446
3.63608
3.57787
3.60067
3.39596
3.41633
3.2941
3.54873
3.40572
3.48094
3.45622
3.32004
3.42345
3.69307
3.45027
3.47723
3.36459
3.49128
3.51369
3.34682
3.34713
3.43773
3.33574
3.39424
3.3743
3.22175
3.4464
3.43922
3.31302
3.5737
3.34905
3.1782
3.58464
3.57244
3.33826
3.64227
3.40691
3.78717
3.4626
3.51533
3.36849
3.4598
3.37296
3.37385
3.49891
3.74425
3.43778
3.36936
3.43232
3.44289
3.53885
3.53042
3.38875
3.31418
3.54261
3.5755
3.40103
3.3688
3.53155
3.38569
3.42436
3.32479
3.48227
3.57991
3.41887
3.50466
3.44746
3.5993
3.7746
3.49924
3.62195
3.35221
3.49702
3.41755
3.48747
3.33445
3.99367
3.56723
3.7819
3.5962
3.56427
3.55995
3.44012
3.35814
3.34558
3.23345
3.30095
3.50828
3.52006
3.44713
3.44251
3.33191
3.47187
3.39014
3.41391
3.55506
3.38836
3.48856
3.5644
3.29367
3.37808
3.41722
3.38917
3.48397
3.43553
3.92078
3.43053
3.40746
3.67561
3.22485
3.42168
3.42028
3.80668
3.40765
3.28702
3.53458
3.2189
3.41476
3.29902
3.65939
3.70244
3.50447
3.41514
3.70128
3.4759
3.46946
3.43542
3.5485
3.26952
3.40718
3.42702
3.49744
3.41664
3.527
3.32564
3.46994
3.60672
3.422
3.67859
3.65022
3.43775
3.44046
3.42893
3.31419
3.51033
3.49483
3.41051
3.52136
3.33511
3.37352
3.40106
3.44234
3.23325
3.32012
3.4963
3.29647
3.438
3.53636
3.44862
3.41453
3.46662
3.5451
3.29367
3.54708
3.6516
3.31339
3.51191
3.53868
3.28178
3.30912
3.35566
3.58223
3.27723
3.20427
3.6043
3.47411
3.46919
3.56203
3.43584
3.51309
3.57739
3.67625
3.3258
3.6812
3.39172
3.64243
3.49697
3.53502
3.38467
3.40358
3.35404
3.44827
3.10597
3.59024
3.22083
3.26788
3.39641
3.28472
3.33164
3.43945
3.58876
3.55901
3.33034
3.31979
3.39301
3.44558
3.4891
3.27159
3.47391
3.45853
3.38398
3.18261
3.27459
3.40908
3.3366
3.29951
3.26941
3.8082
3.43149
3.48589
3.50162
3.31526
3.46151
3.54267
3.27796
3.2654
3.33535
3.35728
3.78477
3.48437
3.42614
3.58461
3.44862
3.26115
3.61925
3.46215
3.86955
3.46991
3.36163
3.21576
3.45161
3.35425
3.50732
3.36306
3.13709
3.32084
3.39711
3.29387
3.493
3.17426
3.6642
3.77854
3.44652
3.56732
3.48833
3.635
3.51628
3.5126
3.47036
3.38952
3.49906
3.22928
3.42513
3.33815
3.51063
3.50283
3.58806
3.37797
3.24623
3.83054
3.46147
3.72543
3.45998
3.12933
3.32252
3.4855
3.32126
3.30541
3.26714
3.63127
3.42713
3.34219
3.50628
3.64778
3.70275
3.47367
3.3874
3.21197
3.36882
3.32842
3.35272
3.38091
3.57288
3.27496
3.44148
3.23538
3.43134
3.68696
3.28113
3.80635
3.45252
3.41104
3.20184
3.32719
3.36929
4.0042
3.46312
3.48945
3.25785
3.41037
3.35744
3.38699
3.73997
3.19692
3.45522
3.31815
3.29208
3.45638
3.83347
3.25357
3.38401
3.75225
3.38216
3.44703
3.35105
3.56035
3.66437
3.26902
3.23359
3.38299
3.22487
3.46738
3.21284
3.52898
3.30481
3.34086
3.23973
3.62978
3.15237
3.49751
3.27145
3.26183
3.15738
3.42953
3.18145
3.42779
3.53868
3.27732
3.38758
3.42681
3.25731
3.42819
3.46576
3.47157
3.36006
3.36758
