4.11321
4.22927
4.2024
4.26598
4.35925
4.22741
4.44026
4.42184
4.30749
4.33418
4.29592
4.35188
4.27068
4.23653
4.25477
4.59058
4.03163
4.46871
4.38145
4.46617
4.20261
4.30051
4.20175
4.43776
4.27013
4.74369
4.59827
4.00958
4.29864
4.3728
3.96671
4.5864
4.62435
4.49331
4.51993
4.1829
4.16281
4.43266
4.578
4.18527
4.51393
4.50778
4.72169
4.24972
4.09337
4.19789
4.65993
4.34075
inf
4.09414
4.10698
4.06494
4.02402
4.14267
4.03664
4.17277
4.4094
4.1979
4.42894
4.64936
4.46017
4.24403
4.12337
4.39388
5.13094
4.1996
4.14842
4.14006
4.3541
4.22427
3.93977
inf
3.97033
4.20301
4.49815
4.2986
3.9574
3.67981
4.86587
4.30368
4.56766
inf
4.56795
4.99586
3.87367
4.1449
4.02193
4.53243
4.29259
4.54769
4.27817
3.8275
4.22895
4.575
4.26029
4.00475
4.54611
4.17785
3.88519
4.32204
4.095
4.34359
4.35913
4.13312
3.86337
4.55069
4.13529
4.033
3.95004
4.34946
4.54622
3.71048
4.13551
3.80235
4.06908
4.3248
4.5669
4.13677
4.13564
3.88811
4.9053
4.14628
3.87498
3.82978
4.28213
4.15952
4.53878
inf
4.01155
3.7627
4.97279
3.92017
4.34289
4.00166
3.94268
4.11551
4.32421
4.16418
4.0378
4.57222
4.5607
4.02648
4.56754
4.55245
4.97057
4.04648
4.34928
4.32957
4.39631
4.20413
4.00526
4.04124
3.94551
4.34801
4.69504
3.75539
3.87863
4.1801
4.19964
3.92491
3.99503
4.97032
4.11524
3.99393
3.79469
4.51771
3.78897
5.13195
4.12952
4.26398
4.02879
4.15704
4.27631
3.96273
4.27111
3.91451
4.16469
4.32299
4.47523
3.90202
4.10114
4.10006
4.17089
4.49443
4.50631
4.30933
4.38017
4.85568
4.24837
4.28004
4.19941
4.22465
4.38386
4.57469
4.0314
4.1428
4.41031
4.55811
4.26904
4.13128
4.38939
4.51879
4.15499
3.84208
4.41488
4.5803
3.99538
4.06218
4.42225
4.08569
4.42617
4.51532
4.27182
4.31223
4.50068
4.08492
4.38756
4.77571
4.20412
5.17053
4.11383
3.97947
4.51937
4.75931
4.10977
4.48535
4.67931
4.36745
4.1418
4.45898
4.40426
4.13356
4.3506
4.05432
4.11373
4.26576
4.07725
3.91618
inf
3.9866
inf
4.4726
4.0519
4.24171
4.41621
4.10254
4.95734
3.95073
4.13463
4.37027
4.10949
4.50982
3.91511
inf
4.15964
4.29394
4.36949
4.551
3.73246
4.30484
4.0217
4.33237
4.3589
4.26626
4.42141
4.38737
4.96371
3.90895
4.05496
4.35708
4.56495
4.15701
4.20912
4.13667
3.84487
4.47431
4.19279
4.30373
4.04653
4.04039
4.51
3.89079
5.041
4.71156
4.14043
4.12139
4.27422
4.50677
3.92572
4.65989
4.37548
inf
4.56024
4.1685
4.32335
3.83807
3.98417
4.36904
4.16029
4.18305
4.25476
4.12083
4.15881
4.07114
4.55798
4.43058
4.29157
5.01451
4.59966
4.6036
3.89784
4.24347
4.6608
4.16131
3.71519
3.9171
4.99345
4.64309
4.41898
4.21684
3.76494
5.05773
4.63701
3.85542
4.63865
4.6361
4.66411
3.78472
4.77497
4.10794
4.05818
4.05463
4.75205
4.19965
4.43215
4.08804
4.30009
4.02114
4.67473
4.50565
4.51494
3.72126
4.44601
3.86928
3.88241
4.56524
3.85799
3.93243
4.07052
4.37645
4.20206
4.28853
4.85535
3.96656
3.70972
4.46249
3.96782
3.86094
4.49617
4.17535
4.37765
4.38179
3.96162
3.76538
3.80623
4.12083
3.9744
4.18437
4.47398
4.32657
4.19714
4.9879
4.11483
4.1932
4.34057
4.02796
4.09023
4.42036
4.26228
4.06632
4.18385
4.40604
4.04096
4.25141
4.16487
4.25571
4.41703
4.21111
4.22428
4.85683
4.13004
4.50025
4.42776
4.57931
4.45818
4.33408
4.50489
4.29265
4.59479
4.59352
