4.09369
4.13
4.10649
4.23726
4.25057
4.36695
4.14383
4.33309
4.03353
4.25787
4.1614
4.54347
4.29538
4.5046
4.38958
4.31784
4.15584
4.40843
4.42934
4.33048
4.2374
4.30568
4.4184
4.29189
5.51454
4.60776
4.906
4.54263
4.13536
4.48216
4.78694
4.55291
4.77594
4.47451
4.06221
4.69722
4.52781
4.70422
4.49427
4.40671
4.64325
4.33133
4.60156
4.65269
4.67802
5.16784
4.46017
4.36734
4.33767
4.2737
4.76923
4.51387
4.40677
4.8016
4.78478
4.30215
5.23821
4.0025
4.47811
4.22122
4.9537
4.29185
4.8026
4.12011
4.15909
4.12543
4.18758
5.10212
4.44837
4.15006
4.39876
3.91579
4.43175
4.41398
4.15368
4.6919
4.47944
4.21817
3.96276
5.02262
4.41752
4.4118
4.85506
4.63935
4.05769
4.67563
4.12162
4.69591
3.97087
4.5935
4.13481
3.75258
4.58138
4.60877
4.86744
4.35065
5.03043
4.4962
4.14821
4.64655
inf
5.11012
4.30242
3.7493
3.67303
4.31898
4.56473
4.93556
3.91394
4.48321
4.06899
4.13994
4.62309
inf
5.00283
4.17305
4.52796
4.39714
inf
3.74822
4.14873
4.17952
inf
4.16204
4.53299
4.31871
3.71026
4.48616
3.76925
5.07463
4.95234
4.85275
4.2719
4.98882
4.17338
3.7443
4.15487
4.12866
4.28812
4.04293
4.04333
3.91716
4.36604
4.04324
4.22268
4.02115
4.54267
3.74649
4.15039
4.63282
4.57262
4.616
4.22188
4.16921
4.1639
4.06863
4.53991
4.01604
4.37072
4.36313
4.24542
4.10397
4.55873
4.67248
4.15601
4.41638
4.98578
4.38804
5.05272
4.05183
4.04567
5.05186
5.0902
4.00767
4.68383
4.24537
3.98884
3.92257
4.37886
5.1403
4.04714
3.80391
3.90587
4.45262
4.31517
4.33063
4.46
4.21635
inf
4.78656
4.56542
3.95746
5.31479
4.85939
4.11662
4.21141
4.65558
4.69941
5.00222
5.05361
4.11786
4.85737
4.47944
4.30253
4.85735
4.43172
4.16624
5.16023
3.8664
4.32781
4.70359
4.49167
4.76696
4.13037
4.6016
4.45294
4.34452
5.04891
4.40671
4.42938
4.20975
4.39235
4.23911
3.89721
4.06872
4.57641
4.40616
3.8136
5.01237
4.63586
4.17012
5.04007
4.51467
4.20037
4.21634
4.2988
4.99256
4.50642
4.00558
4.34853
5.09046
3.72775
4.32865
inf
4.18329
4.0596
3.92831
4.97376
4.92338
4.98148
4.98088
4.48442
inf
4.30085
3.99918
5.01121
5.00389
4.76279
4.55962
4.08806
5.00376
4.06902
4.80558
4.52175
4.22533
4.96812
3.91816
4.18519
3.74813
4.82964
4.86519
3.96901
4.83866
3.96513
4.56476
4.5747
4.14363
4.92554
4.27166
3.76879
4.91095
inf
inf
3.97984
4.2726
4.08879
4.93978
4.73317
4.06682
4.45344
4.16187
4.22634
4.56533
5.03423
3.8879
4.52755
4.99214
4.45423
4.3011
4.53398
4.32
4.09478
4.24926
3.99985
4.43975
4.3819
3.94914
4.29555
4.11269
4.8813
4.58999
4.99508
3.98658
4.13753
4.54407
4.93433
4.54595
4.6019
4.25634
inf
4.56189
4.37384
3.95072
4.19993
4.21637
4.21208
4.85559
4.04534
5.06115
4.58287
4.22688
4.62731
4.64662
4.23128
4.34745
5.13171
4.632
5.03781
4.10726
4.2206
5.06152
4.73787
4.33209
4.49763
4.57383
4.70584
4.73169
4.41335
4.20665
4.4289
4.34135
4.53005
4.33172
4.82864
4.27675
4.69389
4.45286
4.41912
4.61234
4.18585
4.47777
4.45656
4.58547
4.35548
4.61688
4.37265
4.35234
4.40383
4.21923
4.60576
4.46192
4.44218
4.35964
4.53054
4.30916
4.36415
4.59281
4.33605
4.61584
4.93685
4.4889
3.98846
4.28225
4.0384
4.12134
4.49932
4.43308
4.57905
4.71856
4.26058
4.29445
4.26071
4.61389
4.50373
4.42976
4.39597
4.48229
4.42848
4.41513
4.50582
