4.34134
4.26956
4.22291
4.38841
4.19878
4.39251
4.22892
4.32886
4.39087
4.57706
4.37273
4.56142
4.23417
4.4004
4.34555
4.49435
4.84728
4.48184
4.70094
4.54009
4.32364
4.63667
4.6003
4.77938
4.6027
4.41184
4.32087
4.71244
inf
4.71599
4.69455
4.67872
4.01128
4.17872
4.36626
5.18064
4.73756
4.52303
5.07075
5.09721
4.54871
4.36011
5.14224
4.54355
5.05443
4.17699
inf
4.68608
4.13859
4.65155
4.27754
inf
4.99546
4.68269
5.05805
inf
inf
4.39852
4.59155
4.37506
4.18156
4.89881
4.91741
4.31235
4.92721
4.54943
inf
inf
4.57847
inf
4.85538
5.00265
inf
inf
4.97556
4.94945
4.54708
inf
4.49566
inf
inf
inf
4.89108
4.90062
4.86577
inf
4.94167
4.5023
inf
inf
inf
4.30686
inf
4.43238
4.23184
4.87629
4.88788
inf
4.48738
4.22868
inf
inf
inf
4.41424
inf
inf
4.86023
4.4192
inf
4.29817
4.8569
4.46014
inf
4.90872
4.98394
4.45796
inf
4.87246
inf
4.43629
4.87292
4.44453
inf
inf
inf
4.90209
4.22321
4.84862
4.53571
4.48459
4.87251
4.52396
inf
4.84327
inf
4.90855
inf
4.47243
4.85014
4.95524
4.21186
4.84473
4.43253
4.87015
4.10357
4.89145
4.42617
4.91476
4.48868
4.85723
4.83401
inf
inf
4.21034
4.93833
4.88802
4.84549
inf
4.73467
4.91349
4.97274
4.31866
inf
inf
inf
4.91106
inf
inf
4.56058
4.98892
4.52214
5.03934
4.13842
4.95034
4.88512
4.91478
5.04982
4.6133
4.56635
inf
4.36845
4.58233
4.65916
4.46403
4.18217
4.09639
inf
4.5046
4.20867
5.05486
4.79061
inf
4.83302
4.85643
inf
4.53194
4.27688
5.30122
4.90363
5.0438
5.38901
5.44274
5.38465
4.59129
4.70857
4.1898
4.74336
5.20626
inf
5.19529
4.68032
4.54278
4.46692
5.06703
inf
4.59124
4.60294
5.10489
5.00945
5.10839
inf
5.04003
4.56527
4.97199
4.13322
4.30285
4.98589
4.97599
4.54018
4.89508
4.31768
4.54519
4.96206
4.99301
4.01757
4.94257
inf
inf
inf
4.85954
4.92669
4.79339
4.53964
inf
4.30206
4.91972
inf
4.41296
4.22015
4.18284
4.90093
4.4908
4.79407
inf
inf
4.48425
inf
4.93327
inf
inf
inf
inf
4.88257
4.352
4.81988
4.85151
4.822
4.82118
inf
inf
4.46384
4.19433
inf
4.44142
4.89656
4.08592
4.87692
inf
4.19997
inf
inf
4.89713
4.82399
4.92099
4.4433
4.15986
inf
inf
4.85096
4.93051
4.44815
4.21743
4.69775
inf
4.18612
4.98808
inf
inf
4.45757
4.86083
inf
4.35091
inf
4.84581
4.96199
4.92523
4.86137
4.20939
inf
4.92143
4.94062
4.88725
4.94111
4.88305
4.87504
4.9445
inf
4.44447
4.89194
4.40431
4.9136
4.92169
4.28579
inf
4.22068
4.92754
inf
4.0994
4.92392
4.19348
5.01219
4.54009
4.56478
4.56925
4.96624
4.52232
4.26478
4.8937
5.05365
4.92729
4.14467
4.59903
4.1843
4.19487
inf
inf
4.39653
inf
4.25861
5.13831
5.09175
5.04635
5.01193
inf
inf
4.64013
5.11818
4.73687
5.08932
5.12061
inf
5.16769
5.13085
4.81738
5.25194
5.17379
4.59766
5.16771
4.39805
inf
4.60331
inf
4.59896
5.34214
4.19712
5.4145
5.01239
4.80155
5.32739
4.97109
4.47362
5.54841
4.77714
4.92128
4.99118
4.81474
4.59919
4.64013
5.41846
4.76616
4.54653
4.65221
4.58606
4.76772
4.46466
4.71214
4.57541
4.4699
4.57584
4.3559
