4.14536
4.27259
4.27581
4.30314
4.57891
4.77103
4.51293
4.49552
5.31171
4.36756
4.71368
4.39918
4.69795
4.2452
4.77245
4.55948
4.71855
4.44789
4.75776
4.83482
4.60003
4.2255
4.77404
5.24159
4.8709
5.1564
4.69163
4.1638
4.80066
4.41813
4.60987
4.73246
4.78384
4.34038
4.57138
4.48679
4.72295
4.73212
4.87694
5.33609
4.64103
4.61754
4.67879
4.09858
4.27284
4.56805
4.80589
5.17769
5.13487
5.15405
inf
5.17656
4.35437
4.09216
4.66375
4.83798
4.73913
4.20251
4.31262
5.1129
4.54848
5.10591
5.06943
4.36625
4.30774
5.08149
5.00489
4.23314
4.40444
4.55156
5.053
4.21465
4.21191
4.96271
4.70265
inf
4.55819
4.57036
5.0013
inf
inf
4.31483
4.90674
inf
4.34113
4.59281
4.28212
inf
4.85597
4.76192
4.24244
4.59274
inf
inf
4.60827
4.91921
4.09361
4.27238
inf
4.9707
4.55532
4.94622
4.89344
4.80533
inf
inf
5.00355
3.8057
4.92652
4.52785
3.98485
4.86601
4.5312
4.26378
4.8348
4.42019
inf
inf
3.83682
4.48981
4.29923
4.88845
4.29137
inf
inf
inf
4.84209
4.90321
3.8626
inf
4.97076
4.28618
4.25834
4.52215
4.52049
inf
4.42615
inf
4.18184
inf
4.95268
inf
4.83703
5.00403
4.95084
4.24597
4.28836
4.86656
3.97373
inf
4.29034
3.8488
4.55158
4.24564
inf
4.02293
4.00891
4.24379
inf
4.18532
4.87788
4.37007
4.12686
inf
4.32357
5.08393
4.36252
4.26996
inf
4.13998
inf
4.6436
4.68533
4.29709
inf
5.02453
4.28668
inf
4.6247
4.11922
5.0711
4.77266
5.03096
4.49769
4.33111
5.17525
4.22964
4.22658
5.1749
4.75297
4.7821
4.25106
4.80636
4.25319
4.5598
4.24602
4.60314
5.41848
4.38728
4.55683
4.43575
4.56274
4.86317
4.05295
4.86755
4.67203
4.40842
4.60941
4.24952
5.23623
5.23776
4.56149
4.23137
4.31305
3.96729
4.20796
4.71354
4.26084
4.68227
5.05169
5.0055
4.31187
4.10451
4.32791
4.68614
4.71342
4.9139
inf
5.06457
4.65425
5.03913
4.98117
4.58088
4.62326
inf
4.11081
4.39289
5.03611
5.00038
4.63737
inf
3.89732
4.40266
4.61216
4.05305
4.42261
4.61223
4.57512
4.37996
4.68939
4.55447
4.61134
4.22916
4.52177
4.74965
inf
inf
4.21603
4.99619
4.29034
5.07375
5.03961
4.91929
4.29402
5.02086
4.98333
4.56159
4.62792
4.92241
4.28674
4.04167
4.62999
4.28566
5.02749
4.85735
4.44513
3.99405
4.46835
4.96205
5.01765
inf
4.53004
4.29298
inf
4.35082
5.02455
4.58036
4.513
4.27799
4.0145
4.56431
4.59784
4.96755
4.80138
4.62467
5.06388
4.93822
4.71931
4.88775
4.31268
4.69031
4.73953
4.56845
4.07848
4.5256
4.28621
4.55477
4.70791
4.55463
4.32494
4.5314
4.07362
4.98465
3.95838
4.60055
4.66375
inf
4.5024
4.69746
4.9929
4.68132
4.87723
4.35971
inf
4.16138
4.53941
4.40016
inf
4.46692
inf
4.65399
4.70602
4.42149
3.85754
4.47223
4.13649
3.96549
4.51276
5.1285
5.11534
4.49348
4.0936
4.31242
5.22122
4.55302
4.56753
4.8631
4.4032
4.10973
4.08075
4.32627
5.05641
5.05859
4.88822
4.84392
5.23013
4.36824
4.63785
inf
4.02728
4.28303
inf
4.34762
4.27957
5.30118
4.44011
4.90838
4.5897
5.21582
5.00456
inf
4.51059
4.33589
4.63167
4.13568
4.85568
5.53772
4.61245
4.45351
4.30955
4.54398
4.75039
4.56552
4.93295
4.60549
4.3859
4.33642
4.8938
4.45723
4.62612
4.7193
5.00074
4.51057
4.91734
4.66124
4.6034
4.51882
4.43605
4.44099
4.40897
