 6979.645847
 9697.028458
 9318.889388
 6946.260009
 8038.969768
 844.774743
 694.443104
 462.513839
 582.684974
 1164.664044
 829.555321
 969.129048
 702.417725
 850.643765
 525.833743
 2074.343827
 1736.656400
 1172.431727
 1430.519075
 2170.825827
 2965.507395
 2135.534493
 2473.708201
 1715.565995
 2801.897715
 1785.274562
 2139.737042
 1156.436365
 1997.942374
 1683.603621
 1340.540331
 1496.843173
 2361.973332
 2063.071432
 1329.984223
 3429.059389
 2991.500627
 2145.261074
 2389.676933
 3587.233112
 4970.335532
 3541.975299
 4094.257627
 2840.659522
 4500.910879
 2969.154235
 3548.205786
 1999.695913
 3242.110082
 2763.430978
 2338.930726
 2497.078856
 3858.908765
 3371.307667
 2278.732822
 7135.653531
 11132.281984
 9084.779812
 5872.740847
 5874.874997
 1880.462538
 1005.256532
 841.001503
 399.706084
 394.353765
 84.486733
 1257.365037
 885.539659
 949.291244
 589.005534
 611.889304
 526.163185
 298.996536
 221.530569
 60.255361
 53.828786
 2489.313900
 2067.186987
 1013.675335
 1026.957846
 232.855024
 2580.784130
 3196.450674
 2247.706965
 2369.330109
 1314.062126
 2117.420431
 3211.964376
 1533.649883
 1350.633060
 665.240945
 1041.143830
 2164.656935
 1498.269206
 619.773892
 181.704428
 1018.182907
 2281.289334
 1300.585598
 589.316046
 149.844892
 279.123815
 1524.774419
 878.842527
 206.334069
 191.036466
 4059.570519
 3316.040377
 1726.398638
 1834.984284
 459.419644
 4075.680696
 5168.090864
 3486.811450
 3592.141196
 1617.958577
 3323.070795
 5364.219904
 2451.120656
 2255.321950
 1011.387577
 1869.626738
 3498.289794
 2473.995970
 1267.964291
 378.804229
 1797.058363
 3662.380436
 2172.065477
 1132.394007
 304.878936
 761.030956
 2743.165292
 1736.380624
 620.110999
 646.578423
 1792.131579
 1614.569581
 1654.652241
 1779.180951
 1710.007260
 838.270386
 863.111660
 732.320876
 818.441636
 788.453166
 840.980193
 827.469512
 851.483760
 841.699675
 746.371764
 352.696572
 366.657230
 396.643901
 376.434187
 335.144770
 359.791060
 344.954439
 368.748463
 354.492878
 384.189761
 1677.086392
 1544.260264
 1602.496340
 1722.650260
 1804.305184
 1195.943585
 650.951499
 661.331256
 543.892208
 558.514944
 79.928460
 636.020882
 677.057586
 666.814965
 521.661726
 670.215543
 663.329932
 356.046731
 310.202965
 51.037213
 54.574914
 261.128929
 270.679532
 306.368715
 305.778490
 217.403456
 252.286860
 274.812973
 275.968001
 286.280520
 290.159390
 294.661577
 281.546411
 297.137963
 191.430646
 187.929668
