3.66568
3.72075
3.7204
3.77412
3.68001
3.8473
3.77031
3.83297
3.71633
3.84634
3.7091
3.90926
3.72327
3.90356
3.84049
3.85474
3.88094
3.96101
3.85991
3.82304
3.84213
3.72327
3.66042
3.91858
3.82457
3.8031
3.80466
3.8127
3.84054
3.82227
3.90574
3.83989
3.82329
3.91611
3.74127
3.81783
3.70333
3.71712
3.69493
3.8293
3.78556
3.79612
4.00367
3.82625
3.98473
3.81127
3.8929
3.60657
3.86053
3.86231
3.86968
3.77528
3.90803
3.68637
3.89701
3.80314
3.82688
4.00593
3.8317
3.85542
3.94861
3.75442
3.6726
3.62752
3.76791
3.65954
3.75757
3.94195
3.99061
3.78666
3.95839
3.76024
4.03879
3.75672
3.73347
3.621
3.75951
3.69731
3.83006
3.81838
3.87072
3.72633
3.81177
3.75472
3.73468
3.75212
3.70839
3.8665
3.80884
3.66905
3.97589
3.82309
3.72056
3.74744
3.87437
3.74244
3.7929
4.05929
3.76079
3.93173
3.68638
3.52116
3.97773
3.74069
3.69093
3.84947
3.84884
3.71287
3.77484
3.72434
3.8385
3.76724
3.75278
3.88103
4.40458
3.60535
3.71627
3.76559
3.81755
3.97521
4.21731
3.72988
3.62547
3.86658
3.67268
3.82917
3.56432
3.71058
3.99283
3.73063
3.6338
3.80529
3.69549
3.79531
3.74587
3.84397
3.9462
3.72469
3.81134
3.89797
3.9742
3.7063
3.88474
3.96959
3.82774
3.84336
3.77952
3.75982
3.86548
3.98588
3.6046
4.01134
3.77968
3.73083
3.8127
3.75268
3.69519
3.76453
3.69568
3.65287
3.80442
3.94775
3.8671
3.79952
3.57225
3.69324
4.01756
3.93625
3.60638
3.79811
3.8187
3.93779
3.74746
3.87912
3.5896
3.72611
3.81716
3.70966
3.83622
3.6849
3.73216
3.85159
3.90123
3.89645
4.02389
3.84396
3.85616
3.67029
3.78426
3.9563
3.73805
3.91479
3.88706
3.80181
3.94763
3.77728
3.81249
3.69406
3.82029
3.75847
3.89497
3.83207
3.76084
3.69568
3.82988
3.8323
3.77021
3.81653
4.23003
3.70048
4.03537
4.01503
3.85489
3.89952
4.12391
3.85231
3.73582
3.92006
3.76236
3.87204
3.62217
3.90851
4.25048
3.86379
3.79657
4.16744
3.61391
3.72868
3.87801
4.0356
3.64843
3.75341
3.59294
3.80712
3.54445
3.94995
3.81506
3.86028
3.5299
3.67921
3.714
4.0916
3.70685
3.88138
4.00991
3.85487
3.84473
3.84409
3.81656
3.69613
3.77586
3.7077
3.80019
3.63529
3.75335
3.73181
3.55604
4.08825
4.07783
3.66234
3.74565
3.7162
4.13219
3.71729
3.46305
3.6702
3.86583
3.65235
4.11424
4.18355
3.68815
3.5837
3.70298
3.66783
3.67559
3.8539
3.89342
4.03455
3.97613
4.1321
3.75116
3.50591
3.9652
3.91244
4.45226
4.26791
3.71275
3.71493
3.65005
3.74627
4.11015
3.69561
3.75356
3.87646
3.75709
3.44463
3.79142
3.28418
3.48485
3.70537
3.64839
3.43295
3.9139
3.80613
4.05603
4.04992
3.88925
3.82879
3.86201
3.71927
3.74876
3.72295
3.52472
3.89555
3.76283
3.82868
3.74533
3.59147
4.01216
3.88498
3.95953
3.8297
3.61063
3.78221
3.75069
3.93517
3.88424
3.73812
3.64578
3.78942
3.95889
3.60154
3.86259
3.81233
3.80555
3.8285
4.10834
3.85804
3.91956
3.99816
3.98038
3.39877
3.74236
3.61196
3.80859
4.09811
3.76827
3.73605
3.8438
3.59385
3.99094
3.72508
3.69969
3.94182
3.72459
4.11366
4.04377
3.65753
4.07755
4.0568
3.71165
3.8647
3.66814
3.77839
3.77746
3.8469
4.0296
4.1887
3.81025
3.72745
3.67372
3.95787
3.72288
3.83517
3.89906
3.65497
3.63949
3.82419
4.01446
4.09488
4.06109
3.78908
3.7346
3.73516
4.05789
3.92368
3.91758
3.95567
4.01212
3.83535
3.88087
3.79438
3.94146
3.87043
4.05667
3.94084
3.88002
3.98554
3.85598
4.01814
