4.82298
4.68357
4.45759
4.42152
4.48761
4.44046
4.25021
4.27445
4.2049
4.21205
4.19899
4.19795
4.19932
4.59039
4.01933
4.34371
4.18211
4.25948
4.20248
4.17467
4.20649
4.25134
4.30801
3.97026
4.1834
4.41059
4.24967
4.40028
4.19493
3.98114
4.11114
4.22165
4.39568
4.32393
3.8286
4.40431
4.6022
4.16601
4.19456
4.46725
4.20211
4.12824
4.14166
4.59608
4.34057
4.26119
4.18222
4.31197
4.15644
4.37567
4.30579
4.07811
3.90792
4.54408
4.2371
3.95489
4.4389
4.10367
4.36973
4.43242
4.43275
4.1415
4.23537
4.7064
4.10464
4.12894
4.30266
4.65178
4.28567
4.07087
4.36257
4.43982
4.04978
4.5609
4.06463
4.47204
4.26008
4.2356
3.7266
3.97599
4.18121
4.26432
4.36305
4.32198
4.1298
4.52397
3.96979
4.28289
4.53649
4.50519
5.45656
4.89793
4.08139
4.35501
3.92755
4.47852
4.37801
4.90009
4.94757
4.07186
4.60194
4.47241
4.29636
4.33981
4.32623
4.86216
4.49934
4.28629
4.24497
4.25853
4.36221
4.11086
4.3196
4.16121
4.16072
5.20393
4.44072
4.60633
4.92894
4.42057
4.65556
4.25938
4.85024
4.35467
3.93098
4.37601
4.04469
4.23441
4.47536
4.87492
4.5755
4.46346
4.55136
4.26242
4.35747
4.31598
4.05818
4.35137
3.9609
4.85237
4.45331
4.40406
4.20464
4.35076
4.68371
4.18847
4.32208
4.38701
4.68376
4.50485
4.05893
4.68638
4.35425
4.39142
4.90339
5.26504
4.85489
4.58947
4.22591
5.29759
4.09868
4.79137
5.39534
4.90036
4.21866
4.57767
4.29268
4.11366
4.08301
4.31365
4.883
4.63311
4.28278
4.37877
4.93898
4.35547
4.73817
4.52084
4.18721
4.55431
4.39712
4.61598
4.2533
4.41156
4.38826
4.8526
4.15244
4.65968
4.45317
4.69968
4.69261
4.06741
4.65322
4.4164
4.50716
4.17549
4.39184
4.34899
4.09158
4.34155
4.30047
4.43304
4.4633
4.21391
4.19184
4.20558
4.43631
4.2973
4.34556
4.20257
4.48796
4.37125
4.18915
4.95173
4.46973
4.26125
4.23137
4.58912
4.43861
4.28917
4.66923
4.28368
4.17735
4.29749
4.27777
4.9951
4.27758
4.24365
4.47089
4.40167
4.51516
4.40802
4.09998
4.27903
4.08572
4.32736
4.14468
4.53659
4.27084
4.14075
4.93758
4.22392
3.9899
4.50751
5.00597
4.50475
4.26301
4.31899
4.36667
4.14821
4.30599
3.91738
4.68399
4.22296
4.44396
4.22508
4.31771
4.31361
4.00479
4.27038
4.11966
4.68648
4.70182
4.05228
4.1948
4.01854
4.3331
4.42101
4.32939
4.43962
4.37316
5.23782
4.03464
4.16318
4.8507
4.11746
4.33017
4.12274
4.49419
4.02327
4.0886
4.869
4.21531
3.95206
4.83895
4.25388
4.64158
4.37748
5.25106
4.26962
4.27797
4.29939
4.51899
4.44929
4.23206
4.63149
4.43324
4.65177
4.1359
4.81763
4.24761
4.32518
4.44343
4.2373
4.09053
4.149
4.19144
4.66618
4.28892
4.22339
4.97242
5.5167
4.07764
5.20156
4.07665
3.67931
4.64831
4.21771
4.23705
5.02198
4.522
4.27145
4.67651
4.44101
4.50855
4.22677
4.49952
4.39669
4.30611
4.2037
4.24893
4.4072
4.45112
4.19462
4.27671
4.82594
4.27266
5.38458
4.24356
4.59439
4.66133
4.2219
4.73815
4.41713
4.10512
4.27744
5.14906
4.42715
4.73613
4.19407
4.74626
4.88653
4.32117
4.23455
4.49871
4.22756
4.28043
4.21505
4.39829
5.17666
4.62723
4.31277
4.75528
4.25879
4.51299
4.42827
4.41511
4.29131
4.70506
4.4839
4.26088
4.48815
4.37401
4.18529
4.33856
4.55036
4.54611
4.30141
4.66016
4.51063
4.57673
4.53621
4.41242
4.33043
4.43554
4.34842
4.37109
4.59427
4.38612
4.76404
4.56798
4.75098
4.6303
4.74669
4.49033
4.61477
4.86184
4.66241
4.59148
4.61972
