4.77764
4.74732
4.67639
4.78759
4.54417
4.67015
4.68573
4.62542
4.71961
4.48166
4.57707
4.5818
4.32836
4.47168
4.22893
4.52593
4.78504
4.60217
4.34842
4.43436
4.51171
4.29871
4.44946
4.61741
4.65056
4.67865
4.37604
4.54759
4.76463
4.40347
4.48878
4.13167
4.16733
4.2741
4.83312
3.98795
4.15851
4.26563
4.50499
4.43397
4.44258
4.73332
4.82458
4.34119
4.59266
4.43088
4.42324
4.47927
4.55336
4.8113
4.49387
4.51798
4.70761
4.0978
4.62544
4.74946
4.40149
5.14503
4.48303
4.36541
4.28737
4.71292
4.79198
4.24161
4.48738
5.10523
4.95134
4.64508
4.47467
4.15833
4.77425
4.25274
4.32339
4.62417
4.8419
4.31464
4.31048
4.547
4.15652
4.43408
4.33424
4.46311
inf
4.35434
4.19801
4.68477
inf
4.9597
4.59439
4.27477
4.48604
4.49979
4.65442
4.82527
5.38227
4.27301
4.67603
4.12586
4.21203
4.33634
4.32574
4.84812
4.83971
5.46682
4.8899
4.88039
4.61141
4.19136
4.37863
4.48223
4.51111
4.34846
5.34918
4.69371
4.31429
4.40504
4.53485
4.47232
4.3597
4.65783
4.41311
4.5317
4.67325
3.95163
4.51144
4.2404
4.15222
4.64367
5.33165
5.38335
4.22894
4.28087
4.2541
4.34219
4.7118
5.46408
4.66937
4.36689
4.60417
4.1609
5.52557
4.57318
4.67374
4.97583
4.47048
4.94993
4.45234
4.07614
3.91541
4.60009
4.64382
4.23568
4.30253
4.25945
4.11832
4.21283
5.26484
4.546
4.48281
4.54722
4.09827
4.39908
5.40802
4.66756
4.45358
4.87513
4.29476
4.29818
4.35417
3.96546
4.61279
4.74349
4.54203
4.58703
4.84874
4.65768
4.33992
4.66173
5.03599
5.57673
4.5291
5.04125
4.3354
5.49951
4.50153
4.60468
4.47983
4.27197
4.72188
4.93322
4.38186
4.44445
4.29161
4.75984
4.90429
5.30621
4.1125
4.12514
4.63419
4.39956
4.39343
4.49335
4.65883
4.61648
4.32226
4.47344
4.50307
4.91798
4.61734
4.76794
4.38227
4.35729
4.80552
4.56669
4.32651
4.33666
4.93743
4.43743
4.39274
4.27602
4.49066
4.44875
5.0517
4.58597
4.57226
4.445
4.78607
4.39184
4.58999
4.30928
4.7712
4.2932
4.39605
5.26453
4.27005
4.16454
4.87648
4.23427
inf
4.73183
4.92367
4.41526
4.93555
5.23532
4.64234
4.65315
4.80281
4.56072
4.49745
5.17975
4.43186
4.37957
4.68039
4.80094
4.32713
4.155
4.23996
5.34166
4.45797
5.3354
4.1145
4.46895
4.86263
4.43157
4.85968
5.26531
4.08845
4.63104
4.26228
4.81719
4.24717
4.75204
4.79549
4.42162
4.76652
4.76443
4.43909
4.86767
4.6009
4.49619
4.285
4.73763
4.83917
4.00363
4.30751
4.79464
4.04366
4.31612
4.81088
inf
4.56276
4.44811
4.44445
4.79053
4.44478
4.37996
4.02506
4.26899
4.19148
4.56941
4.37738
4.14871
4.54174
4.41143
4.03092
4.1678
4.3008
4.68699
4.91093
4.2662
5.27377
4.31533
4.80232
4.59029
4.19788
4.46839
4.23948
4.60113
4.80162
inf
4.60731
4.85912
4.25115
4.65812
4.59521
4.48647
4.86159
4.6032
4.15069
4.53539
4.29076
4.34442
5.31372
4.39204
4.86088
4.22503
4.16061
4.22375
4.63562
4.33963
4.51066
4.99788
4.53875
5.01725
4.06359
4.54602
4.92587
4.94748
4.81504
5.55484
4.41506
4.59596
4.4528
4.82555
4.79999
4.57036
5.14526
5.09574
4.71638
5.51713
inf
4.52992
4.59085
4.70894
4.76577
4.82907
4.55894
4.34829
4.44104
4.56684
4.39654
4.88832
4.52975
4.67782
4.68799
4.5988
4.93539
5.39656
4.64928
4.75592
4.78763
4.92619
4.70512
4.48219
4.61333
4.93966
4.4265
4.47657
4.51661
4.49993
4.70182
4.78866
4.57952
4.53619
4.43943
4.87338
4.62018
4.57892
4.57258
4.5751
