4.77634
4.67554
4.49838
4.3505
4.58368
4.44713
4.54577
4.41987
4.3214
4.33707
4.29472
4.28154
4.5096
4.3198
4.61386
4.43782
4.5279
4.1587
4.26165
5.17558
4.35257
4.517
4.38857
4.47917
4.51596
4.56651
4.13033
4.46452
4.23213
4.35845
4.1606
5.15243
4.58869
4.62325
4.26072
4.43146
4.35608
4.47416
4.45513
4.36635
4.43834
4.27752
4.3038
4.63411
4.85709
4.32036
4.60881
4.30317
4.65648
4.23557
4.33402
4.53048
4.33985
4.26652
4.8604
4.53238
4.24479
4.60848
4.49567
4.90168
4.54948
4.22748
4.73667
4.4201
4.53248
4.91083
4.46766
4.40214
4.26057
4.24207
4.41565
5.04673
4.34711
4.98639
4.47088
4.55761
4.5373
4.6705
4.6673
4.67234
4.31811
4.35582
inf
4.90048
4.43276
4.8669
4.88412
4.37537
4.7006
4.52344
4.50583
4.28151
4.27679
4.88948
4.72423
4.17827
4.61882
4.23667
4.23778
4.83995
4.37746
inf
5.25591
4.76717
4.89796
4.49769
4.63134
5.30603
4.58488
4.94
4.62628
4.60085
5.36254
4.60026
4.64971
4.47232
4.3069
4.8435
4.81357
4.85175
5.22785
4.68276
4.60557
4.63707
4.44811
4.33875
4.09922
4.19876
4.2976
4.62967
4.41459
4.52771
4.42205
4.9734
4.38936
4.21025
4.65231
4.59827
4.87187
4.36418
4.60346
4.46404
4.48626
4.52831
4.89722
4.0623
4.64589
5.13803
4.35644
4.46462
4.31144
4.34943
4.32829
5.15634
4.45765
5.39947
4.44344
4.28164
4.7683
4.51489
4.32848
4.55529
4.41044
4.29412
4.62727
4.57969
4.9932
4.54379
5.03131
4.37395
4.25212
4.83517
4.62264
4.45948
4.84052
5.04819
4.46106
4.62532
4.51167
4.44883
4.87149
4.16302
4.30648
4.48551
4.55944
4.20774
4.28652
4.77264
4.67992
4.87374
4.26069
4.60071
4.32061
4.64294
4.46467
4.27727
4.4649
4.64178
4.34006
4.30272
4.587
4.23776
4.24076
4.28405
4.61463
4.83443
4.54613
4.72685
4.83058
4.24518
4.52965
4.78566
4.3475
4.32633
4.86384
4.62036
4.21726
4.17081
4.61948
4.46912
5.39926
4.40522
4.6756
4.95573
4.4375
4.42684
4.63891
4.16673
4.79395
4.70442
4.31021
5.10686
4.54924
4.73656
4.17525
5.0273
4.61406
4.70531
5.39141
4.10999
4.83536
4.24863
5.04761
5.00178
4.45004
4.47833
4.54502
4.61023
4.6999
4.37599
4.63344
4.40413
4.92848
4.99305
4.77614
4.2385
4.36218
4.39358
4.45255
5.01654
4.25724
4.35669
4.97971
inf
5.28602
4.53434
4.08172
4.5489
4.30383
4.57305
4.23102
4.33245
4.44232
4.22341
4.4728
inf
4.20254
4.7052
4.62856
4.37473
4.50816
4.45639
4.90927
5.07686
4.659
4.59345
4.41266
4.50259
4.13583
4.56717
4.41857
4.33725
4.87809
4.47894
4.27797
5.2956
4.16977
4.71739
4.48353
4.14696
4.55839
4.72661
4.3951
4.44564
5.36345
inf
4.5133
4.56875
4.68704
4.66446
4.0737
4.09081
4.46334
4.75064
4.26717
4.47664
4.83543
4.038
4.4355
4.9354
4.36366
4.72975
4.90531
4.56265
5.32299
4.66733
5.27378
4.37675
4.52813
4.72272
4.08115
5.43646
5.3822
4.94185
4.26922
5.04469
5.39662
5.10807
4.2982
4.33598
4.66514
inf
4.10588
4.50192
4.34094
4.45084
4.53522
4.83361
4.86567
4.04279
4.98545
4.54331
4.87946
4.47852
5.02943
4.51756
4.55817
4.0945
4.90777
4.92678
4.61495
4.75836
4.57498
5.17588
4.71967
4.94126
5.23383
5.33913
4.48157
4.74785
4.62447
4.79893
5.13244
4.50728
4.56851
4.67311
4.53467
4.70023
4.86567
4.67248
4.51795
4.50114
4.70022
4.66847
4.45138
4.89818
4.98556
4.88526
4.89565
4.52477
4.57187
4.73571
4.82075
5.09684
4.63946
4.6267
4.55297
4.58169
4.54745
4.5412
