4.66007
4.63464
4.52401
4.62986
4.65743
4.78374
4.89068
4.90986
4.57885
4.71425
4.85272
4.7533
4.69981
5.1223
4.70463
4.496
4.75191
4.61632
5.11335
5.26977
4.99802
4.98085
4.73725
4.81456
4.4862
5.20834
4.74879
4.38255
5.11129
4.77707
5.038
4.57657
4.73667
4.8007
4.64265
4.61614
5.26868
4.38207
4.51775
5.27854
4.82431
4.68694
4.22117
5.21485
4.95655
4.48041
4.66045
4.68918
4.73114
4.40716
5.12191
4.99235
5.14935
4.96357
5.09607
5.44754
4.34216
4.42048
5.11971
4.8429
5.4537
4.55873
4.6432
inf
4.61354
4.829
4.77762
4.62082
4.58561
5.0009
4.42318
4.7336
4.95456
5.02843
5.03124
5.47771
5.03679
4.33411
5.00081
5.55785
4.89685
4.93978
4.58328
inf
4.74683
4.54324
4.32333
5.37482
4.64588
5.36733
4.71733
5.28752
4.62736
4.3148
4.55608
4.4848
inf
4.65596
4.98403
4.71675
5.29631
4.55036
4.67924
inf
inf
5.27494
5.31706
4.86661
5.51802
4.40822
4.68052
5.28488
4.7064
4.72967
5.34037
4.62746
4.7714
5.40804
4.44116
5.28268
4.9652
inf
5.15666
5.40124
4.50983
4.4855
4.35883
5.49883
4.83064
4.9671
4.67642
4.70944
4.29953
4.27118
4.65754
4.94666
4.99414
4.71048
inf
5.32877
inf
4.40455
5.33816
5.28111
4.50172
4.48207
4.49252
5.36768
inf
5.28281
4.44064
5.41221
inf
inf
4.56581
5.28942
4.43894
4.76572
4.68996
4.81297
5.04583
4.82921
4.58503
4.58343
4.65463
4.59424
4.73865
5.56813
5.52037
5.04404
4.9961
4.81632
4.39901
5.55615
4.62071
4.52914
5.11777
4.88931
4.90339
4.75723
4.49838
4.80052
5.44649
4.6308
5.57842
4.91348
4.63312
4.44492
4.64268
5.10697
4.51528
4.61846
4.46587
4.26779
4.99213
5.28322
4.76028
4.49558
4.8983
4.8284
4.88441
4.42788
4.49009
4.40065
4.69256
4.64162
4.8341
4.92203
4.64447
inf
4.80443
5.24056
5.16302
5.11197
4.484
5.07613
4.7187
4.61027
5.61463
5.15133
4.74411
4.86707
4.97265
4.74273
4.52522
4.77198
5.00493
5.01348
4.7994
4.89419
4.73615
4.37151
5.05108
4.96536
4.98455
4.96402
4.66468
4.85099
4.57055
4.36745
5.44807
4.77811
5.36529
4.97334
4.54849
5.39317
inf
4.96058
4.38049
5.19557
4.72219
4.6648
4.77522
4.67386
4.89507
5.26773
4.6919
4.68085
4.71486
inf
5.31725
5.41406
4.90036
4.16367
4.6085
4.65548
4.60771
4.60089
5.41663
4.89288
5.01352
inf
5.43284
4.98763
inf
4.62603
4.56775
4.88372
5.17411
4.58855
inf
4.96102
4.7166
4.64115
inf
4.82663
inf
5.2562
4.45084
5.34061
inf
inf
4.79151
4.86655
4.72135
4.79652
4.76011
4.704
5.41218
4.61684
4.6976
5.25551
inf
4.8088
5.35571
4.61882
4.20594
5.35404
4.87487
5.33174
5.50541
4.68086
4.72606
4.90239
4.94476
inf
inf
4.90834
4.29785
5.31016
inf
inf
inf
4.65928
5.32602
4.70256
4.32724
4.97316
4.90742
4.93116
5.01265
4.99977
inf
4.97898
4.45464
4.53746
5.37275
4.41956
4.95391
4.73332
inf
4.82663
5.5037
inf
4.6602
5.06293
4.45388
inf
4.89675
4.4477
4.82469
4.55566
inf
4.53642
5.25924
4.52258
4.59902
5.23245
4.75009
5.05402
5.57703
4.74953
5.57937
5.63071
4.90545
4.3044
4.51354
5.21898
5.14493
5.07231
4.45496
4.91577
4.66182
4.71585
4.87737
4.70238
5.5652
4.86801
5.51484
4.90273
4.51258
4.59501
inf
4.71088
5.10675
4.80184
4.96982
5.83836
4.54566
5.05328
4.77999
4.72626
4.79004
4.91081
4.46647
4.58412
4.6094
4.59862
4.51112
4.47542
