4.6273
4.5965
4.54059
4.55657
4.55042
4.52212
4.56626
4.99938
4.75565
4.64736
4.62054
4.63998
4.84607
4.41165
4.47711
4.5424
4.67695
4.59817
4.71774
4.63297
4.64318
4.63764
4.48765
4.38697
4.44356
4.50766
5.07509
4.6206
4.8047
4.79835
4.47706
4.79677
4.80523
4.56197
4.89834
4.57837
4.6621
4.82254
4.72015
5.20013
4.92988
4.55491
5.19557
5.4964
4.38361
4.76423
4.31346
4.86495
4.41357
4.54205
5.17809
4.47667
4.5837
4.66852
4.88476
4.93091
4.63359
5.17453
4.52632
4.2792
4.73789
4.50885
4.76739
4.22839
4.70066
4.63805
4.57808
4.54761
4.47909
4.40935
5.09943
4.72392
4.31761
4.89005
4.13268
4.57768
inf
4.7377
4.31002
4.86694
5.00167
4.72015
4.47739
4.33885
4.61935
4.88393
4.45509
5.37757
5.43217
4.69067
4.36225
4.71067
5.34522
4.27865
inf
4.43915
5.12652
4.55927
5.21374
4.64639
4.29982
4.08343
4.3096
4.87901
4.31488
5.08562
4.56981
5.17213
4.36204
4.56551
4.84008
5.19017
4.83749
4.32355
5.28674
3.91975
4.81662
4.60499
4.82474
4.91582
4.31319
4.79125
4.34419
4.46243
4.49098
5.32076
3.9841
4.46583
4.5969
4.53617
5.26714
4.63369
4.90006
5.22686
4.82896
4.86992
4.83389
4.83832
4.43413
4.45809
4.38838
4.33486
4.58755
4.22593
4.70308
4.83232
4.63082
inf
4.80886
4.83427
4.61665
4.28109
4.28584
4.47922
4.12501
4.62929
4.38827
4.34462
4.35845
4.87017
4.82706
4.86245
4.70733
4.46426
4.50292
4.66053
4.53369
4.35403
4.49205
5.00979
4.98323
5.4066
5.05839
4.98798
inf
4.74034
inf
5.51287
4.17123
4.39862
4.91749
4.93446
4.76886
4.39966
4.48592
5.09076
4.78718
4.67547
4.82272
4.65926
5.00991
4.52083
4.89389
4.84783
4.77949
5.09602
4.72752
4.35769
4.74425
5.14401
4.42721
4.64826
4.33947
4.58155
4.8123
4.3832
5.01021
4.76433
4.64094
4.85728
4.39677
4.83693
4.75562
4.32885
4.30763
4.66752
4.78444
4.83893
4.19537
4.29165
4.60303
4.57444
4.81893
5.61028
5.0466
4.60342
4.69242
5.08706
inf
4.63624
4.12326
4.48921
4.58919
5.31813
4.4451
5.31036
4.39784
4.88643
5.33359
4.91101
5.3255
4.80886
4.73703
4.36903
4.36134
4.86503
4.21885
4.83496
4.65261
5.28614
4.86118
4.86411
4.62016
4.37498
5.3049
4.37045
inf
4.2006
4.33776
4.31419
4.5021
4.10238
5.29011
4.67757
4.21073
4.86681
4.81951
5.3638
4.62163
4.97167
4.39636
4.88831
4.35485
4.80234
4.94732
4.39824
4.57295
4.75349
4.8379
4.16026
4.60563
5.17513
4.28089
4.40844
4.4236
4.79762
5.41146
4.42359
5.02463
4.84539
4.46921
4.98687
4.64373
5.33908
4.75011
4.88651
4.24804
4.43704
4.24041
4.21994
inf
4.61934
4.43464
5.39
4.8229
4.43305
4.13092
4.40119
4.39427
4.75174
4.90514
5.4059
4.21688
inf
4.30237
4.70042
4.70055
4.11076
4.29129
3.95665
4.59536
4.39142
4.99421
4.43302
4.1376
4.42234
4.25359
4.37027
4.40787
4.89425
4.6025
4.35272
4.52829
4.36392
4.43944
5.42226
4.50067
5.02311
4.65944
4.36881
4.36043
4.3061
4.54444
4.91722
4.69217
4.36435
4.56087
4.32753
4.57227
4.45828
4.55514
4.51003
4.38461
4.22147
4.69217
4.30797
4.71832
4.50294
4.56212
4.81078
4.77623
4.87717
4.63871
4.63368
4.43593
4.70148
4.22661
4.78955
4.90012
4.73622
4.66137
4.88424
4.60856
4.35114
4.86715
4.82353
4.58866
4.64058
4.57393
4.48393
4.92991
4.55336
4.68557
4.90143
4.594
4.75097
4.87592
4.91246
4.95717
4.58677
4.73267
4.65492
4.836
4.5843
4.59567
4.59454
4.62047
4.66887
4.39673
4.54596
