4.55394
4.68759
4.72666
4.79061
4.62777
4.75889
4.79637
4.69144
4.84296
4.92263
4.81858
4.50339
4.81467
5.18944
4.68527
4.41332
5.09949
5.60558
4.97731
4.93361
5.10579
4.76402
4.81092
4.64085
5.02909
4.70618
5.18559
4.50958
4.42073
4.44657
5.00006
4.62824
5.19903
5.26189
4.4792
4.99299
5.73061
4.91313
4.61115
4.335
5.54323
4.28372
4.69355
5.03382
4.68477
4.91229
4.61264
4.88908
4.83839
5.02647
4.70458
4.40485
4.8225
4.30195
5.00692
5.10543
4.48256
5.4832
5.03247
5.56075
4.40427
4.97314
4.39717
5.37434
4.28052
4.35332
4.21176
4.98004
5.36139
4.42889
4.36263
4.60129
5.3226
4.3939
4.8396
5.00729
4.43387
4.26332
4.7162
5.33929
4.59653
4.34973
5.36369
4.74771
4.80213
4.38927
5.26148
4.63626
4.5205
4.98007
4.15259
4.57964
4.42884
5.37395
4.68147
4.65347
4.84805
4.29648
4.3158
4.71265
4.50331
4.31362
4.54729
4.57808
4.22464
4.72677
4.73471
inf
4.75113
4.6931
4.31439
4.16213
4.7842
4.54126
4.92271
inf
4.19911
4.99252
4.77702
5.02624
4.92044
inf
inf
4.64225
4.64907
4.87732
5.08436
4.88796
4.63483
4.45387
4.65737
4.29748
4.82552
4.52961
4.35906
4.58284
4.93752
4.75907
4.58188
4.11139
5.30255
4.40813
4.58075
4.65383
4.21337
4.31942
5.52228
4.50827
4.99533
4.91434
4.89517
4.42434
4.56648
4.76711
4.7439
4.70034
4.18511
4.80353
inf
4.65682
4.72319
5.04394
4.52862
4.94732
4.67064
4.72591
4.70361
4.45762
4.80743
4.80798
4.42167
5.13927
4.54789
4.47514
4.12811
4.77546
4.49987
4.64415
4.59301
5.54886
4.6116
4.75183
4.7033
5.53515
4.61563
4.57801
4.72044
4.57415
4.25301
4.13877
4.39089
4.44916
4.82822
4.25844
4.28018
4.76767
4.38573
4.83312
4.49435
4.75762
4.73351
4.79568
4.94817
4.59109
4.73018
5.55311
4.71796
4.3691
5.17867
4.58033
4.5396
5.57571
4.73689
4.70722
4.5229
5.16856
5.39321
inf
4.52229
4.6251
4.49744
4.79065
5.07225
4.96789
4.45247
5.30975
4.35688
4.8345
4.74882
5.11852
inf
4.70031
4.54226
4.77065
inf
4.74236
4.36166
4.87304
4.53759
4.73456
4.32927
4.77237
5.31999
4.70118
5.46196
4.9019
5.17484
5.17268
5.01653
4.51157
4.71125
5.31663
4.45792
4.40184
4.55668
4.98329
4.67932
4.68935
4.66369
4.39945
inf
4.80014
4.80061
5.30763
4.57852
4.58989
4.74397
5.47474
4.48464
5.07345
4.55946
4.70716
4.40398
4.80427
4.38933
4.7012
5.16639
5.36728
4.15542
5.32104
4.16541
4.47183
4.34608
4.66125
5.20932
4.82371
4.39764
5.22007
inf
4.55917
4.32801
4.49446
4.58428
4.80907
5.21927
5.0799
5.23017
4.04025
4.87469
4.31509
4.55134
4.93375
4.50059
4.41218
5.27022
5.02551
inf
5.22175
4.60666
4.61861
4.39885
4.67743
4.57426
5.36587
4.4251
4.20528
5.22753
4.87474
4.82489
4.78885
4.43293
5.31951
4.71381
4.54029
5.34563
5.38904
4.88482
4.52294
4.32642
4.94639
4.39192
4.55757
4.70437
4.35479
4.21265
4.55701
4.48694
4.97145
4.24784
4.52403
4.98118
4.08454
4.1953
4.81971
4.29655
4.39247
4.67661
4.46381
4.78932
4.68451
4.81854
4.61142
4.25641
4.37239
4.7226
4.67212
4.39434
4.40982
4.15665
4.53927
4.44655
4.22267
4.8778
4.39
5.78606
4.96954
4.39745
4.52255
4.4159
4.70841
5.15376
4.5209
4.1588
4.64342
4.3953
4.49059
5.19521
4.49726
4.9872
4.44971
4.73551
4.31928
5.20216
5.04471
4.46247
4.42744
4.3845
4.98669
4.99645
4.68861
4.58593
4.53639
4.5556
5.05449
4.57231
4.83909
4.66704
4.67155
4.67634
4.71813
