3.93071
3.82923
3.80106
3.7006
3.69851
3.72472
3.63036
3.64756
3.62204
3.54581
3.60672
3.48459
3.61058
3.49988
3.52041
3.54533
3.63771
3.60021
3.48165
3.72172
3.56982
3.59961
3.49511
3.6339
3.43661
3.73104
3.63714
3.6343
3.45159
3.63505
3.546
3.63629
3.59251
3.40908
3.48802
3.62628
3.68125
3.59522
3.71696
3.53923
3.5824
3.71686
3.50263
3.49061
3.60607
3.48291
3.66579
3.60094
3.52391
3.68955
3.59203
3.49578
3.54633
3.71029
3.50248
3.55723
3.7638
3.63411
3.67769
3.66146
3.5268
3.77286
3.47686
3.6326
3.50254
3.63287
3.70251
3.61686
3.53708
3.58543
3.68023
3.56826
3.45833
3.7109
3.68228
3.47867
3.51649
3.55548
3.61953
3.65065
3.6361
3.64199
3.67398
3.80055
3.5567
3.63366
3.6959
3.56962
3.67635
3.60494
3.70637
3.67793
3.65603
3.49701
3.62291
3.79425
3.81744
3.58489
3.76709
3.63828
3.63295
3.50325
3.58776
3.69107
3.68345
3.50728
3.49441
3.72847
3.53502
3.69393
3.81308
3.67035
3.68655
3.67084
3.68049
3.65862
3.88326
3.59472
3.58461
3.83642
3.49128
3.48668
3.79505
3.55068
3.60174
3.60391
3.73889
3.6148
3.77044
3.72307
3.71158
3.71456
3.72995
3.81377
3.93652
3.7025
3.72171
3.64227
3.764
3.58423
3.68547
3.64669
3.64024
3.82592
3.56677
3.61724
3.65228
3.79236
3.56694
3.64778
3.73648
3.742
3.61359
3.62621
3.46353
3.81472
3.34325
3.6219
3.67878
3.60538
3.7213
3.67037
3.73091
3.6979
3.46357
3.71352
3.56786
3.67662
3.56791
3.83244
3.56046
3.69886
3.6718
3.88351
3.88425
3.71383
3.67175
3.58336
3.51658
3.68119
3.46854
3.51567
3.6716
3.76916
3.43014
3.59878
3.63111
3.72466
3.60121
3.70139
3.56693
3.7855
3.53765
3.52766
3.53202
3.91011
3.43177
3.44148
3.52618
3.74017
3.685
3.72364
3.70065
3.529
3.56013
3.63525
3.69747
3.7985
3.65904
3.41327
3.56091
3.52772
3.55928
3.72015
3.47452
3.43462
3.65971
3.57106
3.49882
3.63909
3.75814
3.69533
3.63158
3.60286
3.58655
3.48987
3.65662
3.57475
3.5966
3.74696
3.64901
3.48591
3.54375
3.66856
3.6617
3.64356
3.57311
3.57081
3.54589
3.73436
3.61308
3.53305
3.39163
3.52774
3.68186
3.75861
3.44412
3.79773
3.62837
3.66932
3.5455
3.41703
3.70469
3.49018
3.53808
3.67476
3.52524
3.95392
3.4364
3.57738
3.68667
3.81652
3.67533
3.59408
3.76805
3.45374
3.6715
3.5594
3.40026
3.71354
3.52275
3.93068
3.73897
3.69647
3.48299
3.69821
3.47098
3.79019
3.88609
3.54186
3.65956
3.53175
3.84569
3.42273
3.93315
3.86253
3.57213
3.4403
3.31988
3.8861
3.44895
3.50025
3.53535
3.45388
3.77778
3.58045
3.52963
3.61941
3.54042
3.59278
3.63196
3.72026
4.04924
3.28303
3.52586
3.50246
3.77533
3.50255
3.5105
3.99304
3.86742
4.11481
3.51392
3.73783
3.46338
3.49562
3.82397
3.42672
3.79598
3.70545
3.61976
3.65754
3.5425
3.69265
3.67369
3.42718
4.02912
3.8069
3.58798
3.7492
3.69612
3.61348
3.77369
3.7143
3.43834
3.91051
4.07595
3.6572
3.50696
3.69523
3.85075
3.69327
3.89939
3.55285
3.34507
3.82264
3.57571
4.09728
3.7967
3.62413
3.80318
3.73357
3.65542
3.71231
3.45232
3.8838
3.6907
3.64486
4.03175
4.16032
3.60678
3.55786
3.79663
3.60859
3.77629
3.71341
3.63691
3.91412
3.86728
3.63813
4.04104
3.38039
4.19666
3.72363
3.71467
3.80693
3.65063
3.75533
3.7724
3.54713
3.67751
3.86825
3.88631
3.87887
3.67908
3.60764
3.70456
3.74678
3.86363
3.65169
3.60705
3.64451
3.63378
3.57666
3.66112
3.6367
3.69176
3.70996
3.68267
3.77455
