3.62969
3.7381
3.69673
3.80034
3.75578
3.77611
3.77805
3.71173
3.79278
3.81951
3.86697
3.82429
3.9187
3.92238
3.86164
3.93243
3.93461
3.73926
3.68961
3.77075
3.73096
3.92816
3.85174
3.7949
3.87704
3.96731
3.74257
3.89062
3.83823
3.86936
3.76902
3.92333
4.00542
3.96946
3.8315
3.79804
3.99175
3.76669
3.80639
3.88798
3.76687
3.91741
3.87698
3.85644
3.91459
3.73809
3.85129
3.71848
4.02258
3.92772
3.72947
3.77529
3.91281
3.70332
3.90347
3.7487
3.97055
3.93366
4.00979
3.66352
3.65265
3.92052
3.59986
3.77404
3.90567
3.83829
3.86954
3.89705
3.78769
3.67132
3.87244
3.82782
4.02742
3.67244
3.89367
3.85215
3.66573
4.04989
3.80924
4.11583
3.85861
3.75418
3.93727
3.72166
3.75077
3.80494
3.85982
3.8216
3.54086
3.89241
3.85079
3.80001
3.96407
3.87941
3.84921
3.76829
3.65597
3.72173
3.68124
3.8297
3.89728
3.73417
3.81628
3.65283
3.86965
3.6743
3.8127
3.75215
3.77089
3.94031
3.84932
3.73401
3.61418
4.06661
3.89498
3.98359
4.03893
3.67179
3.74856
3.98077
3.72356
3.72796
3.85257
3.92301
3.98606
3.87669
4.07679
3.9533
3.70401
3.85948
3.88662
4.02979
3.6439
3.85727
4.01367
3.77736
3.82957
3.91341
3.99119
3.75588
3.79234
4.00514
4.06053
3.78471
3.87336
3.83787
4.1579
3.99714
3.72639
3.69236
3.67856
4.0029
3.57897
3.70205
3.74923
3.58751
4.00199
4.15904
4.07135
4.04953
3.93009
3.73378
3.9024
3.69187
3.81517
3.84032
3.8526
3.62102
3.91389
4.0609
3.92709
3.67888
3.87801
4.04345
3.71939
3.66155
4.04024
3.85588
4.03423
3.80671
3.7748
4.20299
3.56696
3.72807
3.72922
3.7246
4.11211
3.86898
3.82436
4.08985
3.98481
4.1028
3.73503
4.28541
3.85705
3.89346
3.71155
4.12533
3.84622
3.91546
3.90053
3.89772
3.89903
4.32304
3.87811
3.88383
4.03499
3.95024
3.90265
3.87916
4.16644
3.84925
3.72736
3.8781
3.94353
4.28432
3.93922
3.91552
3.69672
3.79999
3.95502
4.32691
4.21432
3.8989
3.79341
4.46795
3.85585
3.86796
3.91911
3.88532
3.65649
3.56599
4.13895
4.49975
3.68305
3.76787
3.6863
3.61449
3.70437
3.80936
4.2096
4.76851
4.09772
3.65874
3.90748
4.21513
4.18572
4.18103
3.79893
3.89986
4.26413
3.9678
4.18876
3.67167
3.67547
3.86214
3.70929
3.85484
4.29352
4.26849
3.94483
4.24566
3.82974
4.02161
4.26008
5.08336
3.87382
3.88749
3.53034
3.97073
4.37576
3.86742
3.97757
4.09554
3.8917
4.0624
3.81819
3.83552
4.04824
4.21812
4.37995
4.20889
4.04066
3.90488
3.87397
3.94712
4.03629
3.79827
3.88783
3.76958
4.40523
3.85346
3.98873
4.3263
4.16988
3.9613
4.33085
4.642
4.18947
3.69237
4.21612
3.96144
3.89243
4.15633
4.14819
4.00883
4.03485
3.76417
4.02705
3.84746
3.71319
4.01557
3.89456
4.16418
3.68535
4.29608
4.35177
4.14361
4.02367
3.94105
4.11117
4.32219
4.04859
4.99575
4.36035
4.33063
3.79301
4.00793
3.72955
4.02881
3.67345
3.65232
3.90169
4.00156
3.68118
4.30677
3.70017
3.9171
5.01676
3.86942
3.78973
3.95485
4.58456
3.72871
4.5983
3.83002
4.17526
4.01703
3.65496
3.86141
3.55579
4.60214
3.90037
3.70818
3.89832
4.16728
3.69623
3.92216
4.64793
4.01402
4.38726
3.94626
4.03463
3.78158
3.76771
3.98033
3.80733
3.97928
3.72794
3.99703
3.89527
4.04079
5.00812
3.9403
3.92094
3.69747
3.94349
3.69913
4.04214
3.66304
4.23724
3.68364
4.46592
3.95715
3.92078
4.40409
4.0877
3.9595
3.92227
3.82365
3.97701
4.03511
4.12462
3.8242
3.89342
3.87259
4.15232
4.12604
4.00046
4.0897
