4.23688
4.07216
3.94953
3.84295
3.8705
3.73769
3.67635
3.61845
3.62065
3.63935
3.59539
3.56188
3.41154
3.44216
3.5897
3.56871
3.39248
3.49902
3.42773
3.3627
3.49693
3.5473
3.41187
3.45553
3.35121
3.51282
3.3804
3.44034
3.43002
3.30114
3.46439
3.49278
3.3578
3.34384
3.41862
3.46696
3.50912
3.44695
3.56726
3.36366
3.33907
3.34408
3.44847
3.39617
3.28194
3.51552
3.45378
3.50845
3.38948
3.49018
3.41241
3.53795
3.43905
3.29903
3.54679
3.30208
3.55703
3.44764
3.39687
3.4087
3.43881
3.53345
3.4789
3.29156
3.39822
3.36422
3.51693
3.47835
3.51826
3.3504
3.43204
3.43736
3.46683
3.49676
3.48707
3.42516
3.46059
3.36869
3.54613
3.5144
3.43566
3.52787
3.5279
3.46555
3.41205
3.39877
3.45616
3.46324
3.40741
3.2885
3.41616
3.55379
3.32848
3.53072
3.59214
3.46874
3.45044
3.59948
3.40087
3.48774
3.56019
3.63628
3.46983
3.40506
3.55815
3.52243
3.35198
3.66465
3.3262
3.5379
3.46921
3.5257
3.65894
3.45002
3.53633
3.35686
3.47413
3.41676
3.66996
3.4111
3.53956
3.47221
3.97613
3.51361
3.54648
3.49937
3.35565
3.51234
3.42324
3.43166
3.59403
3.53829
3.58329
3.45414
3.59516
3.5527
3.49462
3.67848
3.58545
3.42106
3.49405
3.47252
3.30783
3.51358
3.52919
3.40565
3.60942
3.7057
3.72511
3.49739
3.41152
3.31015
3.47043
3.61302
3.69194
3.61729
3.58204
3.57296
3.61651
3.42529
3.56113
3.32889
3.2691
3.5959
3.38882
3.6556
3.52206
3.50184
3.56858
3.47587
3.4241
3.42074
3.5133
3.48719
3.65267
3.52566
3.62473
3.55231
3.39783
3.52429
3.59239
3.46889
3.62672
3.62274
3.62512
3.56349
3.48169
3.57134
3.61967
3.49836
3.80178
3.45331
3.64795
3.69602
3.7252
3.4661
3.64053
3.45608
3.51204
3.33505
3.40651
3.63272
3.46029
3.63767
3.37058
3.63311
3.54471
3.57638
3.40796
3.34886
3.30156
3.51356
3.4976
3.4678
3.39693
3.70363
3.55939
3.44385
3.4422
3.52813
3.3622
3.36295
3.45059
3.41782
3.58883
3.55305
3.48011
3.3801
3.3959
3.35974
3.53328
3.7081
3.46502
3.3277
3.51632
3.78572
3.48306
3.43937
3.55344
3.47411
3.30334
3.35971
3.57629
3.42866
3.30785
3.3182
3.46586
3.4849
3.44875
3.4046
3.60423
3.57365
3.24934
3.56132
3.51193
3.6333
3.52981
3.35339
3.4781
3.34503
3.4652
3.62208
3.33889
3.47422
3.34473
3.64097
3.61481
3.52049
3.32774
3.66548
3.30408
3.32833
3.36242
3.43513
3.43042
3.42068
3.33957
3.32552
3.50237
3.74754
3.3283
3.2485
3.6246
3.31749
3.42498
3.54589
3.34389
3.75607
3.46247
3.46369
3.50724
3.48371
3.70085
3.41576
3.30465
3.40085
3.57089
3.25193
3.1655
3.38042
3.31571
4.00391
3.21096
3.46792
3.40751
3.75228
3.61727
3.31418
3.41233
3.42565
3.23804
3.41139
3.28512
3.52105
3.37122
3.15297
3.47664
3.56804
3.43031
3.63426
3.38327
3.12934
3.50801
3.44916
3.57043
3.64615
3.41226
3.27971
3.72157
3.58115
3.26534
3.82033
3.81443
3.47978
3.64461
3.3865
3.42172
3.37069
3.67613
3.32193
3.39781
3.4579
3.37583
3.22987
3.42756
3.32212
3.32117
3.4521
3.57445
3.57479
3.49435
3.2274
3.75344
3.24989
3.43073
3.4019
3.28097
3.4098
3.30856
3.31648
3.55147
3.25146
3.50476
3.46915
3.45607
3.44248
3.37068
3.37468
3.23674
3.33925
3.21336
3.42082
3.49184
3.41715
3.51201
3.55982
3.42833
3.42273
3.36736
3.4538
3.44725
3.31408
3.56417
3.58651
3.63509
3.46826
3.2615
3.50517
3.51472
3.35218
3.42777
3.46213
3.40385
3.4239
3.4397
3.50956
3.43723
3.50428
3.51146
3.4069
