3.86946
3.81158
3.74086
3.7818
3.75354
3.70625
3.6473
3.68435
3.68046
3.6122
3.65159
3.58971
3.59006
3.6121
3.73168
3.6041
3.7473
3.59763
3.55176
3.6237
3.58119
3.49975
3.77965
3.54142
3.57447
3.56036
3.67204
3.72684
3.59249
3.65113
3.5501
3.60179
3.64978
3.68847
3.72923
3.53252
3.64519
3.727
3.46265
3.57281
3.58663
3.7508
3.67374
3.66998
3.64003
3.75161
3.83533
3.73396
3.62993
3.51632
3.71672
3.58897
3.57073
3.5244
3.51106
3.62883
3.86081
3.56352
3.7414
3.70827
3.66598
3.58597
3.62205
3.69764
3.70324
3.84472
3.57095
3.64819
3.74909
3.63703
3.64194
3.63536
3.5555
3.48968
3.69193
3.53684
3.69934
3.9811
3.6931
3.85786
3.67375
3.78229
3.79276
3.62304
3.55778
3.80167
3.95039
3.68348
3.53229
3.52516
3.67152
3.75341
3.51356
3.68394
3.76024
3.4246
3.86451
3.80248
3.76966
3.71771
3.37785
3.50495
3.8758
3.74163
3.60319
3.62216
3.51953
3.68578
3.61745
3.61091
3.74144
3.57163
3.49928
3.64309
3.62765
3.44466
3.73077
3.58176
3.52191
3.80274
3.66988
3.51647
3.67495
3.6882
3.5707
3.54626
3.64173
3.5316
3.74853
3.53625
3.72474
3.61852
3.65144
3.6749
3.49158
3.60716
3.62889
3.61041
3.71019
3.67491
3.54241
3.37436
3.55039
3.59988
3.69656
3.79768
3.41764
3.71548
3.61996
3.57243
3.56716
3.50061
3.67365
3.76004
3.70906
3.702
3.45531
3.81777
3.53823
3.50779
3.68851
3.6799
3.61315
3.57066
3.46815
3.66978
3.63061
3.79888
3.57282
3.55963
4.09056
3.69345
3.86342
3.80424
3.72512
3.77363
3.80601
3.67475
3.97242
3.76689
3.62809
3.78236
3.60853
3.61255
3.90547
3.53113
3.75539
3.72866
3.65965
3.93994
3.86183
3.51925
3.60404
3.61674
3.7206
3.72014
3.81969
3.80459
3.60741
3.62406
3.49766
3.77296
3.97598
3.89147
3.57993
3.54252
3.75176
3.66077
3.46913
3.94168
3.90271
3.78957
3.66218
3.76696
3.52582
3.63711
3.66816
3.83054
3.82971
3.64425
3.66949
3.88202
3.75541
3.45701
3.5362
3.53308
3.47788
3.69313
3.72031
3.86616
3.43495
3.43961
3.6534
3.69102
3.64592
3.56181
3.62167
3.96738
3.7448
3.62237
3.51227
3.57908
3.57632
3.61232
3.67501
3.43898
3.5101
3.61739
3.51397
3.68507
3.81782
3.75018
3.73638
3.58199
3.60278
3.80996
3.63447
3.63481
3.75675
3.70962
3.42747
3.6607
3.57454
3.39517
3.59343
3.63074
3.45469
3.5441
3.40116
3.61366
4.01061
3.88297
3.48456
3.51169
3.55252
3.42016
3.58872
3.53913
3.69128
3.92113
3.78615
3.50525
3.67597
3.69606
3.50342
3.91703
3.67419
3.64231
3.61824
3.37775
3.7728
3.97682
3.61137
3.93874
3.71937
3.67862
3.54133
3.50789
3.50481
3.59057
3.87076
3.84565
3.42623
3.45895
4.09327
3.39495
3.6547
3.49076
3.96991
4.07744
3.4535
3.63743
4.12507
3.9591
3.80734
3.48246
4.02491
3.54709
3.40699
3.71041
3.58589
4.22015
3.85767
3.63108
3.58308
3.88892
3.60165
4.03446
4.01627
3.65994
3.7692
3.85734
3.45932
3.6283
3.64448
3.61539
3.49555
3.80017
3.62429
3.51125
3.50459
3.85613
3.59615
3.67961
3.85588
3.3147
3.96181
3.78148
3.785
3.76094
3.80108
3.34864
3.51952
3.51143
4.24228
3.49017
3.46363
3.38321
3.84566
3.55964
3.5984
3.77031
3.53261
3.73754
3.74891
3.66564
3.51046
3.71847
4.01347
3.69533
3.83001
3.55753
3.73559
3.57346
3.73728
3.68507
3.66326
3.75799
3.58112
3.68326
3.63764
3.8456
3.50897
3.61622
3.73333
3.83589
3.62987
3.54385
3.7296
3.24229
3.79375
3.45327
3.51707
3.55717
3.59697
3.74757
3.5721
3.6394
3.70379
3.84308
