3.60877
3.71541
3.7686
3.77613
3.78766
3.84168
3.76413
3.85391
3.83255
3.87318
3.8884
3.9099
3.83166
3.88284
3.91794
3.87842
3.94321
3.95725
4.00649
4.05963
3.87079
3.92927
3.88329
3.89233
3.96237
4.06179
3.97798
3.85661
4.09718
3.85794
3.95853
4.04817
3.97166
3.9558
4.03862
4.00755
4.06228
3.84145
4.04921
3.86617
3.97264
3.79225
3.88467
3.91884
3.99644
4.12338
3.80843
3.94736
3.95749
4.13076
3.98768
3.9129
3.96496
3.98984
4.01293
3.9033
3.74608
4.00946
3.85015
4.33931
3.66526
3.8543
3.8862
4.08585
3.89891
4.05243
3.96814
3.83564
3.71318
3.9714
3.76079
3.80115
3.75985
4.19024
3.78107
4.21673
3.65266
3.80499
3.95144
3.9361
3.81003
3.94232
3.55966
4.13645
4.00747
4.10448
3.91742
4.13162
3.91646
4.10293
4.23591
3.90188
4.1144
3.82663
3.81429
3.9801
3.85101
4.11007
3.97362
4.13564
3.7828
3.92698
3.95233
3.60886
4.06549
3.71712
3.96233
4.10064
3.90417
3.93776
4.27572
3.96719
4.04267
3.80599
3.91009
4.02612
4.00247
4.14859
3.91936
4.09228
3.8327
3.88679
4.10419
3.80165
3.85434
4.15731
4.06542
4.3445
3.78896
3.82003
3.77803
3.88316
3.8725
3.76757
3.63849
3.93866
3.91402
3.97285
4.01878
4.02371
3.92127
4.06761
3.74569
3.97992
4.34754
4.17115
3.89244
3.85383
3.94368
3.74073
3.88711
3.88539
3.88672
4.31856
3.86411
3.9169
4.00248
4.0269
3.96752
4.11536
3.89658
3.85336
4.34234
3.95952
3.80774
3.93946
3.74432
3.73645
3.90464
3.7883
3.88903
3.88639
3.71476
3.7669
3.82316
3.77769
3.98144
3.86042
4.17051
3.82351
4.6966
4.12369
4.18861
3.89743
3.69365
4.16395
4.0057
3.85617
3.84143
4.33086
3.94037
3.69082
3.94183
3.86153
3.90087
4.20228
3.70346
3.74448
3.86153
3.81637
3.91882
4.01328
4.42071
3.91578
4.69487
4.18648
4.04168
3.88799
3.82225
3.98884
3.84976
3.7933
3.73989
4.01848
3.69433
3.9706
4.47228
3.9252
3.75589
3.74999
4.11035
3.91236
4.36081
3.94413
4.09082
3.79033
3.69254
3.73883
3.87481
3.7815
3.76571
3.90289
4.28974
3.86841
4.06841
3.95232
3.81278
3.57123
4.35435
4.36932
3.94544
4.03835
3.7537
3.82903
4.10592
3.89404
3.7701
3.87994
3.82231
4.10392
3.99532
4.15497
4.25946
3.73737
3.94859
3.98213
4.16101
3.88678
4.16295
3.93474
3.66467
3.84389
3.70903
4.12589
4.09575
3.50628
3.60089
3.60579
3.84754
3.90159
3.69491
3.93323
3.76814
3.94259
3.65544
4.10257
3.77415
4.08444
3.55484
3.73122
3.58898
3.79159
3.89378
3.94024
3.51189
3.89313
3.9008
4.0872
3.88032
3.59059
3.90895
4.05891
3.9521
3.51787
3.98056
3.7726
3.58794
4.06381
3.82392
4.22845
4.36749
3.83392
3.85163
3.50962
4.16015
4.0032
3.5481
3.84957
3.72715
3.82185
3.80588
3.76578
3.73961
3.79109
3.88167
4.14182
3.61098
3.60905
3.99219
3.68907
4.0681
3.54487
4.05103
3.70972
3.84412
3.67088
3.51986
3.85821
3.631
3.58937
3.81037
3.71783
3.99666
3.75694
4.12982
4.10824
3.72673
3.95516
3.96936
3.85423
3.96675
3.70462
4.72954
3.86748
3.78916
3.96902
3.66713
3.6876
3.62111
4.12992
4.30396
3.55427
4.0007
3.85972
3.88942
3.74443
3.67137
3.71707
3.62533
3.76509
3.69585
3.6407
3.86635
4.24108
4.06671
3.60026
4.07784
3.59381
3.44279
3.63576
3.7927
3.98104
3.59033
3.68839
3.72187
3.76989
3.65754
3.82587
3.71324
3.70074
3.80982
3.87652
3.62558
3.52151
3.9377
4.06234
3.7078
4.04303
3.75569
3.83181
3.69305
3.70214
3.82323
3.92125
3.76465
3.75989
3.50826
3.74287
3.53348
3.84987
