3.75387
3.73269
3.74367
3.77497
3.74809
3.78134
3.86756
3.7793
3.83833
3.7509
3.88902
3.77233
3.74609
3.75066
3.69988
3.80266
3.74062
3.66057
3.72756
3.91063
3.85867
3.71597
3.63716
3.76271
3.82924
3.84495
3.80738
3.71384
3.71738
3.71963
3.68483
3.78621
3.92248
3.63415
3.79683
3.77226
3.78142
3.91921
3.68581
3.90258
3.80369
3.85625
3.82875
3.76683
3.82952
3.46318
3.62766
3.74354
3.81941
3.79633
3.93954
3.8445
3.79156
3.62172
3.78743
3.86204
3.75462
3.77126
3.85604
3.67904
3.60883
3.67214
3.61399
3.76884
3.6165
3.48328
3.71466
4.00618
3.82862
3.81503
3.95183
3.66653
3.75702
3.68133
3.6282
3.90066
3.71014
3.60271
3.61003
3.77573
3.92092
3.71673
3.59568
3.52933
3.69185
3.83289
3.61182
3.72439
3.90204
3.81997
3.71165
3.75613
3.79157
3.68381
3.72268
3.51872
3.78442
3.64016
3.64934
3.63394
3.84397
3.75804
3.6281
3.65226
4.01776
3.80361
3.87097
3.77338
3.69286
3.7684
3.90976
3.93161
3.63357
3.56382
3.8245
3.68814
3.8289
3.8398
3.67849
3.58872
3.9079
3.86157
3.86293
3.62013
3.55944
3.80171
3.65749
3.79667
3.62473
3.86783
3.55687
3.62051
3.89213
3.72774
3.85892
3.65897
3.81161
3.97647
3.65784
3.96553
3.99525
3.85149
4.12525
3.82046
3.7485
3.65182
3.86798
3.70997
3.65214
3.62869
3.90856
3.68302
3.80005
3.71122
3.70242
3.73246
3.87033
3.89002
3.46036
3.92476
3.82897
3.85576
3.78518
3.67023
3.59417
3.77967
3.56828
3.75921
3.71673
4.11381
3.86026
3.86035
3.73217
3.71645
3.8213
3.70148
3.59162
3.8111
3.69115
3.80209
3.67859
3.78091
3.73476
3.67254
3.65317
3.68407
3.75701
3.81566
3.68133
3.56634
3.78445
3.6715
3.63103
3.62117
3.56585
3.56164
3.6041
3.68406
3.72298
3.66716
3.74907
3.59587
3.56234
3.54972
3.73642
3.94212
3.88533
3.71794
3.7765
3.83437
3.8543
3.86037
3.62194
3.61239
3.97716
3.5922
3.70722
4.1548
4.05446
3.66937
3.57028
3.58876
3.93704
3.72477
3.72318
3.9958
3.75785
3.79405
3.44704
3.67381
3.53176
3.55343
4.02777
3.57813
3.56463
3.92223
3.64653
3.71851
3.7737
4.03399
3.92739
3.53045
3.89005
3.98
3.69431
3.76773
3.75303
3.76187
3.58968
3.97124
3.68403
3.74986
3.57001
3.82939
3.6801
3.67814
3.54939
3.55123
4.30797
3.64571
3.54444
3.97558
3.74604
3.71594
3.42389
3.87741
3.92085
3.67677
3.92161
3.76255
3.84716
3.6726
3.73139
3.5816
3.85821
3.54274
4.06125
3.58259
3.6626
3.61712
3.9278
3.94736
3.91763
3.3544
3.68356
3.80389
3.63432
3.69113
3.65394
3.57039
3.56322
3.78658
3.72974
4.13872
3.76175
3.79867
3.86043
3.81377
3.59804
3.80431
3.76213
4.03422
3.88969
3.57182
3.54075
3.49285
3.4277
3.70023
4.11247
3.75958
3.95011
3.46291
3.81253
3.50239
3.76755
3.59067
3.70045
3.64139
3.51771
3.62062
3.38721
3.79958
3.57763
3.51151
3.51318
3.91845
3.89606
3.85594
3.75044
3.75014
3.58628
3.56534
3.94553
3.62409
3.78751
3.80056
3.71202
3.62567
3.46998
3.57509
3.78632
3.87407
3.85946
3.63777
3.41673
3.45949
3.50191
3.78493
3.76264
3.53951
3.75298
3.60086
3.51178
3.76655
3.60053
3.58001
3.7466
3.84435
3.47713
3.46573
3.76627
3.70747
3.71266
3.88096
3.63554
3.47418
3.64896
3.61141
3.80449
3.56745
3.875
3.62701
3.70231
3.79696
3.79364
3.48448
3.55578
3.63527
3.75867
3.72431
3.51037
3.86352
3.85083
3.61415
3.71886
3.55517
3.62622
3.60089
3.64161
3.79368
3.67318
3.67217
3.75106
3.69731
3.68562
3.77174
3.70179
3.69426
3.59502
3.85543
