3.52968
3.68193
3.81
3.78834
3.8439
3.84287
4.02774
3.87879
3.88298
4.00281
4.01696
3.99568
3.85566
3.93608
3.84773
4.01168
4.11559
3.99312
3.99712
4.1342
4.21032
4.16731
3.96792
3.9158
4.13051
4.04213
4.00463
4.16287
4.01638
3.97277
4.00981
4.18509
4.1176
4.19321
4.16064
4.17259
3.96201
4.05236
3.86081
4.0199
3.99109
3.88219
4.00961
4.07192
4.16319
4.06268
4.23033
4.31767
3.8783
4.19715
3.97546
3.97031
4.0082
4.03039
3.93417
4.24815
4.17072
4.3373
4.23757
4.17483
4.05563
3.94104
4.39479
3.934
3.98478
4.35847
4.03798
4.21071
4.31445
3.80916
3.85543
4.03534
4.0742
3.99752
4.15351
4.36044
3.94822
3.87083
4.05397
3.89871
4.30087
4.17015
4.1369
4.17852
3.6565
4.03678
3.97108
4.20983
4.04038
4.10517
4.00021
3.78522
3.90457
4.06718
3.82648
4.15185
4.20291
4.17118
4.30867
4.18985
3.98711
3.9919
3.80514
3.87663
4.04165
4.16952
3.92553
3.63646
4.13383
4.09243
4.06971
3.94594
4.00151
4.08657
3.93617
4.26595
3.90798
3.95479
4.04564
3.98497
4.07936
3.88286
3.93934
4.07291
4.14006
4.1512
3.9497
4.06367
3.83478
3.98332
4.11397
4.00215
3.94486
4.23571
3.94799
3.92499
3.85616
3.83881
4.70404
4.0084
4.11026
4.27706
3.87565
3.86697
3.85639
4.14179
3.91608
4.03745
4.05619
3.93713
4.3729
4.18301
4.01011
4.21903
4.25054
4.23776
4.14289
3.95888
4.17469
4.10555
3.88579
4.24507
4.28793
4.12425
4.01685
4.08106
3.92568
3.94827
4.22822
3.98425
4.18161
4.12268
3.93321
4.16512
4.21019
4.03702
4.35087
4.06001
4.02871
4.25875
3.89648
4.25311
3.77215
4.00409
4.03873
4.12756
4.33162
3.88948
4.33135
3.91318
4.29724
4.52069
3.96774
4.35799
3.98487
4.05446
4.32199
4.37679
4.1791
3.97418
4.05177
3.92004
4.49897
4.20146
3.80507
3.89862
4.38629
3.94046
3.90823
4.43742
4.04909
4.23791
4.35029
4.12597
4.21053
4.30107
4.08316
4.53695
3.98127
4.264
4.15015
4.19464
4.1149
3.83142
3.85761
3.93218
3.84384
4.08924
3.87282
3.95119
4.47451
3.6208
4.3629
3.79441
3.94528
3.96632
3.76287
4.33066
4.0267
4.45784
4.15853
3.83756
4.60357
4.11013
3.66718
4.90726
3.8724
3.86471
3.96699
4.47582
3.87541
3.91339
4.16713
3.99904
3.98419
3.78615
3.85716
3.93496
4.122
4.06627
4.18055
4.05664
4.05247
3.86523
4.09777
4.23033
4.23527
4.32866
3.88528
3.72282
3.87415
4.11475
3.78023
3.85121
4.00797
3.86166
3.99097
3.98198
4.37856
4.08336
4.03723
3.76162
4.06791
4.16806
3.98974
4.45457
4.34284
4.14356
3.98405
4.46389
3.59509
3.96838
3.64314
3.92268
3.9322
3.96843
4.25059
4.04202
3.89309
4.14084
4.16462
3.86226
4.15331
3.95474
4.18209
4.30888
4.0377
4.45335
3.74713
4.02776
4.09818
3.98375
3.59239
4.41854
3.8698
3.60696
3.97796
3.71275
3.90889
3.86135
3.89954
3.88538
4.03948
4.0113
3.65508
3.90165
4.06344
4.00511
3.79406
3.99888
3.85489
3.87893
3.94834
3.91629
3.89219
3.94033
4.06513
4.08316
4.1831
3.99655
3.74757
3.98169
4.34018
4.01205
3.91738
4.11989
3.92295
4.07261
4.11622
3.9508
4.67293
4.44192
4.3966
3.7767
4.20612
3.98321
3.87579
4.0454
3.78612
3.78087
4.30387
3.92496
4.10993
5.01601
3.84289
3.99553
3.93837
3.81868
3.84803
3.96371
4.27719
3.9165
3.72178
4.07567
4.16747
3.9844
3.89949
4.30727
3.90429
3.73545
3.71561
4.04298
3.88021
3.9755
4.10313
3.70509
4.30568
4.07719
3.87464
3.70739
3.7062
3.97517
4.12178
3.88938
4.24796
3.78639
3.93291
4.07702
4.18272
4.29283
