3.64575
3.75339
3.76072
3.78542
3.83355
3.86195
3.94449
3.86932
3.86668
3.85943
4.01321
4.01209
3.91865
3.98441
3.94896
3.94656
3.85112
3.97741
4.01137
3.86661
4.13045
3.94156
3.91453
4.08562
4.09386
3.94117
4.05154
4.09238
4.06704
4.10372
3.90323
3.90503
4.00699
4.19595
4.10642
3.86226
4.02806
3.94343
3.88358
3.84712
3.75772
3.88159
4.31264
4.03466
4.09703
4.05235
3.83165
3.82291
4.12906
3.77888
3.8776
3.81191
3.823
4.03691
3.93213
3.97575
4.05357
4.01357
3.83694
3.9606
3.81231
3.9103
3.94142
3.79236
4.09967
3.72765
3.88198
3.84549
3.76819
3.764
3.88843
3.72062
3.61284
3.80811
3.77293
3.66392
4.01483
3.7555
3.61115
3.76803
3.90992
3.87913
3.70721
3.89037
3.78297
3.77358
3.76707
3.90989
4.04459
3.97879
3.832
3.93259
3.95931
3.96123
3.81156
3.93745
3.66211
3.76056
3.73223
3.80526
4.05439
3.74947
3.7497
3.86231
4.09023
3.65968
4.14402
3.90879
4.03269
4.17602
3.86843
4.02524
3.88427
3.76084
3.90535
3.7701
3.78899
3.67832
3.81601
3.82026
3.8306
3.86863
4.01096
4.25096
3.89484
3.7771
3.93657
3.93866
4.08525
3.82732
3.6504
3.97528
3.69015
3.8486
4.29369
4.0187
3.95282
3.82478
3.77508
3.77783
3.65474
3.8721
3.81872
3.97565
4.08207
4.04635
4.07058
3.95098
3.68391
4.08448
4.23156
4.2461
3.8108
3.95626
4.12141
3.91086
4.08928
3.78093
3.8562
3.88988
3.72828
3.65509
4.09674
3.76062
4.08587
4.07771
3.9605
3.74974
4.08336
3.91583
3.98279
3.88022
3.98494
3.90861
3.91639
3.94423
3.79026
4.11041
3.94871
3.64615
3.93592
4.10369
3.92759
4.09992
4.21777
4.21086
3.81474
3.99614
3.96766
4.20673
3.91891
3.97155
4.1266
3.97672
3.94956
4.01386
3.99739
4.04055
3.69356
3.86663
3.92203
3.92777
3.82899
4.21963
3.66614
3.78809
3.9194
3.93173
3.87033
3.76004
4.3078
3.80498
3.85686
3.62411
3.80616
3.64497
3.76929
3.78885
3.631
4.27977
3.79504
3.58802
4.16772
3.96835
3.6412
3.97341
3.94153
3.58033
3.8313
3.46004
3.90527
4.08777
4.1135
3.76337
3.94764
3.63967
3.50108
3.65914
3.93446
3.63176
3.77135
3.84261
3.76789
3.57708
3.66733
3.92116
4.00203
3.60717
3.92928
3.86016
3.73703
3.71807
3.68643
4.25597
3.85372
3.66411
3.72843
3.83606
3.94585
3.8918
4.08914
3.85208
3.39433
3.71759
4.11274
3.91781
3.59493
3.53695
3.7565
3.74384
3.90262
3.52231
3.80048
3.69198
3.92924
3.84823
3.88666
4.00997
3.64872
3.58595
3.78338
3.51144
3.99116
3.73482
3.60933
3.69604
3.49545
3.92324
4.05051
3.55837
3.40817
3.58725
3.69504
3.73556
3.70214
3.86289
3.71064
3.78461
3.74021
3.76914
3.80707
3.79234
3.6802
3.60384
4.78088
3.95645
3.30589
3.86165
3.67465
3.56345
3.66909
3.66246
3.32746
3.64197
3.73456
3.57306
3.64939
3.80803
3.34806
3.57939
3.47345
3.65613
3.43651
3.58117
3.51501
3.91486
3.31346
3.55721
4.0543
3.55328
3.43937
3.5122
3.29823
3.43262
3.33839
3.49108
3.50444
3.36796
3.71578
3.59476
3.36959
3.43846
3.65813
3.51041
3.62608
3.45995
3.42341
3.41551
3.54528
3.32671
3.48126
3.47554
3.45487
3.61478
3.2264
3.32179
3.46929
3.53229
3.49479
3.42701
3.41716
3.90796
3.45483
3.39124
3.47806
3.67882
3.5553
3.36024
3.41627
3.36736
3.53122
3.36853
3.56189
3.38513
3.45444
3.49196
3.55743
3.45648
3.40887
3.54268
3.66187
3.52087
3.56197
3.64772
3.56221
3.38418
3.46282
3.5991
3.70211
3.84713
3.53106
3.59685
3.69946
3.55367
3.95681
4.08024
3.71229
3.87344
3.62149
3.80429
