4.48742
4.59635
4.45351
4.71782
4.70861
4.61835
4.89278
4.4584
4.60849
4.64214
4.64158
4.97026
4.91837
4.58487
4.91023
4.93144
4.80056
5.09312
4.47927
4.58443
4.76833
4.56298
4.56512
4.46959
5.43036
5.00379
4.91583
5.00699
4.86762
4.73078
4.54744
5.38481
5.0143
4.70682
5.02808
4.63338
5.26778
4.55669
4.48112
4.83469
5.6927
4.7736
4.36986
5.12781
4.77096
4.50033
4.7162
4.60299
4.86504
4.70954
5.58095
5.08374
4.82556
4.63601
4.82299
5.36991
4.6113
4.71157
5.54782
4.79756
4.62697
4.47474
4.27238
4.99959
5.46012
4.38296
4.83243
4.73907
inf
5.39323
5.43065
4.43193
4.70712
4.58983
4.7756
4.56983
4.67341
5.3909
4.72325
inf
4.48821
4.7531
4.97167
5.38282
4.48324
5.36663
inf
4.39355
5.26571
5.22362
4.64946
inf
4.6472
4.67745
4.37755
4.68647
5.35402
4.90093
4.53496
5.26351
4.4359
4.92219
4.51705
4.32654
4.8822
5.33202
4.57219
5.24165
4.23218
4.45054
inf
5.27791
4.90045
4.07301
4.59109
4.89558
4.26987
4.44848
4.66747
inf
4.52126
5.32153
4.28361
4.34618
4.83118
5.19091
4.93425
4.4694
4.67719
4.64407
5.2465
4.66655
4.52758
5.27641
4.82878
4.83699
4.31823
4.6331
4.90831
inf
5.20439
4.92264
4.25503
4.70298
5.32377
5.34535
5.27933
4.68387
5.27608
5.27437
4.34432
4.91048
4.89932
4.67963
4.68819
4.43785
4.36968
4.66567
4.71412
4.69949
inf
4.75935
4.71878
4.99171
inf
5.41436
4.80353
4.57883
4.53413
4.55056
4.77106
4.71962
inf
4.77004
5.3748
4.59893
4.9468
4.484
4.5961
4.62161
4.38939
4.79848
4.48815
5.51563
4.92648
4.40338
4.69289
4.77743
4.35924
4.84813
4.57935
4.69268
4.28783
4.56173
5.22138
4.84325
5.68571
5.02753
4.88424
4.82515
4.90299
4.44581
4.75442
5.28148
5.53613
4.63953
4.95289
5.18444
5.07441
5.17746
5.14698
4.86931
4.68889
4.64965
4.4409
5.08949
4.60846
4.62441
4.29393
4.61792
4.29448
inf
5.03033
4.55508
4.25157
4.90286
5.47052
4.99062
4.40375
4.52106
4.7184
4.32035
4.68506
4.66502
inf
4.37237
4.9945
4.51046
4.52925
4.36644
5.37525
4.66795
5.25084
4.58561
4.45788
4.64033
5.35386
inf
4.60013
4.89972
4.80019
4.57182
4.62053
5.21005
4.53313
5.25909
4.60573
4.83286
4.79644
4.86997
inf
4.7836
4.43502
4.88303
4.86078
4.32111
4.81718
inf
5.24896
5.21239
5.17497
5.30618
4.19557
4.36049
inf
4.86587
inf
inf
4.27184
4.17418
5.36287
5.21305
5.25231
4.79463
5.36421
4.58924
5.12091
5.20866
4.57802
5.15817
5.20731
5.24989
5.19644
inf
5.18826
5.15073
4.56017
4.56326
4.56446
inf
4.81899
4.38262
5.24848
4.39965
4.38624
4.57555
4.24261
5.328
4.29689
5.28077
4.43138
4.44301
5.209
4.40969
5.26338
5.14906
4.86076
4.59002
4.82942
5.23205
inf
4.87262
4.20369
4.81522
inf
5.343
4.61812
5.23692
4.83941
5.3058
4.50646
4.63287
4.84174
5.31024
4.44494
5.30068
4.9299
4.49323
4.90488
4.67332
4.38425
5.4087
4.95699
4.50465
4.49866
4.49679
4.76602
4.55527
4.98792
4.98396
4.73551
inf
5.02472
4.72413
4.62136
4.46318
5.02983
4.28292
5.03647
5.13836
5.02784
5.40641
5.02918
inf
4.69657
4.89398
4.71313
4.94492
4.3998
4.44641
4.42418
4.78734
4.68571
4.85332
4.58791
4.8308
4.71082
4.73277
4.66002
4.3176
4.40297
4.27883
5.18819
4.28922
5.26589
4.78407
4.43546
4.92535
4.69329
4.95034
4.73242
4.76092
4.77466
4.63814
5.22719
4.95686
4.92744
5.09194
5.10619
5.34375
