4.75035
4.85076
4.91108
4.78257
4.58102
4.85436
4.7778
4.7904
5.09861
4.75893
4.81756
4.77841
5.04032
4.79242
5.04116
5.03402
inf
5.2425
4.94289
4.76702
4.6144
4.82426
5.24239
5.11097
4.63264
4.49974
4.8552
4.99336
4.70035
4.94234
4.51689
4.801
4.76955
4.75003
5.10134
4.67524
4.81557
4.57854
4.33
4.52287
4.60422
4.80446
4.63913
5.38862
4.41301
5.39642
4.25954
4.57089
5.26874
inf
inf
5.07869
4.54393
4.97489
4.39137
4.75102
4.76152
4.92903
4.53897
4.60503
4.5364
4.49786
4.3245
4.92511
5.31805
4.06421
5.38935
4.35025
4.27036
5.33073
4.65499
inf
inf
inf
4.99292
4.63836
4.65857
4.88359
4.6241
4.8227
4.31385
4.84421
4.68923
4.8964
5.22751
4.27952
5.1986
inf
4.3052
4.53797
4.86015
5.2695
inf
5.18526
4.25359
4.3858
4.58009
4.40135
4.6001
4.79411
4.79074
4.64642
4.85179
inf
inf
4.33057
4.78285
4.7707
4.77191
4.43425
4.45891
4.80174
4.45227
5.27376
4.4355
4.61348
4.32667
4.63945
4.1013
4.84571
4.85457
4.89586
5.25883
4.1938
5.23238
4.63742
4.43117
4.81928
4.89774
4.85507
4.55205
5.33578
5.15345
4.8575
5.23928
inf
5.21594
4.8865
inf
4.30583
5.29828
5.3051
4.61495
4.59931
inf
4.6579
4.81513
4.4826
4.37914
4.66232
4.88005
inf
4.89831
4.9005
4.8794
4.68954
4.44137
5.38743
inf
4.96299
5.27928
4.69549
4.98733
4.68081
4.68155
4.91701
4.54129
4.51792
4.7257
5.36637
4.54971
5.49028
4.74687
5.37881
4.96538
4.58106
inf
5.10651
inf
5.5365
4.67995
4.61442
5.38173
inf
5.13655
4.33305
4.86429
5.50391
4.9224
5.14725
4.88736
4.77606
4.64923
4.9478
4.79531
inf
5.67022
5.3176
5.01535
4.65485
5.21956
4.61236
4.92836
5.05444
5.63186
4.33517
4.6637
4.73205
4.73851
5.24064
4.50429
inf
inf
4.4378
4.64342
4.43219
4.8339
5.357
4.54067
4.76739
4.60423
5.37701
4.65296
4.59642
inf
5.38964
inf
5.01586
4.72527
inf
inf
4.54502
5.3207
4.40218
4.55614
4.88968
4.5123
4.93656
4.7444
4.93292
4.87165
4.09213
4.21753
5.48658
4.34481
4.83441
4.50236
4.92926
4.84222
4.46787
5.27843
4.83584
4.8919
4.87649
inf
4.36
4.83172
5.39339
4.59247
4.61231
5.25224
inf
4.7701
inf
inf
4.83537
4.85968
5.33002
4.54483
4.39648
4.60243
4.56152
5.25241
4.74235
5.25425
4.39949
4.80621
4.55256
4.60286
5.10035
4.39741
4.82097
4.55946
5.23846
inf
4.87775
4.26563
5.20182
5.22978
inf
5.15999
4.65639
5.30756
4.6143
5.24056
4.82042
4.82919
5.24966
5.1532
inf
5.2017
inf
4.81017
5.2351
4.80362
4.77562
4.28175
5.18593
inf
4.60268
4.8183
inf
inf
5.21243
5.28554
4.56238
5.27803
4.92574
4.56886
4.5823
4.88643
5.17986
4.60011
4.60775
5.32489
5.38574
5.32332
inf
5.28849
4.46894
4.68235
4.44872
4.67369
4.35917
4.87544
4.49681
4.91629
4.47682
5.30213
4.89898
4.65453
5.35738
4.92893
4.37166
5.34995
5.35978
4.55339
4.6922
inf
4.58724
4.54534
5.38842
5.01711
5.50107
4.57745
4.78626
4.79661
5.0529
4.61263
4.79679
5.10765
4.84811
5.07174
4.41279
inf
5.0782
4.68832
5.09517
4.88927
4.2252
4.77556
4.53291
5.54324
5.51168
4.70266
4.7303
4.71776
4.75339
5.25121
4.89418
4.83156
4.82062
5.20629
4.73024
4.84445
5.20668
4.56301
4.76317
4.5925
4.69652
4.99987
5.16184
5.01392
4.84779
4.76226
5.29088
4.81805
4.95734
5.08747
5.28036
