4.88928
4.82023
4.78231
4.72869
4.83927
4.7395
5.03828
4.45637
5.24383
5.03786
4.85852
4.66317
4.79147
5.31363
4.91289
4.94542
4.63158
5.07575
4.9173
4.62438
5.10534
5.49897
4.85592
5.04784
5.12113
4.76791
5.32875
5.32497
5.61823
5.10339
4.89145
5.65443
5.62623
4.82593
4.80369
5.24385
4.77783
4.75321
4.60113
5.60173
4.51833
inf
5.5304
inf
inf
5.05957
inf
5.07778
4.83022
5.08026
4.79113
4.81957
5.00642
inf
4.60228
inf
4.73846
5.40469
5.01891
inf
5.36948
inf
5.32135
inf
4.88385
4.90291
inf
4.91995
inf
4.88244
5.31352
4.60794
inf
5.3599
inf
4.62442
5.26827
4.63793
5.20587
5.27548
4.89956
4.80008
4.90513
inf
5.3908
4.63231
4.61752
5.10866
4.43028
5.2805
5.26284
4.85043
4.53928
5.30109
4.41325
4.85821
inf
inf
4.86466
4.86739
5.33981
5.16512
inf
5.16522
5.18406
5.17166
5.2835
4.85586
5.26925
5.17279
4.82329
4.74126
4.7839
4.83492
inf
5.29244
5.0815
5.24959
5.24652
inf
inf
5.24322
4.26311
inf
4.87473
5.26119
5.22781
5.30072
4.81735
inf
5.16663
5.16503
5.09573
inf
5.13141
4.51347
inf
4.12123
inf
4.81941
5.23869
4.81165
5.29236
inf
4.86071
4.85714
5.14295
inf
4.80705
5.25264
4.91909
4.84464
4.59017
4.79941
5.22286
inf
4.80518
5.23256
4.46366
5.31534
inf
4.89499
5.27568
4.488
inf
5.33518
5.29724
4.89458
4.89689
inf
5.31289
inf
4.93093
4.64866
5.31852
5.43602
4.95036
5.33633
4.93367
4.7159
4.75504
5.01463
5.44291
5.00611
5.45222
4.60955
5.01787
4.73553
4.67128
5.43838
5.43717
inf
4.87606
inf
5.42924
4.76345
5.31556
5.28362
4.71072
5.852
4.8271
4.89306
4.7206
5.24483
5.01804
5.11907
5.63087
5.10849
inf
5.48134
inf
5.55306
5.39063
4.87924
inf
5.50239
5.00318
5.03301
4.50291
5.42723
5.32298
inf
4.58837
5.3309
5.01115
4.68146
inf
inf
5.28932
inf
5.30569
inf
inf
inf
5.41884
4.9391
4.52484
inf
4.87962
inf
5.40697
4.61773
4.87335
4.63079
inf
5.22883
inf
inf
inf
inf
4.85231
inf
4.87597
inf
5.17818
inf
inf
4.81287
4.85704
inf
inf
5.2654
5.30084
inf
4.57737
4.79394
inf
inf
inf
inf
inf
5.10557
inf
inf
5.25373
4.81771
5.17975
inf
4.59433
5.21913
5.18047
5.19635
5.19275
inf
4.77899
4.77113
inf
5.16452
5.14535
5.23136
5.25621
4.78191
5.22887
5.16624
inf
5.31171
5.25479
4.72582
4.82752
4.77473
inf
inf
4.77377
inf
5.19645
inf
4.81206
inf
5.19932
4.73608
5.2061
inf
5.28525
4.86927
4.78867
inf
inf
4.8094
5.18123
4.85523
5.25417
5.13057
4.62851
inf
inf
inf
inf
4.59604
4.86039
4.89412
5.3532
5.23751
5.3158
4.86142
inf
4.67703
5.35383
5.3056
4.90483
5.33437
inf
inf
inf
4.69537
4.68038
5.35509
inf
5.35823
inf
4.5782
4.94603
4.89999
4.71537
5.38085
5.39131
4.98902
4.97263
5.04235
5.42688
inf
inf
inf
4.82149
5.48944
inf
5.03152
5.12516
inf
5.4977
5.59665
5.52889
4.91305
5.5382
5.64543
4.92881
inf
5.27579
inf
4.876
5.67701
5.31286
4.99006
5.39823
5.72796
4.90829
inf
5.06151
5.59386
5.63884
4.93051
5.34923
4.70359
4.95321
4.80482
5.40003
5.09407
5.43814
5.10937
5.08912
5.0272
