5.09519
5.12649
5.07273
4.96686
5.22938
5.20126
5.1509
5.45738
4.94349
5.17496
5.18729
5.22491
5.17963
5.67133
4.93315
4.93628
5.12292
4.72793
5.94521
5.05343
4.8579
4.95849
4.98717
5.08005
5.29864
5.32789
5.2498
4.83091
5.24051
5.0107
4.82058
5.69037
5.59181
5.24408
5.22264
5.17163
5.5051
5.18669
5.11
4.70472
5.15629
5.09427
4.86405
5.10105
5.50924
inf
inf
5.02355
5.34531
5.04915
5.52123
inf
5.28808
inf
4.92611
inf
4.70943
5.4173
inf
inf
4.91092
5.32489
4.66674
4.7242
5.31891
4.52735
5.37961
5.37168
inf
4.66197
4.84797
inf
5.32136
inf
4.93042
inf
4.86523
5.25181
4.63019
5.30343
inf
5.1726
inf
4.78008
5.23033
4.65847
5.25048
4.93364
inf
5.15073
inf
4.8231
5.23431
4.82283
5.11584
inf
4.83215
5.26292
5.36295
inf
5.15237
5.19961
inf
5.27949
5.1807
inf
4.81075
5.20525
inf
inf
5.22663
5.28694
5.14196
inf
inf
5.20044
inf
4.5461
4.60087
5.21781
5.36702
4.86412
5.25722
inf
inf
inf
5.23098
inf
5.16292
inf
4.82851
inf
4.8159
5.23817
inf
inf
4.59167
inf
5.28949
4.61488
inf
inf
5.27735
5.29679
4.88727
5.36928
4.89711
4.8553
inf
4.86361
4.46342
inf
inf
5.24285
4.89438
5.34918
4.65109
4.66469
5.33465
inf
4.92346
inf
4.96071
5.27393
5.36192
inf
4.5573
4.89519
inf
5.40304
inf
5.31795
inf
5.00992
5.30515
5.44409
inf
5.38019
5.03497
4.75791
5.01834
4.86273
4.95135
5.45246
5.45976
5.14197
5.53821
4.48905
inf
5.50667
5.08942
5.696
5.17845
5.5223
5.63699
5.64833
5.27725
5.29987
5.31641
5.08242
5.49494
4.82335
4.85869
5.02582
5.6208
4.51952
inf
5.60062
4.61994
5.15603
4.68269
5.09826
4.6984
5.59471
4.91082
4.62045
5.05477
5.39664
5.43828
4.77338
5.0251
inf
4.77233
5.34986
4.40925
inf
5.35782
5.35875
5.3117
4.71863
inf
5.31645
inf
5.31181
4.63335
5.40913
5.25733
inf
4.84326
5.38039
inf
4.67994
5.35992
5.30974
5.22683
5.23454
5.32098
inf
4.81769
4.59926
inf
5.23041
inf
inf
5.21094
4.84996
inf
4.84618
4.79574
5.24324
4.83859
4.39934
inf
inf
inf
5.18059
inf
4.58385
4.86653
5.15943
inf
5.26468
5.26433
5.16772
inf
inf
inf
inf
5.24731
4.76745
inf
inf
5.15617
4.74887
5.26592
5.23766
5.12551
5.21986
inf
4.72022
inf
inf
inf
inf
inf
inf
inf
inf
inf
inf
inf
inf
5.07275
inf
inf
4.78048
inf
5.07779
5.08683
5.10428
inf
inf
inf
inf
inf
inf
inf
4.47048
inf
inf
inf
5.18789
inf
inf
5.1641
inf
inf
4.56023
inf
inf
inf
5.26029
inf
5.16023
inf
5.20473
5.30753
5.2059
inf
inf
inf
5.23296
inf
5.32755
inf
inf
inf
5.39134
5.35601
5.25743
inf
4.89296
5.307
5.40032
4.86658
5.32054
inf
inf
inf
5.40109
inf
inf
5.39395
5.46166
inf
5.35345
5.557
5.50605
5.10039
5.11135
inf
inf
5.11654
5.61398
5.57237
inf
5.18902
5.60232
5.21146
inf
inf
5.4178
4.98919
4.89366
inf
5.8267
5.48857
5.51391
5.16795
5.46022
5.30467
5.25294
5.02054
5.12242
5.64046
5.2217
4.96122
5.08791
5.06395
5.00385
