4.53878
4.74693
4.84886
4.87914
4.91882
5.22057
4.96986
5.03294
4.9006
4.91561
5.13866
4.8869
5.15576
4.85837
5.16034
4.94211
5.37569
5.38145
4.72711
4.82465
6.00941
5.05884
inf
4.83147
4.91187
5.76146
4.66906
5.86941
5.46124
5.73436
5.06372
5.27524
5.0505
5.77316
5.26914
5.00713
5.77818
5.15862
4.725
5.50475
4.6548
inf
inf
5.10788
5.19641
5.5778
5.59672
5.47312
5.63274
5.57102
4.5399
inf
4.82365
5.48708
5.42527
inf
5.05084
5.46511
inf
inf
4.76077
4.99218
inf
4.69729
5.46657
4.88556
inf
inf
inf
4.74055
inf
inf
5.44285
5.2489
5.27495
5.24514
inf
5.40555
inf
inf
inf
inf
5.36271
inf
inf
inf
inf
4.77267
inf
5.18137
inf
inf
5.32647
inf
inf
4.49775
inf
5.35065
inf
5.18335
4.89285
inf
inf
inf
inf
5.02457
5.22738
4.86111
4.68006
5.09699
inf
inf
inf
5.09291
5.19883
5.15587
5.27479
4.89965
inf
5.26834
inf
inf
5.33571
5.28376
inf
inf
5.19785
inf
5.14013
5.30425
5.12296
5.27805
5.2414
4.97995
inf
inf
inf
inf
inf
inf
inf
5.10348
inf
inf
inf
5.15997
inf
inf
4.84595
inf
5.12263
5.26216
5.16047
5.36956
inf
4.66476
inf
5.28271
5.3189
inf
4.78926
5.15728
4.67061
inf
inf
inf
inf
inf
5.41278
inf
inf
4.85408
inf
inf
5.22165
5.28937
inf
inf
5.48121
inf
inf
inf
4.92283
inf
5.20744
inf
5.3723
inf
4.97447
inf
inf
5.40947
5.61359
inf
5.39023
inf
inf
5.13452
5.642
5.04977
inf
inf
5.68362
5.12477
inf
inf
5.48197
inf
inf
inf
5.36276
inf
inf
inf
inf
inf
inf
inf
5.34232
4.84016
inf
5.4016
inf
inf
inf
5.32728
5.41704
inf
4.9261
inf
5.2632
inf
inf
inf
5.31983
inf
inf
4.88191
5.25462
5.38132
inf
4.82836
inf
5.10541
inf
inf
5.23505
5.24124
inf
inf
4.82682
inf
5.29606
4.77102
inf
inf
5.04145
inf
5.29918
inf
inf
5.11713
4.74332
4.78901
4.71258
5.26802
5.05541
inf
inf
4.75541
5.07984
5.29537
4.56319
inf
5.18016
inf
5.1356
inf
inf
5.17654
inf
inf
inf
5.26745
5.20063
4.80262
5.27992
5.23835
5.25531
4.71638
5.1839
inf
5.23851
inf
inf
5.13659
5.17708
inf
inf
inf
inf
4.52361
inf
inf
inf
inf
5.20632
inf
5.2027
inf
4.5623
5.30293
inf
4.83821
4.72965
inf
inf
inf
5.3268
5.22994
inf
inf
inf
inf
inf
5.21122
inf
inf
inf
5.2844
5.25928
inf
4.88523
inf
4.89456
inf
5.20192
5.25923
inf
inf
inf
inf
5.37269
inf
inf
inf
4.93187
inf
5.42311
4.97613
5.30037
inf
inf
inf
inf
5.41824
inf
inf
5.43551
inf
inf
5.46563
inf
5.10299
inf
5.51875
inf
inf
5.1335
inf
5.57975
inf
5.57098
5.71059
4.97943
5.23765
inf
5.28464
4.90684
5.07323
5.7847
5.31796
5.78328
5.8323
5.8806
5.77892
5.91156
5.17118
5.60151
5.99481
6.07808
5.37313
5.27618
5.16587
5.27613
5.48688
5.28087
5.43416
5.20995
4.94046
