5.02377
4.8378
4.68012
4.65998
4.58504
4.4776
4.52519
4.30415
4.2851
4.39012
4.53662
4.53905
4.65156
4.19657
4.5033
4.2844
4.27336
4.36295
4.22836
4.37225
4.45517
4.63336
4.50416
4.35357
4.18887
4.66574
4.02888
4.32608
4.66851
4.48156
4.36979
4.67559
4.42476
4.21186
4.19391
4.35654
4.48141
4.7043
4.64057
4.76186
4.66988
4.14023
4.54385
4.78338
4.30768
4.31717
4.35734
4.84799
5.00921
4.75802
4.19708
4.61209
4.9968
3.99537
4.46129
4.5421
4.43476
4.72746
4.52774
4.69812
4.5418
inf
4.72479
4.17913
4.52924
4.10529
4.39031
4.47198
4.91883
4.39919
4.69881
4.63077
4.35364
4.37634
4.50047
4.82809
4.5842
4.37909
4.23789
4.4469
4.30321
inf
4.10674
4.91027
4.31633
4.64577
4.43899
4.30559
4.63931
5.2806
4.65771
4.42341
4.10562
4.80325
4.40066
4.0568
4.40581
4.60876
4.20523
inf
4.5856
5.18235
5.23617
4.55823
4.81616
4.59032
4.87915
4.09259
4.41255
4.42461
4.00062
4.09519
4.82908
4.57952
4.9084
4.60474
4.60852
4.27949
4.79099
4.30095
4.33314
4.14444
4.31009
4.42003
4.40162
4.39317
4.54244
4.34437
4.81635
4.84466
4.32694
5.32492
4.84252
4.64438
4.10653
4.28664
4.61904
4.46802
4.2296
4.42673
4.83252
4.46055
inf
4.27618
4.47008
inf
4.62873
4.44067
4.90276
5.30727
4.46702
4.16359
4.90367
4.49788
4.39312
4.21186
4.67081
4.39917
4.15969
4.26596
4.91753
4.70073
4.19047
4.95424
3.9709
4.21229
4.55136
4.54942
4.7029
4.30271
4.52666
4.58036
4.16993
4.93126
4.35903
4.73402
4.37565
4.61748
5.02013
4.32011
4.79519
4.37997
5.08193
4.55927
5.50568
5.57099
5.06954
4.17555
4.31339
4.37929
4.72009
4.97653
4.45535
4.50892
4.42103
4.30966
4.70779
4.88999
4.81172
4.32173
4.51272
4.3594
4.49231
5.00695
4.7214
4.45489
4.63331
4.25905
4.35439
4.62198
4.49766
4.60549
4.29119
5.07366
4.56564
4.66501
4.52409
4.395
4.51999
4.30151
4.62447
4.81222
4.17829
4.37595
4.74961
4.61553
5.52376
4.60791
4.39209
4.5747
5.48179
4.32768
4.77734
4.93911
4.30332
4.39585
4.39801
4.29346
4.69745
4.10067
4.28189
4.5209
4.99162
4.58806
4.52388
4.71648
4.69209
4.50673
4.10919
4.67988
4.88427
4.63038
4.93408
4.62627
4.50748
5.35195
4.47131
4.92942
4.62852
4.5034
5.34789
4.23642
4.01592
5.31583
4.91671
4.35049
4.64152
4.33258
4.24803
4.45738
4.88554
4.14541
4.64017
4.31681
4.45539
4.51448
inf
4.59097
4.53469
4.84003
4.45945
4.49878
4.64479
4.24118
4.12288
4.46039
4.63425
4.48448
4.23718
4.06023
4.50429
4.25964
4.2448
4.30974
4.63808
4.33477
4.12962
4.22268
4.3662
4.33572
4.6768
4.90751
4.50827
4.37757
4.30874
inf
4.62414
4.73362
4.68349
4.68471
4.6777
4.07805
4.84708
3.94397
4.46253
4.68693
4.22263
4.87605
4.38694
4.51593
4.2996
4.40981
4.76614
4.29114
4.23388
4.97662
4.50338
4.41471
4.72623
4.57966
4.37134
4.76223
4.34472
4.81041
4.32449
5.05046
4.34435
4.61297
4.60884
4.21482
4.09177
4.36776
4.81959
4.29199
4.55165
4.27107
4.32268
4.19809
4.68342
4.53796
4.16997
4.45825
4.4152
4.32083
4.1751
4.47949
4.40547
4.398
4.33051
5.16465
4.25297
4.30681
4.72192
4.22721
4.22332
4.31299
4.41924
4.38764
4.3423
4.30558
5.05198
4.40432
4.24698
4.32099
4.30151
4.22695
4.22806
4.03157
4.08926
4.30197
4.44429
4.37812
4.19234
4.0839
4.35191
4.15423
4.20044
4.31089
4.2073
4.42677
4.17545
4.30152
4.30755
4.24531
4.56416
4.33341
4.41143
4.49871
4.57624
4.7137
