5.08096
4.93213
4.82862
5.10965
4.82021
4.93705
4.67051
5.05281
4.63101
4.4612
5.00196
4.58229
4.77061
4.38885
4.80964
4.45957
4.59013
4.51774
4.78797
4.46654
4.2474
4.48992
4.53248
4.64936
4.33797
4.51372
4.74301
4.51099
4.84561
4.38802
4.33487
4.42936
5.29228
4.44563
4.30226
4.57444
4.72933
4.84181
4.5438
4.37857
4.6465
4.62515
4.57066
4.94722
4.25432
4.3017
5.08541
4.30558
4.67533
4.44002
4.4593
4.52783
4.48982
4.65132
4.8186
5.02167
4.36163
4.22887
4.24396
4.45538
4.56673
4.33353
4.75308
4.67611
4.35539
5.37097
4.55204
4.97757
4.3125
4.13182
4.38922
5.00027
4.25512
4.27852
4.91234
4.6494
4.92995
4.67508
5.33944
4.97782
4.05353
4.91869
4.66431
4.62861
4.33635
4.34945
4.1725
4.60287
4.86375
4.35948
4.91329
4.45937
4.3107
4.52045
4.28773
4.61332
4.42741
4.6302
5.23367
5.23355
4.59749
4.41467
4.05463
4.57569
4.84895
4.57219
4.29151
4.82323
4.88937
4.40206
4.74829
5.21256
4.82591
4.16301
4.61053
4.06328
5.27875
inf
4.36627
4.80582
inf
4.00758
4.56899
4.80482
4.84912
4.26614
4.59619
4.83139
4.39091
4.41022
4.50687
4.82402
5.24744
5.1431
4.78159
4.38662
4.6194
4.44371
4.15751
4.5453
5.26478
4.60395
5.24118
4.16892
5.23644
4.88523
inf
4.58043
4.43847
4.68259
4.12153
4.4448
4.57261
inf
4.66757
4.60669
4.20435
5.3126
4.66012
inf
4.64886
4.35794
4.46772
4.69044
4.55731
4.48725
4.49022
5.26304
5.41656
4.90648
4.72235
5.34682
4.5332
4.98484
4.92141
4.9636
4.52299
4.76303
5.42848
4.72848
4.76803
4.37147
5.41368
4.41364
5.02611
4.53887
4.61626
4.83195
4.64989
4.67118
4.58111
4.57544
4.89934
5.17358
5.58723
4.56389
4.56388
4.34979
4.50288
4.64164
4.88853
4.68103
5.04828
4.57925
4.46921
4.94494
4.90612
4.72825
4.92414
4.68361
4.61303
5.51804
5.06411
inf
4.4757
5.07542
4.63532
4.60852
4.62703
4.44504
4.76237
4.44954
4.37225
5.39556
4.14083
4.09597
4.73566
4.3263
4.71771
4.39513
4.52895
5.26575
4.53144
4.43267
4.29768
4.6769
4.35963
4.91908
5.35355
4.47221
4.58599
5.22362
4.95355
4.48783
4.35695
4.62103
5.28624
inf
4.50477
4.22431
4.36209
4.65849
4.14966
4.89609
inf
4.90159
5.2986
4.66685
4.44674
4.93873
4.46686
4.68028
5.24899
4.63881
4.57501
4.44552
4.30366
inf
4.33586
4.59376
4.6731
4.47046
4.66812
4.9071
4.63548
4.45756
4.48249
4.56324
5.34648
inf
4.64452
4.57146
4.62721
5.28584
4.60447
5.20926
5.28465
4.21431
4.57686
4.16674
5.16504
4.6757
4.12083
4.34526
4.61503
4.85173
inf
5.43816
4.94576
4.25623
4.60081
4.6232
4.63465
5.2455
4.35685
4.24146
4.47452
4.68374
inf
4.72067
4.49856
4.36615
5.29398
4.6464
4.41583
4.35909
4.24838
3.9669
5.31036
4.53577
4.65573
4.57838
4.75345
4.73829
4.28543
4.96624
inf
4.53404
4.39387
4.36845
4.93248
4.73155
4.36146
4.99707
5.44897
4.97157
4.79672
5.06091
4.71637
5.4111
4.55985
4.43804
4.64761
4.22107
4.43292
4.60425
4.53685
4.67434
4.69302
4.23091
4.2802
4.86608
5.64268
4.58377
4.72198
4.624
4.70854
4.62211
5.00372
4.78859
4.70481
4.92488
4.95233
4.36463
5.01273
4.88622
4.83541
4.5962
4.40356
4.81347
4.47705
4.6014
4.52188
4.71602
4.77856
4.58898
4.96152
4.88455
4.56242
4.38994
4.41663
4.84955
4.62821
4.7142
4.66018
4.46654
4.56639
4.59711
4.64711
4.56386
4.69938
4.44357
4.6829
4.58211
4.69672
4.56491
4.55446
4.57907
4.43224
4.53792
