5.30028
5.34994
5.03326
4.81406
5.08207
5.09968
4.90243
4.77548
4.70815
5.04034
4.86695
5.00163
4.74532
4.78374
4.79105
4.85117
4.79185
4.70592
4.84578
4.85174
4.90155
4.4834
4.77989
5.09697
4.80879
4.95427
4.7337
4.63017
5.33234
4.84313
4.75894
4.60278
4.61016
4.57124
4.81274
5.24632
4.53483
4.80199
4.25781
4.9869
5.107
4.71896
4.70451
4.64903
4.46539
4.90416
4.51918
4.84675
4.61383
4.84567
5.44759
4.76692
4.56866
4.55736
4.47503
4.52574
4.40499
4.55666
5.09727
5.05154
4.46433
4.81862
4.39926
4.63927
4.78492
4.63756
4.75328
5.44515
5.4107
4.60876
4.41836
4.7655
5.43874
4.47231
4.9593
4.85881
4.45702
4.7259
inf
4.79669
4.38319
4.77407
4.52949
4.53036
4.54733
4.94254
5.01848
4.58545
4.66709
4.41342
4.38695
4.91269
4.43648
inf
4.37522
4.56427
4.99587
4.88844
4.75859
4.4914
inf
4.41665
4.53895
4.72157
4.24864
4.73696
4.21757
inf
inf
4.83619
4.50975
4.99333
4.95892
4.55519
5.35213
4.19162
4.23677
4.39003
5.27404
4.51274
inf
4.51202
4.9342
4.38901
4.31984
5.0253
inf
4.69895
4.30888
4.72477
4.39958
4.71505
4.7124
5.35759
5.02064
4.50745
4.93381
4.22464
4.59947
4.60904
5.36479
4.71561
4.43231
4.75625
4.71807
4.71876
4.57454
4.96565
4.5119
4.73865
5.35478
4.77252
4.31471
inf
4.57955
5.43055
4.59862
4.62739
5.02584
4.78159
4.25034
4.55077
5.02631
4.06932
4.96024
4.72386
4.80879
4.38243
5.49554
4.62015
5.43427
5.47475
4.61897
4.30316
4.80568
4.81398
inf
4.45857
4.82694
5.48045
5.46677
4.36504
5.47411
4.59877
4.93627
4.74048
5.22624
4.63668
4.3136
4.46414
5.21541
4.83031
5.23671
4.79392
4.4534
5.04144
5.06688
4.58332
4.53439
4.57056
4.97004
4.91045
4.62914
4.19793
4.82925
5.18931
4.31963
4.41949
5.14967
4.45437
4.76939
5.16072
5.09354
4.60256
4.58977
4.52269
5.0686
5.44719
4.68903
4.63736
5.51157
4.7849
4.81781
4.40247
5.00957
inf
4.63334
4.72668
4.90033
4.32977
4.44793
inf
4.49676
4.46391
5.03226
4.6949
5.34832
4.2989
4.89774
5.30991
4.70348
4.93994
4.72078
4.91426
4.51082
inf
4.54412
4.82527
4.70402
4.49788
4.35523
4.63776
4.63879
4.67177
4.33275
5.39069
4.89314
4.88552
4.11384
4.46005
4.47877
4.82803
5.28848
inf
4.64098
4.33206
4.63786
4.30986
inf
inf
5.31014
4.22175
4.59626
inf
4.60441
4.8415
5.25615
4.30254
5.28711
4.84841
5.25143
5.21252
5.30088
4.44724
4.3893
4.58544
5.29724
4.63809
5.24688
4.17743
4.88605
4.61205
4.83734
4.43753
4.82481
4.27185
4.60199
4.30096
4.62631
4.89222
5.21335
4.26857
4.40848
4.80143
5.19692
4.41709
4.61695
5.24816
4.79847
4.78737
4.61324
4.82195
4.57789
4.86638
4.61807
4.59926
4.83946
5.19555
4.43056
4.33519
4.48154
4.61931
4.23863
4.5336
inf
4.33777
4.46629
4.46026
4.61161
inf
4.88325
4.69743
4.65932
inf
4.90086
4.90264
4.6549
inf
4.32786
4.68867
4.42047
5.34172
4.94827
5.48003
4.72641
5.04854
5.02789
5.38274
4.57234
4.79611
4.81395
4.63578
inf
4.51325
4.36688
5.50426
4.40688
4.56796
4.87088
4.83912
4.32652
5.0951
4.4834
4.52679
4.531
4.63556
4.82711
4.96536
4.43517
4.82117
4.60622
5.02099
4.73987
5.09184
4.63402
4.70561
4.70129
4.54929
4.36691
4.9363
5.06065
4.51621
4.60126
4.52342
4.50549
4.6828
4.5349
4.80692
5.32408
4.70738
4.48186
4.84101
4.91994
4.72182
4.7644
4.54047
4.62416
4.69721
4.56183
4.49032
