3.6465
3.68707
3.75232
3.79578
3.70054
3.7675
3.84062
3.86547
3.82912
3.95419
3.80568
3.84762
3.86074
3.8716
3.92086
3.85852
4.04656
4.07157
3.83009
3.98664
3.96235
4.05735
3.80563
3.79808
3.94233
3.84306
3.99213
3.63781
3.81472
4.07166
4.06189
3.80713
4.03562
3.94942
3.82843
3.85356
4.17984
4.13474
3.99828
3.9379
3.8978
3.75934
3.83247
4.11943
3.77809
3.90576
3.90672
3.81111
3.93091
3.96252
3.77705
3.91713
4.24433
3.88351
3.83142
4.11025
3.88195
3.93322
3.89966
3.84124
3.71911
3.95585
3.8312
4.00973
3.76816
3.71583
3.82686
3.97257
3.73948
3.852
3.74991
4.01684
3.91609
4.00087
3.98029
3.77652
3.92409
3.74612
3.80121
3.81367
3.86469
3.69663
3.63742
3.7439
3.79353
3.83874
3.81941
3.74811
3.9841
3.80792
3.72421
3.88962
3.68804
3.59742
3.77624
3.89119
3.75836
3.64045
3.94149
3.93821
3.84291
3.52522
4.17012
3.70211
3.91969
4.04844
3.82803
3.92537
4.19239
3.74465
3.77218
3.87684
3.66591
3.91904
4.19982
3.72704
3.86609
3.71258
3.7931
3.90271
3.725
3.95318
3.83447
3.86341
4.04221
4.09072
3.695
3.62409
3.83843
3.79154
3.85559
3.94498
3.79562
3.97569
3.7843
3.85706
3.72284
3.86171
3.82259
3.98617
3.96772
3.74579
3.66347
3.89521
3.91418
3.79125
3.63565
4.0374
3.60442
3.8979
3.69162
3.91064
3.88595
3.66832
3.86087
3.73636
3.77985
3.79585
3.84895
4.01662
4.1547
3.70546
3.77764
3.71756
3.82262
3.79743
3.99385
3.90554
3.6712
3.74603
3.95732
3.80627
3.74541
3.81869
3.90129
3.89204
3.75734
4.30933
3.73627
3.75311
3.51336
3.81854
4.04542
3.87833
3.85087
3.70131
3.57911
3.84026
3.7282
3.54583
3.71595
3.81056
3.78614
3.82106
3.97981
3.86285
3.77917
3.74707
4.28955
3.75035
3.59056
3.90659
3.71369
3.70666
3.67554
3.54648
4.13264
4.03203
3.93676
3.79716
4.04182
3.92143
3.7249
3.71516
3.67238
3.97784
3.46706
3.94903
3.89433
3.6352
4.05443
4.00677
3.96471
4.11552
3.8201
4.20305
3.61157
3.46223
3.96459
3.86566
3.66849
4.01426
3.87951
3.7091
3.68084
3.71557
3.78544
3.56086
3.91642
3.80889
3.76973
3.78111
3.90761
3.68727
3.68067
3.6308
4.11786
3.78241
4.10653
4.10437
3.89107
4.06539
3.69325
3.57854
3.82939
3.85976
3.73606
3.60037
3.71532
3.78057
3.90679
3.9586
3.70461
4.44272
3.83343
3.55917
3.76307
4.17005
3.57294
3.8968
3.68088
3.53421
3.75262
3.76003
3.70626
4.11143
3.85903
3.63668
3.5452
3.72307
4.29915
3.84376
3.73328
3.9181
3.96274
3.71703
3.85029
4.30494
3.86523
3.64451
4.12695
3.68353
3.51686
4.17015
3.8074
3.88359
3.87166
3.63037
3.79361
3.70917
3.68882
3.5467
3.94582
3.57894
3.71304
4.09039
3.82489
3.53055
3.57186
3.7845
3.94673
3.70632
3.70263
3.74735
3.44817
3.46051
3.88248
4.00716
3.98976
3.65967
3.88671
3.55271
3.93067
3.61554
3.66587
3.75071
3.73869
3.71912
3.72655
3.75929
3.57669
3.88029
3.55636
3.58621
3.79524
3.64546
3.82428
4.4033
3.74709
3.9259
3.75906
3.552
3.99503
3.75567
3.62304
3.70105
3.67629
4.14855
3.85272
3.87883
3.76236
3.47921
3.67855
3.92636
3.73028
3.6172
3.64678
3.48977
3.84872
4.12429
3.67733
3.77826
3.67547
3.82694
3.7717
3.73483
3.53673
3.90944
3.70144
3.92206
3.7806
3.79287
3.68492
3.77777
3.62396
3.6954
3.93143
3.86148
3.84808
3.91245
3.80718
4.15863
4.0356
3.80464
3.61305
3.74432
3.77449
3.85018
3.7847
3.84156
3.78634
4.01702
3.87143
3.72563
4.22598
3.87216
3.86238
4.02708
3.79837
3.82065
