5.26349
5.20424
4.9966
4.82839
4.61766
4.55063
4.4816
4.69789
4.45484
4.30893
4.29933
4.2858
4.25386
4.11534
4.01293
4.09751
4.16676
4.01768
4.12225
3.97938
4.03339
4.04691
4.09363
3.89971
4.08957
3.98074
3.87983
3.92636
4.12058
4.03107
4.00495
4.00193
3.83669
3.99435
4.11832
4.01828
3.92697
3.90384
3.85261
4.10179
3.93186
3.74496
4.13855
3.89103
3.9651
3.99063
3.95985
3.93541
4.02075
4.23288
3.89114
4.05388
3.98965
4.15545
4.67922
4.10272
4.1446
4.07034
3.99042
3.73622
3.92616
3.97606
3.82929
4.33384
4.03407
3.95072
3.84081
3.82917
4.36575
3.92679
4.14845
4.1783
4.08893
4.39231
4.23316
3.91763
4.1171
4.36891
3.90066
4.01364
4.3398
3.92563
4.21568
4.04165
4.22936
4.56664
3.99396
4.34097
4.33673
4.22517
4.27127
4.19555
4.19642
4.22023
4.34005
4.22229
4.00088
3.99049
4.22712
4.61249
4.16359
4.17581
4.18246
4.35946
4.14073
4.29227
4.15225
4.61602
4.15119
4.17134
4.20348
4.02847
4.46948
4.35012
4.43691
4.25584
4.33953
3.85519
4.52139
4.04891
4.11148
4.15873
4.21847
4.08381
4.37951
4.25659
4.21789
4.01899
4.33913
4.09444
4.116
4.74355
4.36206
4.20983
4.42059
4.45908
4.30857
4.20223
4.56735
4.74542
4.59258
4.30274
4.20558
4.2741
4.75018
4.2431
4.60075
4.79899
4.40652
4.24105
4.52329
5.05014
3.95118
4.27027
4.25576
4.02917
4.44281
4.24372
4.20919
4.25226
4.43729
4.48944
4.03335
4.34898
4.14491
4.58666
4.23804
4.35571
4.0429
4.03432
4.39659
4.37974
4.40113
4.42047
4.32047
4.52293
4.3559
4.22511
4.82875
4.35486
4.7009
4.4654
4.37783
4.4341
4.01742
4.87091
4.22637
5.14462
4.76356
4.88947
4.17588
4.6454
4.26923
4.37756
4.70316
4.71625
4.24722
4.91593
4.60433
4.39678
4.39477
5.82615
4.67505
4.55349
4.36472
4.59878
4.6742
4.80146
4.78457
4.8937
5.19968
4.14006
4.88581
4.19109
4.88425
4.66797
4.47556
4.36287
4.83784
4.48228
4.25263
4.35778
4.20725
4.9952
4.45586
4.68778
4.74922
4.5873
4.46813
4.92981
4.0439
4.66776
4.44746
4.4165
4.46475
4.12004
4.39695
4.69884
4.51771
4.23625
4.48404
4.25817
4.27334
4.18211
4.3614
4.2613
4.31448
4.70062
inf
4.65219
4.44347
4.34272
3.92567
4.21815
4.15909
4.25339
4.61511
4.42377
5.30768
4.60835
4.6085
4.86982
4.05528
4.86619
4.31745
4.62796
5.27336
4.60106
4.46694
3.95667
4.41853
4.41994
4.66811
4.45277
4.6228
4.32748
4.44198
4.41038
4.0453
4.18801
4.29315
inf
4.42618
3.96705
4.61549
4.55392
4.31746
4.22293
4.4396
4.29102
4.13246
4.29171
4.45913
4.41705
4.57625
4.85035
5.30126
4.20918
4.58852
4.46537
4.01803
4.63538
4.46422
4.18577
4.20513
4.44685
4.42845
4.22865
5.32725
4.58661
5.28557
4.63279
4.48116
4.33241
4.13096
4.45927
4.13975
4.04178
4.48945
4.36368
4.07953
4.9552
4.1597
4.24215
4.24628
4.38038
4.3896
4.07526
4.26109
4.32212
4.09561
4.1888
4.98868
4.60633
4.74768
4.55664
4.31018
4.56015
4.43063
4.91332
5.41303
4.581
4.97105
4.4444
4.94128
4.47028
4.4598
4.11527
4.4594
4.41117
4.16904
4.83572
5.10009
4.3133
4.6641
4.43098
4.32806
4.58731
4.18803
4.5896
4.24741
4.44412
4.95183
4.64466
4.46549
4.44085
4.40297
4.44256
4.09112
4.73139
5.32117
4.24765
4.49503
4.59529
4.29919
4.96573
4.4555
4.65798
4.86618
4.57667
4.24195
4.39891
4.42588
4.53918
4.70018
4.99825
4.64956
4.50525
4.47043
4.49673
4.57555
4.59891
4.57838
4.64066
4.5651
4.5159
4.61359
4.62848
4.63948
4.57263
