4.83773
5.03191
5.10756
4.94147
5.06882
5.15762
5.03023
4.92098
5.0226
5.09889
5.20253
4.93367
4.98261
4.87536
4.85839
4.69109
5.95191
5.11308
4.69635
5.12749
4.81109
4.70018
4.6465
4.65693
4.62309
4.85688
4.82737
5.80999
5.02632
4.36023
5.01662
5.61877
4.39178
4.79181
5.16132
4.68564
5.19917
5.48869
inf
4.70532
5.03255
4.85245
4.84448
4.90469
5.41899
4.62934
4.53061
5.40921
4.62654
4.56839
4.92916
4.9626
5.45493
5.04257
5.37816
4.53213
5.37887
4.96759
4.40213
4.95215
inf
5.31311
4.68614
5.03531
4.90715
4.6744
4.49694
4.90959
5.26511
5.18822
4.87482
5.36516
4.27424
5.2361
5.27249
4.64734
4.83706
4.4193
4.55751
4.79844
4.8573
5.19302
4.86889
5.32072
5.24776
5.13063
inf
inf
inf
inf
4.59366
5.1389
4.2458
inf
5.2003
inf
4.42733
inf
5.17795
5.20444
4.41123
4.24226
5.10934
4.62809
4.76997
4.38196
5.14895
5.13586
4.78355
5.21196
5.17782
4.3549
inf
inf
5.18632
5.2116
4.36808
5.29912
4.80167
4.24093
4.38953
4.54133
4.26031
4.75386
4.57367
4.90822
4.83475
5.17201
4.55447
inf
4.58836
5.17971
4.16137
4.87087
4.64612
4.72465
4.65817
inf
4.39931
4.88648
4.42834
4.63829
4.88089
4.73527
inf
5.1587
inf
4.9452
4.57904
inf
4.83271
4.9404
inf
4.64243
5.28964
5.31743
4.89813
4.72679
5.05637
4.66549
5.37752
4.76117
inf
inf
4.94599
4.69452
4.7418
4.75499
5.48424
4.41895
4.63574
5.23128
4.98402
4.96781
5.34055
5.04346
inf
5.34219
5.0076
4.65928
4.433
5.08633
5.05501
4.79337
4.90748
4.69307
5.22513
4.59002
4.57204
4.88068
4.55748
5.18414
5.10615
4.84304
4.9167
5.67011
4.52834
5.3221
4.57042
4.68459
4.83784
4.78928
4.68919
5.35349
5.31295
4.83269
4.78766
4.53979
4.43654
4.40856
4.65052
5.16837
4.55858
4.79756
5.39527
4.42645
5.15711
4.81035
5.35824
4.62764
4.99876
4.75016
4.82256
5.49151
5.44977
4.32236
5.48517
4.4355
5.49036
4.93516
5.33455
4.58564
5.20699
4.46725
4.77825
4.95514
4.50735
inf
4.49978
4.54385
4.44695
5.25331
4.55396
5.44708
4.97688
4.36225
4.68017
4.45828
4.69843
5.35765
5.36429
4.62782
4.32938
5.50256
4.6804
inf
4.71771
4.66742
5.24627
4.65772
4.47474
5.23998
5.27841
4.50833
4.8839
4.94532
4.3585
5.39334
4.86237
4.39092
5.25488
5.26244
4.6742
4.6276
4.63795
4.6508
inf
5.30413
4.63053
4.53787
4.98337
4.45124
4.92622
4.24209
4.68263
4.96368
4.85768
5.36187
4.83861
inf
4.47518
inf
4.94339
4.85801
5.2363
4.82058
5.29265
5.26746
4.31278
inf
4.35747
4.80971
inf
4.61057
4.86814
4.28669
inf
4.26258
4.92116
4.67196
4.43131
4.86135
4.59785
4.93374
4.64286
4.91252
4.48034
4.91807
inf
5.35805
4.54682
4.70003
4.68664
4.9148
4.94648
4.96882
4.58726
4.95622
4.29841
4.22493
5.22237
inf
5.0437
inf
4.46817
4.98226
4.73993
inf
4.74564
4.7807
5.47182
4.61424
5.44161
4.77603
4.76892
4.76957
4.60595
4.55731
4.76041
5.46675
4.5434
4.70383
inf
4.59319
4.85858
5.62834
4.85694
4.50134
4.56029
5.56585
4.47928
5.18083
4.82173
4.69548
4.86629
5.17024
4.71622
4.95662
4.80171
4.60802
4.91887
5.14694
4.65355
5.24844
5.08493
5.3192
4.86809
5.09885
4.96963
4.84952
5.02523
5.05058
4.8097
4.66105
4.586
5.5589
5.16618
4.93622
5.31658
4.74825
5.13377
4.8967
4.8568
5.08598
5.03651
4.75976
4.93199
4.86007
4.83331
4.71505
