5.20749
5.05412
4.89511
4.79783
5.18003
5.26078
5.08035
5.11555
5.04147
5.03579
4.93007
4.84468
5.36481
4.78859
4.89052
4.92305
5.37726
4.68156
5.12487
5.06651
4.93899
4.80125
4.95221
5.42641
5.15202
4.99491
4.83992
4.85202
4.82173
4.65962
5.03033
4.65705
4.62081
5.351
5.65039
5.06172
5.65858
4.87007
5.64071
4.66298
4.92321
5.51557
4.77712
4.41238
5.03966
inf
inf
inf
5.50029
5.06481
5.1283
4.66648
5.10519
5.07453
4.54999
5.41879
inf
4.62753
5.06207
4.62448
5.05448
4.82308
4.85364
4.7447
4.63045
5.47087
5.01848
inf
4.75052
4.78503
inf
4.91321
5.44467
5.05453
4.95561
4.42213
5.36512
4.96376
4.55222
5.39633
5.44156
4.40346
4.98297
4.96105
4.50165
4.643
inf
inf
4.38081
4.93691
inf
4.92137
4.6547
5.40683
4.92592
5.37956
4.74624
4.91158
4.88502
4.90053
5.38541
inf
4.91737
4.68638
5.37297
4.93981
inf
5.30441
4.85973
4.86338
inf
inf
4.64459
5.33206
5.32074
inf
5.33816
4.98282
5.43321
4.86446
inf
5.42161
5.1549
4.19475
5.30018
inf
4.62941
inf
5.3087
4.99086
4.92211
5.27794
inf
4.75248
inf
4.80952
4.656
4.86527
inf
4.90987
4.94304
4.92142
inf
4.68812
inf
4.18741
4.92147
inf
4.54613
4.77793
4.52073
4.54003
5.40045
inf
5.30936
4.73582
inf
4.96576
4.36274
inf
5.01979
4.97501
4.95113
inf
4.9574
5.07483
inf
inf
4.97097
4.60385
4.56718
5.49164
5.43476
inf
4.81962
inf
5.06493
4.81236
inf
4.94756
5.46792
5.43582
5.38865
5.52461
5.09086
4.84942
inf
inf
5.39119
5.53849
4.95867
4.88955
5.68108
4.97203
5.2
5.02177
5.7431
4.93614
4.92168
5.29566
5.1976
5.1229
5.33892
5.05211
inf
4.99171
5.16906
4.79646
5.49825
5.48524
inf
4.70089
5.07221
inf
5.06119
5.06803
5.05799
5.44636
inf
5.50965
inf
5.06371
5.46813
5.02039
5.01211
4.97914
5.42706
5.28234
4.53556
inf
inf
5.41821
4.54302
5.36148
5.33722
inf
5.35377
4.95826
5.30725
4.93959
4.86305
4.90449
4.90079
5.35035
4.83731
5.23496
4.596
4.5909
5.36735
5.33986
inf
4.87731
4.77135
4.54573
4.64372
4.87826
5.3524
4.77973
inf
4.79985
4.84161
inf
5.22858
inf
5.21289
4.28564
4.85902
4.83601
inf
5.26869
4.8425
5.1725
inf
5.25579
5.20647
inf
4.40222
4.38428
5.2162
5.13729
4.78447
inf
inf
5.22759
5.31819
4.85821
5.15336
4.21147
inf
5.26154
inf
inf
4.812
4.47698
4.82464
5.19742
5.24851
5.14729
inf
4.56416
5.26248
4.86221
inf
5.27516
inf
4.7611
5.2485
4.80003
inf
5.20511
inf
5.23796
5.13123
4.57885
5.20675
5.19364
4.86213
4.82322
4.78916
5.25821
inf
4.87224
inf
5.17362
4.54458
4.79143
4.81484
inf
4.57233
5.20475
5.38262
inf
5.26588
inf
4.40895
inf
inf
inf
5.22647
5.30772
4.81907
4.85761
5.34311
5.41296
5.34387
4.72834
4.97775
5.33097
inf
inf
5.42621
5.49361
4.9736
inf
inf
5.42849
5.4632
inf
5.01283
4.77094
inf
5.07234
5.5639
5.4238
5.60907
5.54809
inf
inf
inf
5.10705
5.22771
5.04013
5.26216
5.73779
5.74275
4.71964
4.47768
5.68141
4.95981
inf
4.99951
5.43908
4.78277
6.00506
5.50028
4.74998
4.87518
5.37441
4.99581
5.03494
5.68772
4.97456
4.99516
5.05659
4.9844
4.91302
5.14325
5.17067
4.80151
4.64098
