4.69664
4.80194
4.74294
4.78632
4.75596
4.52547
4.55913
4.61928
4.66955
4.65205
4.6709
4.57016
4.5148
4.6125
4.57292
4.73489
4.74167
4.60386
4.31467
4.84423
4.47518
4.43197
4.91722
4.79124
4.82315
4.33543
4.49475
4.66567
4.60097
4.49511
4.60791
4.66169
4.53233
4.65263
4.39472
4.58527
4.66856
4.79716
4.75614
4.46285
4.80566
4.5884
4.39096
4.79383
4.66145
4.70862
4.48997
5.22325
4.95582
4.36616
4.54243
4.7763
4.50323
4.80659
4.65471
5.02979
5.70351
4.55007
4.71328
4.41037
5.51334
4.29759
4.65799
4.54651
4.51716
5.11773
4.69885
4.72958
5.1786
4.31008
5.36219
4.82133
4.49248
4.84623
4.23983
5.00102
5.0226
4.61311
4.13411
5.03319
5.03766
4.58962
4.66597
4.80036
4.76748
4.99272
5.04464
4.57881
5.49644
5.03953
4.71327
5.42802
4.97781
4.31316
5.08817
inf
4.67614
5.32077
4.52436
5.0221
4.58532
4.95235
5.45789
4.37369
4.71883
4.70901
4.93748
4.34266
4.35131
4.32735
4.54518
4.62326
4.52252
4.80003
4.36423
4.34464
4.53164
4.56108
4.56448
4.74041
inf
4.75767
5.42163
5.42714
4.55625
4.72776
5.31089
4.19642
5.47391
4.71931
4.10409
4.59603
4.89339
4.37629
5.04178
4.76596
4.23802
4.306
4.44672
4.61759
4.58541
inf
4.33463
4.43043
5.05394
4.45829
4.98855
4.42746
4.46856
5.04072
4.95359
4.38365
4.38989
4.99986
4.81458
4.51448
4.41919
4.60816
4.30946
4.49339
4.78566
4.48494
4.50304
4.81393
5.03638
4.68429
4.52381
4.49938
4.18242
4.08477
4.88864
4.40285
4.19631
5.5897
4.59974
4.61204
5.05925
4.69513
4.35341
5.20374
5.40251
4.89067
5.10177
4.18922
4.75561
4.79879
4.65333
4.58512
5.21432
4.57755
4.97047
4.90547
4.60746
4.86787
4.77616
4.93536
4.61097
5.00111
4.57341
4.60516
4.55237
4.52232
4.64317
4.84485
4.76196
4.79359
4.79505
4.36656
4.83195
5.20356
4.79289
5.27117
4.50673
5.19785
4.75896
4.54533
4.94571
5.23457
4.91282
4.5381
4.83199
5.50951
4.8451
4.66535
4.37819
4.37765
5.11866
inf
4.77852
4.61497
5.54663
5.53605
4.84468
4.51899
4.63424
5.09591
4.82884
5.0474
4.86399
4.70788
4.75787
4.75023
4.58447
4.94612
4.99847
4.96401
4.81947
4.46679
5.01089
4.7637
4.31651
4.98877
4.51058
5.34352
5.28727
5.43479
4.58895
4.57453
4.87989
4.72422
4.53773
4.56096
4.54715
4.90403
4.92768
5.42244
4.51252
4.51652
4.90985
4.70379
5.03454
5.39156
5.27772
4.65771
4.63041
inf
4.67516
4.9202
5.37562
4.4747
4.92561
5.28869
4.34887
4.49622
inf
4.88974
5.27849
5.34889
4.31985
4.95131
4.71306
5.34861
5.32627
4.62954
4.87175
5.32658
4.33395
4.91343
4.86577
4.4951
5.20807
4.67023
4.88449
4.63371
inf
5.26582
4.37266
5.39312
5.31366
4.45631
4.9268
4.67289
5.25788
inf
5.24334
4.48247
5.34573
4.62051
4.81879
5.36567
4.32676
5.43416
4.47313
5.30336
4.59354
5.2576
4.69284
4.71223
4.60037
4.52554
4.95099
inf
inf
4.63953
inf
4.88936
4.66022
4.47647
4.33254
4.8434
4.2493
4.50917
4.36816
4.97647
4.71764
4.41205
4.9041
5.43741
4.67892
4.96334
4.96676
4.44893
5.32712
4.90521
4.61431
4.75672
4.99096
4.76591
4.47589
4.77538
5.01303
4.63058
inf
5.05932
5.4499
5.11528
inf
4.80857
5.68095
inf
4.87945
4.89197
4.97959
4.76757
inf
4.96239
inf
5.01984
5.27312
5.25276
5.08046
4.59239
5.13976
5.17612
5.06263
4.70286
5.50431
6.075
5.59589
4.75492
5.08361
5.34406
4.74265
5.14402
5.22123
4.85687
4.81411
4.99572
4.92954
4.67464
