4.99943
5.1489
5.24681
5.01735
5.19022
5.23471
5.71624
5.22509
5.68453
5.02543
5.35201
5.42479
6.13116
5.36002
5.5785
5.3895
5.09066
5.05554
5.87711
inf
5.27605
5.76242
5.47699
5.78769
inf
5.1226
5.29507
inf
5.71249
5.36461
5.01062
inf
5.59897
5.57628
5.56904
5.66267
4.63336
inf
5.15551
5.17233
inf
inf
5.54307
5.44509
inf
inf
5.59021
5.47425
inf
5.33237
4.62804
inf
5.39774
inf
5.05619
inf
5.28029
inf
inf
inf
inf
inf
inf
inf
inf
4.92171
5.32807
inf
5.32846
inf
5.33006
5.39056
5.3243
inf
inf
inf
inf
inf
5.24422
5.33021
4.63489
inf
5.16803
4.84959
inf
inf
inf
4.84654
inf
inf
5.2624
5.30558
inf
5.33932
5.37917
5.36384
inf
inf
4.89972
inf
inf
inf
inf
5.23553
inf
inf
inf
5.32212
inf
5.19184
inf
4.89544
inf
inf
inf
5.29587
5.30422
5.30162
inf
5.21846
5.14463
inf
4.5793
5.22495
inf
inf
5.17673
inf
5.13808
inf
inf
5.24562
5.15854
inf
4.61114
inf
5.17536
5.18057
inf
inf
inf
5.35342
inf
inf
inf
inf
inf
4.4565
5.11286
5.23339
5.30836
5.25371
5.26203
inf
inf
inf
4.84536
5.20904
5.19564
5.28277
inf
5.16605
inf
inf
5.3225
inf
5.31533
5.29498
inf
inf
inf
4.63993
inf
inf
5.26379
inf
inf
4.89064
inf
inf
5.29156
inf
inf
inf
4.748
inf
5.0103
5.37978
inf
inf
5.44606
5.49799
5.51512
5.46248
5.14549
5.061
5.16625
5.61906
5.23704
5.80684
5.1346
5.6316
inf
5.56423
inf
4.89306
5.09262
4.8564
5.47886
inf
5.07205
5.46821
inf
5.38802
inf
5.49537
inf
inf
4.96633
inf
inf
4.69785
5.31594
4.89428
5.27056
inf
5.3031
5.40965
4.94534
4.9121
4.94325
inf
4.6366
inf
5.28439
5.21145
5.24078
5.29847
inf
5.25961
inf
inf
4.83384
inf
inf
inf
5.19414
5.20146
5.32411
inf
5.23667
4.74982
5.18681
inf
5.06321
5.30263
5.26284
5.18071
inf
inf
inf
inf
inf
4.57032
4.41982
5.20255
5.17746
inf
4.72607
4.52633
5.12913
inf
inf
inf
4.71258
inf
5.17616
5.19708
inf
inf
5.15654
inf
5.14319
5.1163
4.78267
inf
inf
inf
5.15144
inf
5.12634
inf
5.1982
5.12705
inf
inf
4.50335
5.2157
inf
inf
inf
inf
5.20265
4.7948
4.83521
inf
5.17482
5.19088
inf
inf
inf
inf
4.79
5.22457
5.16577
inf
5.20306
5.13508
inf
inf
4.78881
4.87667
5.23732
5.27848
inf
5.30822
5.24053
5.35708
inf
5.31847
inf
inf
4.85199
5.33408
5.22105
5.3074
inf
4.90878
4.6913
inf
4.69862
5.40363
5.39789
5.24405
4.74721
4.72489
inf
4.98964
5.02764
inf
inf
inf
inf
4.99665
5.49252
5.11555
inf
5.36099
5.11384
inf
4.90345
5.0851
inf
5.5954
inf
5.59906
inf
4.97639
5.59086
5.62772
4.83043
inf
inf
4.80605
5.22427
5.77758
5.79732
4.97495
inf
inf
5.52528
4.92159
5.97054
5.98872
5.54135
6.12115
5.20333
5.71126
6.10396
5.83274
5.96873
5.36932
5.00081
5.43279
5.2911
5.23148
4.88305
5.09344
4.90266
4.74065
