4.53054
4.71893
4.73695
4.83958
4.80488
5.08684
4.85491
5.34491
4.93667
5.11118
4.85532
6.17842
4.94881
4.99615
5.2886
5.69711
6.11828
4.9576
5.89651
5.87072
5.85476
5.47894
5.00524
5.747
4.9566
5.10697
5.34854
5.71361
inf
5.29627
5.24015
5.19665
inf
4.91597
5.55867
inf
inf
inf
5.55384
5.53074
inf
4.63112
5.00388
5.53746
inf
5.40929
5.49969
4.98645
inf
5.48606
inf
inf
inf
inf
5.39445
inf
inf
5.25567
inf
5.31063
5.31026
4.9376
4.67046
5.2964
inf
5.26707
inf
inf
5.30295
5.18386
5.1943
5.18249
5.19246
5.23122
4.81187
inf
4.50415
5.19231
inf
inf
inf
5.30022
5.30519
5.28494
4.76
inf
inf
5.21305
inf
inf
inf
inf
5.17304
inf
inf
5.25143
inf
inf
inf
5.17753
5.26364
inf
inf
5.10136
inf
inf
5.0758
inf
inf
4.80679
5.22432
5.11451
5.10413
inf
5.1533
inf
inf
inf
inf
inf
5.07632
inf
inf
5.14384
inf
5.08682
4.73655
inf
5.1246
inf
inf
4.27483
inf
5.09677
5.11707
inf
inf
4.75179
inf
inf
inf
inf
inf
inf
inf
5.27826
5.11137
inf
inf
inf
inf
4.78684
4.7858
inf
4.88796
5.2355
inf
4.80534
inf
inf
inf
5.25531
inf
inf
inf
5.34088
inf
5.3095
5.15282
5.19852
inf
5.37236
inf
5.24493
inf
5.19901
5.24292
inf
inf
inf
inf
4.93305
5.40914
inf
inf
5.28947
inf
inf
inf
5.35063
inf
5.40502
inf
inf
inf
5.47046
5.19344
5.66441
5.80795
4.94696
inf
5.7772
5.57964
inf
5.64225
inf
inf
5.16904
inf
inf
5.30945
inf
5.01534
inf
5.37414
5.37146
5.39501
5.06219
4.85357
5.02624
5.30928
inf
inf
5.45435
inf
4.90927
inf
inf
4.9292
4.94017
inf
4.56527
inf
5.17244
5.33699
5.24292
inf
5.26736
4.67659
5.18388
5.37519
4.7975
inf
5.11925
inf
inf
4.77985
inf
inf
inf
inf
4.8745
inf
5.3166
4.8034
inf
5.20072
inf
inf
4.81412
inf
inf
5.17289
5.23355
inf
4.83946
inf
5.20141
5.18329
5.19689
inf
5.34151
inf
inf
inf
5.21677
inf
5.16291
4.80506
5.27637
5.15413
5.19169
5.08959
5.27327
inf
inf
inf
inf
inf
inf
5.27262
inf
inf
5.27135
5.26194
inf
5.19092
5.27115
inf
5.28864
inf
inf
inf
5.33427
5.15908
5.29692
5.29471
5.25637
inf
5.22406
inf
inf
4.57801
inf
5.23662
5.22164
5.26978
inf
5.26631
inf
4.88028
4.48347
4.65393
4.59613
inf
4.89974
4.89024
4.93707
5.25146
4.96181
5.37128
5.36898
5.39519
4.94475
5.34981
4.97024
inf
4.92902
5.41491
inf
5.01701
5.4718
inf
5.41557
5.46737
5.45373
5.44817
5.08797
inf
4.97967
4.87041
5.33857
5.4693
5.41902
5.38828
5.50184
5.04449
4.7121
5.12215
inf
5.49113
4.72665
5.09034
inf
inf
inf
5.27364
5.5888
5.67598
5.60307
5.60077
inf
5.03314
4.91823
inf
5.76441
5.1291
5.11067
4.88658
5.70301
5.52803
5.89269
5.24293
5.33618
5.36054
5.64194
5.71786
5.29062
5.24596
5.1371
5.19028
5.08273
5.01477
5.12396
5.33371
4.97317
4.9146
5.06904
4.92875
4.75934
