3.74309
3.69605
3.73746
3.80356
3.79825
3.72244
3.78513
3.79911
3.77252
3.76668
3.85248
4.00778
3.84554
3.76449
3.74032
3.76447
3.75514
3.69491
3.62514
3.8236
3.87802
3.89512
3.72049
3.74646
3.82461
3.58124
3.65797
3.8327
3.86121
3.96262
3.82552
3.78609
3.96109
3.71078
3.64593
3.6546
3.73324
3.88055
3.70689
3.72118
3.57762
3.60431
3.65506
3.63448
3.7642
3.79198
3.65633
3.57807
3.75199
3.73769
3.56388
3.69473
3.6551
3.56563
3.62998
3.52371
3.75592
3.69645
3.72225
3.70137
3.68032
3.65347
3.58592
3.64101
3.70055
3.77196
3.758
3.5842
3.77209
3.50948
3.76903
3.61999
3.6164
3.76211
3.76854
3.63599
3.52696
3.66558
3.84272
3.69399
3.5312
3.70018
3.70421
3.78953
3.62707
3.66891
3.81332
3.69004
3.65567
3.65605
3.64727
3.72489
3.68618
3.8447
3.56671
3.75675
3.55181
3.61206
3.67214
3.77266
3.59583
3.63332
3.80486
3.74989
3.86463
3.97622
3.58014
3.70586
3.81849
3.6959
3.61373
3.58103
3.76721
3.84862
3.65624
3.65525
3.69158
3.69225
3.72911
3.73354
4.00997
3.73681
3.85434
3.89447
3.83856
3.74333
3.65602
3.62956
3.70076
3.63893
3.78545
3.89728
4.2328
3.9755
3.88291
3.76835
3.80857
3.8045
3.691
3.76889
3.68023
3.86235
3.87944
3.90655
3.83329
3.78381
3.90936
3.9107
3.79535
3.81676
3.8581
3.72493
3.69471
3.75153
3.90809
4.05541
3.88735
3.75809
4.02783
3.89191
4.25078
3.76577
3.75459
3.66544
3.81469
3.69047
3.73937
3.61053
3.70296
3.77946
3.7572
3.73136
3.69639
3.70673
3.72244
4.13086
3.83546
3.81258
3.66542
4.00789
3.75285
3.5771
3.78224
3.9268
3.80106
3.8617
3.82255
3.71138
3.63852
3.81051
3.66661
3.85054
3.80954
3.58228
3.78663
3.74629
3.77123
3.64271
3.811
3.67123
3.83986
3.724
3.79913
3.76462
3.76594
3.85619
3.46291
3.71609
3.64747
3.65416
3.69342
3.49972
3.8118
3.84755
3.52781
3.62432
3.71525
3.82167
3.4847
3.79203
3.87916
3.71219
4.09296
3.74491
3.838
4.11464
3.64884
4.04393
3.53059
3.6499
3.68066
3.82049
3.61928
3.93612
3.74225
3.67434
3.55895
3.97658
4.17541
3.7731
3.68027
3.82755
3.69004
3.76134
3.61315
3.77168
3.67558
3.48579
3.67613
3.70054
3.57045
3.83341
3.9125
3.6759
3.37954
3.71524
3.88413
4.06868
3.7294
3.4756
3.59979
3.6695
3.90562
3.59121
3.52476
3.57226
3.81244
3.55284
3.9879
3.74974
3.61297
3.56294
3.5436
3.67126
3.97784
3.61237
3.73268
3.94569
4.1219
4.26414
3.68513
3.83127
3.71487
3.79978
3.81867
3.88419
3.79914
3.7971
3.59935
3.68792
3.68597
3.88317
3.72166
3.96862
3.55908
3.67862
3.70275
3.54763
3.89095
3.70054
4.01485
3.89103
3.99938
3.92714
3.9997
3.57219
3.87164
3.68756
3.67121
3.7396
3.65358
3.96576
3.94593
3.69154
3.63353
3.93196
3.6371
3.90868
3.90022
3.61053
3.64781
3.76126
3.58437
3.58871
3.90586
3.74357
3.51241
3.62387
4.24499
3.70325
3.65493
3.87842
3.6934
3.74642
3.79599
3.70174
3.55352
3.48102
3.53615
3.92976
3.54619
3.78814
3.76292
3.60314
3.85159
3.70482
3.91093
3.57547
3.69328
3.46923
3.74849
3.78027
3.63191
3.82063
3.85801
3.77712
3.84778
3.83061
3.94595
3.61318
3.91434
3.75558
3.55584
3.75307
3.75392
3.95089
3.97717
3.55629
3.64341
4.21396
3.75349
3.74072
3.98907
3.4534
3.75761
3.92517
3.88084
3.73149
3.91366
3.81058
3.73237
3.80136
3.78416
3.84489
3.63122
3.86479
3.55842
3.81932
3.79219
3.80025
3.77568
3.66707
3.63657
3.73929
3.94261
3.5854
3.64299
3.65735
3.60011
3.94442
