4.56467
4.54042
4.41039
4.48122
4.69963
4.59199
4.68396
5.07017
4.27892
4.59998
4.4613
4.93551
4.83414
4.81524
4.49967
4.63798
4.98867
4.95559
5.03197
4.41877
4.70036
4.59222
4.85767
4.9774
4.80475
4.35361
4.77461
4.65214
4.58466
4.88119
4.85562
4.31992
4.52599
4.37325
4.57702
4.62101
4.30808
4.71404
4.36741
4.86041
4.54094
4.62035
5.13496
5.05444
5.59775
4.92752
5.04061
4.80403
4.64508
4.7709
4.50258
inf
4.77632
4.84472
4.38739
4.44366
5.08334
5.43411
5.51759
4.89636
4.52682
4.40615
4.86195
5.30959
4.39641
5.47019
4.93222
4.38713
4.27483
inf
5.00167
4.25842
4.891
4.54634
4.47923
5.03418
5.40043
5.27781
4.78525
4.79911
4.69628
5.2097
4.45149
4.52648
5.24877
5.27703
5.29926
5.38311
4.89705
inf
4.62253
4.87029
4.70972
4.28259
4.57975
4.86366
4.32412
4.93109
5.1919
4.27605
5.33939
4.61219
4.46178
4.82734
4.63455
4.67298
4.56191
4.84822
5.10361
4.82001
5.17436
4.35567
5.20105
4.62489
4.43375
inf
4.39582
5.28943
4.29224
4.55419
4.55034
5.30674
4.38738
5.1655
4.84985
4.26087
4.30597
4.81142
4.75933
4.31719
4.62795
4.85767
4.6231
4.28259
4.85851
inf
4.39428
4.46659
4.42203
5.27312
4.30752
4.20632
4.85065
4.6252
4.17444
4.18074
4.32314
4.89523
4.60843
5.31978
4.8571
4.62791
4.95798
4.32724
4.17159
4.66559
4.62125
4.16155
4.1628
4.45156
5.05708
4.72214
4.58802
4.51647
4.52559
4.05027
4.33997
4.92614
4.4153
4.7522
4.52591
5.00442
4.78294
4.42262
4.54341
5.45732
4.61943
4.54931
4.75817
4.90204
4.95497
4.49813
4.46
4.79089
4.35276
4.85875
4.83571
4.84651
4.64684
4.61643
4.44921
5.12586
4.44759
4.55211
4.75431
4.42441
4.45507
4.62118
4.76242
4.79537
4.62344
4.32724
5.03405
4.63391
4.40413
4.43514
4.54438
4.69485
4.44769
4.49903
4.51172
4.93555
5.35254
4.39216
4.45013
4.51428
4.78804
4.52393
5.02337
4.49106
4.75591
4.42425
4.15066
4.77489
4.3625
4.55261
4.29248
4.43042
4.51292
4.89516
4.77828
4.1868
4.53664
4.47837
4.68932
4.71049
4.35651
4.50818
4.21655
inf
4.23115
4.82346
5.27238
4.65519
4.39565
4.56066
4.66925
4.62677
4.71479
4.3862
4.64137
4.86787
5.298
4.85746
5.28519
4.58294
4.53761
4.84702
4.54277
4.42963
4.34077
4.55407
inf
5.17165
5.33094
4.84622
4.3277
4.38053
4.8667
4.78857
4.41081
4.39816
4.4077
4.8152
4.64463
4.46714
4.269
5.29312
4.07535
inf
4.68067
inf
5.3192
4.79595
4.85868
4.61215
4.50023
4.64596
4.07193
4.42469
4.68434
4.29446
4.60214
5.05473
4.36731
4.27794
4.10196
4.3864
4.83508
4.30136
4.25862
4.55997
4.81869
4.85761
4.62797
4.65602
4.54541
4.47006
4.92527
4.54473
4.09034
4.32559
4.44386
4.8773
4.48326
4.12317
4.87501
4.46581
4.67662
4.9934
5.3449
4.50576
4.23035
4.48017
4.51883
4.16865
5.24597
4.43298
4.70385
4.6789
4.52024
4.54804
4.58275
4.08132
4.32127
4.61919
4.55348
4.74866
5.42572
4.16199
4.46442
4.45636
4.6067
4.22496
4.71427
4.39447
5.08633
4.29583
5.1013
5.10593
4.64663
4.15219
4.67127
4.53734
4.57266
4.58757
4.89198
4.61072
4.36941
4.92414
4.57625
4.36023
4.64999
4.66546
4.30141
4.42279
4.44077
4.73597
4.81645
4.77541
4.48565
4.50037
4.65999
4.48154
4.49103
4.69535
5.17692
4.42732
4.35739
4.62968
4.68085
4.46228
4.30548
4.60356
4.84555
4.45328
4.45584
4.83461
4.39933
4.70666
4.587
4.52498
4.81117
4.89722
4.53837
4.91362
4.88468
4.98715
4.90355
4.79982
