4.47317
4.59993
4.65196
4.7021
4.57975
4.83612
4.77242
4.55892
4.69435
4.69855
4.95241
4.65287
4.79617
4.55674
4.7811
4.8517
5.05679
4.83927
4.95083
5.01585
4.83284
5.47072
4.90744
4.91053
5.47021
4.78925
4.9296
4.8691
4.51776
4.89402
4.86375
4.77575
4.80802
4.80443
4.59736
4.93594
4.64019
4.68438
4.36926
4.40706
5.00405
5.63421
4.89119
4.73733
4.75278
4.43784
4.96197
4.40071
4.21026
4.4058
5.66454
4.93526
5.08568
4.48469
4.57523
4.66505
4.25809
4.67542
5.61241
5.19729
4.65473
4.70515
4.84107
5.04243
4.44207
4.97652
4.62071
4.78874
4.31735
5.5517
4.67545
4.56883
inf
4.77062
inf
4.82957
4.58281
4.32187
4.60859
5.46735
4.81991
4.62054
4.92341
4.25792
4.98126
4.5365
5.2675
5.41588
5.40752
4.56917
4.99998
4.58351
4.86776
4.65562
4.37463
5.3418
4.33243
4.17673
inf
4.72891
4.57396
4.34934
4.91115
5.2383
4.14746
4.31115
4.56801
4.83144
5.24195
4.15769
4.12014
4.83833
4.97585
5.18654
4.35153
4.49834
4.58964
4.97475
5.27113
4.37634
5.31119
5.24568
4.81136
5.29112
5.00274
5.2796
5.24626
inf
4.89091
4.54756
4.37504
4.9379
4.43827
4.32098
4.66813
5.3163
4.64649
4.27309
inf
4.34947
5.24847
inf
4.93685
4.87248
inf
4.89343
4.18957
4.43304
4.61623
5.1663
4.33423
4.24244
4.8085
5.31959
inf
4.50685
4.48906
5.37127
inf
4.14153
5.39492
4.93175
4.15017
4.39196
4.31226
4.27824
4.67361
4.92107
4.26882
4.68004
4.50722
4.72777
4.7625
5.33791
4.8633
4.92687
4.85671
5.40151
4.45314
4.40421
4.29618
5.02908
4.7178
5.43043
4.81691
4.47474
5.54256
4.72425
inf
4.53497
4.24258
4.6717
4.47245
4.48372
4.92968
4.59503
4.52613
4.5577
4.60203
4.56139
4.93339
5.08274
4.77843
4.55635
4.4156
4.60715
4.51145
inf
4.79577
5.10186
4.81604
4.82387
4.95709
4.68104
5.11132
4.43018
4.97297
4.94749
4.22443
5.32718
5.23504
4.95311
4.66634
4.68781
4.5146
4.4828
4.82691
inf
4.48689
4.65872
4.39206
4.79922
5.00259
inf
4.26008
4.60214
5.241
4.47333
inf
4.61172
4.37801
4.60275
inf
4.78311
5.45292
4.24156
4.25432
4.80188
4.27677
4.30541
4.50008
5.1549
4.71133
4.35127
4.22544
4.446
4.76432
4.30612
inf
4.86744
5.24083
5.0335
5.16636
4.80353
4.68641
4.38352
5.18798
4.77107
4.43308
4.82308
inf
4.69276
4.23562
4.72712
inf
4.53708
inf
5.13865
4.78446
5.4194
4.34512
4.51469
inf
inf
5.19005
4.75254
4.78367
4.29731
4.37551
3.9911
4.79785
4.79055
4.70788
4.47649
5.36066
5.31374
4.23669
4.38234
5.16561
4.34078
4.14227
5.26807
4.14128
4.33731
4.78555
4.76419
5.10569
4.58177
inf
5.48084
4.25914
4.9431
4.32232
4.25576
inf
4.73656
5.20473
4.58157
4.36821
5.25834
4.76433
4.592
5.23555
4.39275
4.62337
inf
4.71726
5.25488
4.42644
4.44558
4.91046
5.00462
inf
4.98742
4.61254
4.70865
4.4023
4.96735
4.33096
5.37642
5.11161
4.73418
4.98234
4.68879
4.89902
4.31614
inf
4.22958
4.80405
4.87637
4.89496
4.53118
4.20453
4.57588
4.64788
5.47856
4.90998
4.96932
5.50615
4.2116
4.83599
4.57779
5.49599
5.57072
4.97077
4.20421
4.74751
4.48375
4.67444
4.50139
5.06863
4.4628
4.93474
5.12091
4.71748
4.77395
4.90149
4.6831
4.64217
4.64056
5.03952
4.97652
4.5174
4.68879
4.61181
5.19338
4.94162
4.6162
5.14598
4.78398
5.07733
4.7211
4.70022
4.96317
4.75279
4.85178
4.79612
4.70251
4.65758
4.73469
