4.63764
4.73175
4.77527
4.62304
4.74911
4.63469
4.77703
4.69271
4.9481
4.6379
4.62443
4.6505
4.78297
5.05859
4.61611
5.10752
4.68383
4.47873
4.99312
5.03741
4.82391
4.86228
4.39798
4.6595
4.58163
4.52623
4.81505
4.81098
4.81344
4.91336
4.44736
4.86482
4.87438
5.00334
4.69663
4.46664
4.95458
5.67535
4.83146
5.69839
4.56246
4.77334
4.86052
4.98651
5.64028
5.12428
4.49614
4.68789
5.45813
4.91531
4.42443
5.15752
5.5556
4.67409
4.95183
4.28277
5.04431
4.78432
4.45287
5.4949
4.67532
4.79493
4.72787
4.64413
4.50207
4.82528
4.56797
4.6666
5.34402
4.69032
4.4285
5.38854
5.243
5.43085
4.70946
5.51644
4.39076
4.15486
4.67971
4.79809
4.74907
5.34128
4.66757
4.68745
4.93996
4.59048
4.52721
4.61605
4.49803
4.52585
inf
4.41579
4.54533
4.4169
4.46061
5.30896
5.14992
inf
4.46634
4.23445
4.49247
4.51908
4.95434
4.61858
inf
inf
4.95502
4.81957
4.21732
4.44487
4.59092
4.36558
5.06201
4.85865
5.3233
4.32301
5.13529
4.43765
5.25253
4.84329
inf
inf
4.75947
4.58175
4.92432
4.32035
4.60668
4.23063
4.86427
inf
4.77571
4.33505
4.62631
4.28325
4.29635
4.57098
4.87643
5.19092
4.76787
5.15863
4.58804
5.34271
4.90048
4.89144
4.38191
4.91174
4.80774
4.82922
4.96558
4.63825
4.83794
5.36774
4.6479
inf
4.63979
4.33784
4.54856
4.80411
4.91231
4.61708
4.88832
4.9015
5.27585
4.90775
inf
4.64725
4.72679
4.50668
4.7167
4.95603
5.51631
4.7553
4.51882
4.80839
4.93625
5.10876
4.36834
5.45298
5.32434
5.40922
5.09475
5.50199
5.00382
4.492
4.50055
4.85128
5.56086
5.37714
5.10205
4.39331
4.65299
4.93333
4.62529
4.60244
4.56512
4.77722
5.14994
inf
5.03396
5.12768
5.20524
5.33301
5.74258
5.21934
4.82025
4.74997
5.09877
4.76474
4.84964
5.50829
4.77689
5.46767
5.10477
5.14047
4.83593
5.15479
4.60294
4.84095
4.6304
5.01369
5.02084
inf
5.52719
5.00999
4.26775
4.78049
5.0194
4.87112
4.64264
4.69677
5.34072
4.85417
4.6727
4.3623
4.95751
4.44234
5.43789
4.81003
5.24268
5.29387
4.82578
4.31883
4.94521
4.64525
4.03216
5.1975
4.49105
4.66554
4.41835
5.13889
5.32623
4.94732
5.12622
4.55481
4.57539
4.87215
5.304
4.9386
4.67207
4.88789
4.39236
4.4877
4.90013
4.51554
4.30128
4.8156
4.79208
4.30337
4.96688
5.30222
4.89131
5.26211
4.85093
4.64999
5.35209
4.539
5.31913
5.15455
4.61987
4.63337
4.9292
4.36755
4.3223
4.78487
5.27497
5.17406
5.31988
4.60118
4.84552
4.81731
4.76974
4.04905
4.87865
4.62939
5.2524
inf
4.24884
5.31622
4.64067
4.65743
5.30143
5.2454
4.46776
4.49997
4.61203
inf
5.32501
4.27953
4.64151
4.89184
4.2246
5.40874
4.64814
4.83406
4.35122
4.91154
4.5257
4.69964
4.90518
4.52914
4.31529
4.91597
4.81942
5.24688
inf
4.93081
4.65938
4.37693
4.37377
5.38269
4.97037
inf
inf
4.72193
4.57338
5.08073
5.35168
inf
4.71044
4.91504
4.88132
4.94996
4.79092
4.5765
5.13723
5.3021
5.09772
4.76292
5.12313
4.71867
4.48097
4.89388
4.81483
5.66731
5.41654
5.27527
5.09137
5.04567
5.11282
4.7213
5.11016
5.53357
5.07467
5.2002
4.53439
4.95641
4.74454
4.50249
5.0577
5.0295
4.70186
5.26523
4.59303
5.28949
4.58741
5.14843
4.95843
4.78906
4.83602
4.65203
4.73839
4.9063
4.63721
5.11026
4.45771
5.26968
4.95335
4.55608
4.66071
4.83423
4.69273
5.17844
4.77619
4.62215
4.87215
4.61076
4.6489
4.82246
4.7061
4.71319
