4.5746
4.57276
4.66454
4.6471
4.46531
4.44502
4.411
4.7775
4.75131
4.90629
4.88945
4.66767
4.85947
4.95523
4.98641
4.98328
5.20166
5.36616
5.08533
4.94206
4.6102
5.20593
4.74435
4.92253
5.0517
5.01816
4.52353
4.75571
4.5573
5.02532
4.72164
4.70416
5.25029
4.67961
4.65401
4.66234
5.5246
4.81221
4.38838
5.01434
4.5008
5.11153
4.6797
4.71394
4.40164
inf
4.97483
5.08118
4.89976
4.33451
4.60394
4.46973
4.6087
4.59638
4.93703
4.9297
4.97427
4.77452
5.41979
4.92914
4.91332
4.72359
4.96056
5.30864
4.75008
4.3835
4.30486
4.9828
5.50783
5.53069
4.83423
5.00241
4.59051
4.66399
4.33256
4.50285
5.39586
4.63132
5.19044
5.26765
4.61943
4.21521
4.61396
4.69219
4.58777
4.88551
4.67707
5.21655
4.29695
5.33524
4.55185
4.8843
4.85653
5.21826
4.36439
5.23601
4.53632
4.65774
4.75857
4.62451
4.55604
4.22836
4.22261
4.59496
4.02179
4.28152
5.15601
4.46063
4.88327
4.76695
4.37354
5.3409
4.37467
4.29548
4.87017
4.84369
4.54953
4.5719
4.91014
4.19279
4.79646
4.24831
4.19562
4.6218
5.11939
4.65156
4.80668
4.38043
4.72684
4.25018
4.55474
4.76238
5.22568
4.64943
4.88682
4.54687
4.56408
4.65944
4.8705
4.88603
5.21834
4.17574
4.62091
4.01424
4.71779
4.49297
5.34271
5.34715
4.42138
4.45457
4.926
4.66462
4.70827
5.29085
5.30485
5.36146
inf
4.25073
4.18433
inf
4.75176
4.96355
4.2478
4.99751
4.70483
4.33455
4.29543
5.43989
5.24325
5.29043
4.53433
5.34447
4.56925
5.2504
4.49616
4.508
5.36951
4.80699
4.46578
4.698
4.65504
5.42286
5.42809
4.69388
4.87083
4.52916
4.83301
5.16521
5.54224
4.69592
4.87112
5.18985
5.14448
4.88429
4.32953
4.98489
4.7945
5.31348
4.67886
4.48664
4.25285
4.75655
4.42054
5.32984
4.65945
4.61153
4.74521
4.33301
5.45772
4.58973
5.10245
4.608
4.79301
4.84384
5.1462
4.51345
4.76394
5.00244
4.80252
4.40376
4.7102
5.50877
inf
5.10876
4.65182
4.72838
4.61966
4.31307
5.52998
5.06979
4.33135
4.41654
4.97487
5.07126
4.88428
5.26946
4.90475
4.75168
4.49037
5.52913
4.2758
4.69607
inf
4.38556
5.4701
4.67312
4.71331
4.51844
4.51805
4.60519
5.25311
4.63848
4.38039
5.31242
4.63961
4.13123
4.6394
4.49484
4.97361
4.52584
4.88065
4.3379
4.86201
4.46986
4.43063
4.60087
4.62499
5.15928
4.86963
5.20114
4.7683
4.27485
5.2798
4.4874
4.33458
inf
4.9331
5.01195
4.81714
inf
4.87788
4.68036
4.93005
5.3404
4.99872
4.63654
5.23849
5.2464
inf
4.42954
4.93983
4.46184
4.32392
4.66472
4.42716
4.2963
5.24153
4.78352
4.12879
4.82973
4.88611
4.83335
4.59945
4.74452
4.23164
4.40537
4.89577
4.88944
4.61796
4.20715
4.50169
4.87605
4.87214
4.30184
4.8807
4.59473
4.62831
4.51256
4.83175
4.69765
4.74304
4.65048
4.72274
4.13786
4.51243
4.72741
5.40051
4.291
4.42465
4.31548
4.41237
4.36151
4.4146
4.29939
4.23867
4.41148
4.53669
4.34241
4.37708
4.53992
5.14017
4.44568
4.73584
4.36332
4.2916
4.15607
5.39001
4.44079
4.23827
4.46026
4.29085
4.87563
4.18848
4.5416
5.06353
4.93675
4.47553
5.07415
4.16414
4.78973
5.61428
4.5551
4.45748
4.76362
4.4838
4.34312
4.9129
4.72124
4.71997
4.75532
4.59604
4.58286
4.41512
4.52089
4.76883
4.59205
4.82155
4.88967
5.26493
4.54112
4.52676
4.3488
4.84485
4.79514
4.53972
4.42266
4.5874
4.71103
5.02721
4.91416
4.71015
4.91222
4.74888
4.74806
4.83824
4.8145
4.76602
4.78892
4.81809
4.77789
