 8953.249712
 10640.576242
 9910.616871
 8748.808054
 9814.026816
 935.504301
 805.652700
 702.641482
 862.323712
 1199.415936
 935.208631
 1000.453333
 707.861537
 903.507312
 838.010143
 2280.553046
 1991.553367
 1762.001277
 2130.538487
 2407.731067
 2982.849775
 2350.695816
 2536.931481
 2020.610013
 2863.942025
 1790.411057
 2256.084204
 1740.340713
 2232.856326
 1729.492443
 2041.567824
 2209.541643
 2440.202213
 2236.044551
 2090.180227
 3785.867885
 3272.053974
 3011.549333
 3540.247096
 3982.096651
 4962.600991
 3929.467995
 4364.804193
 3320.728287
 4543.427777
 3042.340161
 3785.737856
 2997.407512
 3623.515611
 2909.311537
 3322.982542
 3656.507209
 3982.735838
 3688.333411
 3478.040784
 6775.420529
 11427.767006
 9046.180687
 7202.625788
 6068.734194
 7546.549383
 835.853174
 728.446068
 509.816652
 431.706377
 336.725538
 1119.218280
 867.348426
 803.981205
 1130.557437
 673.544173
 523.666166
 708.649784
 322.864895
 324.471525
 213.253138
 2122.064546
 1862.884654
 1333.932411
 1135.938171
 923.009751
 2226.927789
 2900.405051
 2247.593405
 2048.863515
 2994.065016
 1888.650734
 2901.142197
 1695.924001
 1375.547206
 1828.980172
 1281.798212
 2144.219103
 1687.334623
 819.957066
 831.783572
 1059.110854
 1972.083169
 1299.929039
 832.251848
 598.291206
 892.207669
 2610.516971
 1713.026738
 884.043158
 600.354308
 3580.176909
 3075.020081
 2320.638160
 1985.272431
 1749.863488
 3738.555578
 4820.990360
 3697.767826
 3260.633840
 4842.183035
 3130.681898
 4972.155102
 2793.954942
 2381.952065
 3045.508638
 2158.467153
 3617.560434
 2801.238453
 1484.337569
 1573.511393
 1797.891517
 3312.353822
 2204.235053
 1509.777602
 1290.238303
 1618.025369
 4113.672569
 2763.670376
 1685.988157
 1230.592259
 1925.186485
 1833.423221
 1874.866634
 1909.611685
 1891.089674
 910.825257
 888.412562
 925.895631
 929.150920
 880.930137
 901.338766
 902.807283
 889.341833
 911.460937
 917.868535
 389.811199
 398.139610
 409.935771
 395.012839
 383.059847
 394.400727
 386.277394
 407.065583
 394.675718
 400.273824
 1975.991636
 1729.348103
 1846.351761
 1941.151029
 2042.756463
 1896.867015
 722.000436
 697.497713
 614.766309
 565.328068
 462.461731
 708.934629
 722.071863
 719.478458
 697.734850
 715.273870
 649.767795
 735.816428
 500.017520
 506.011083
 343.542748
 305.253260
 311.764246
 333.855732
 347.514024
 339.997909
 288.708262
 307.039714
 314.778602
 298.418396
 316.681377
 332.163537
 313.087031
 350.058100
 348.429034
 315.496874
