 46.448134
 2978.026408
 133.250637
 29.900267
 14.285593
 40.659333
 0.950070
 0.200256
 0.193510
 107.691781
 26.500879
 13.276693
 1.115487
 0.208333
 0.042941
 179.004683
 4.425887
 0.894488
 0.907352
 46.069997
 131.524376
 29.663948
 14.199633
 4.143415
 407.164306
 4.248326
 0.824054
 1.040334
 124.233469
 5.355808
 0.219405
 0.987305
 66.568657
 1.111578
 0.227668
 566.297054
 17.251006
 3.194339
 3.385845
 45.559425
 130.466616
 29.333840
 14.028138
 13.900977
 941.277251
 9.567774
 2.733949
 6.001706
 469.420593
 19.423094
 1.260066
 5.341051
 324.671504
 7.948214
 1.569456
 25.434000
 3069.683526
 76.749607
 16.175609
 9.098666
 4.769902
 23.383834
 0.456279
 0.188033
 0.039616
 0.038775
 65.606043
 14.962765
 8.629711
 4.529162
 0.218924
 0.141081
 0.102186
 0.033216
 0.011835
 0.017171
 113.643332
 2.299856
 0.909614
 0.194602
 0.182642
 25.274191
 76.028456
 16.076944
 9.050630
 4.744651
 2.015239
 267.443579
 0.977549
 0.622207
 0.452648
 0.919900
 73.859692
 1.136917
 0.170494
 0.062219
 0.214478
 44.715071
 0.755754
 0.175830
 0.092227
 0.211741
 24.175921
 0.547048
 0.064250
 0.090055
 465.364404
 11.339980
 3.256852
 0.902687
 0.679208
 24.970971
 75.242500
 15.882864
 8.938187
 4.685815
 6.258269
 691.025206
 3.357002
 1.894244
 1.352617
 4.121725
 349.570091
 6.593243
 1.008318
 0.421824
 1.603403
 252.159494
 5.297350
 1.134302
 0.628724
 1.730215
 164.386597
 3.893058
 0.519474
 0.542399
 212.293484
 427.387528
 320.309307
 156.948004
 111.498833
 98.241696
 0.000000
 0.000000
 0.000000
 149.583033
 72.551127
 58.906127
 0.000000
 0.000000
 0.000000
 31.434846
 32.429403
 15.976278
 10.656443
 28.913126
 30.574014
 19.876068
 33.154312
 20.880228
 11.563068
 143.877014
 296.775352
 255.957090
 106.829587
 88.329396
 62.872179
 54.439943
 0.000000
 0.000000
 0.000000
 0.000000
 93.762800
 37.215392
 34.431188
 23.226465
 0.000000
 0.000000
 0.000000
 0.000000
 0.000000
 0.000000
 14.299959
 16.378746
 11.575440
 7.152753
 4.995128
 16.021809
 15.494140
 10.225329
 8.756892
 15.378439
 12.975786
 10.818153
 7.887731
 5.730109
 3.327460
