3.44794
3.37812
3.44185
3.46203
3.48382
3.44505
3.48619
3.50311
3.46567
3.50506
3.53997
3.57117
3.48481
3.49347
3.62882
3.59129
3.58554
3.49352
3.65208
3.60058
3.57283
3.56923
3.61287
3.8202
3.69084
3.62409
3.42181
3.45265
3.44875
3.59141
3.5529
3.59795
3.63991
3.75716
3.56528
3.52537
3.45748
3.48825
3.65569
3.69227
3.75333
3.47085
3.71568
3.65387
3.47113
3.66605
3.48962
3.45486
3.41467
3.43531
3.74005
3.57258
3.48771
3.51177
3.34577
3.5206
3.43471
3.34913
3.54794
3.4504
3.64121
3.44518
3.6028
3.57527
3.43216
3.58011
3.48971
3.65619
3.48005
3.49776
3.30924
3.62416
3.47254
3.53826
3.65364
3.82128
3.63261
3.53207
3.62441
3.50057
3.56877
3.66608
3.42245
3.47621
3.43202
3.5965
3.43976
3.46967
3.48335
3.46084
3.61997
3.55646
3.3312
3.48933
3.5708
3.52739
3.66117
3.63029
3.55983
3.40553
3.63956
3.382
3.45511
3.46843
3.39812
3.35245
3.57539
3.32658
3.52596
3.55441
3.45121
3.51962
3.46341
3.59217
3.51907
3.67491
3.34793
3.57664
3.23567
3.73982
3.59289
3.4261
3.41117
3.64007
3.50148
3.42861
3.56815
3.51401
3.45555
3.45816
3.51425
3.65004
3.30003
3.48266
3.36196
3.59676
3.29836
3.76983
3.32006
3.67538
3.36916
3.46367
3.53465
3.62606
3.63208
3.45516
3.40285
3.29996
3.34597
3.37636
3.87905
3.59503
3.62823
3.45431
3.63593
3.35344
3.50389
3.58864
3.6659
3.94867
3.57039
3.58171
3.49958
3.5844
3.47221
3.6184
3.51758
3.37537
3.30268
3.4021
3.57154
3.7685
3.7402
3.55573
3.57369
3.64538
3.58992
3.24279
3.34996
3.3103
3.34682
3.45683
3.47509
3.66043
3.60416
3.44217
3.33214
3.53009
3.51149
3.49276
3.58465
3.51212
3.3824
3.40376
3.554
3.58785
3.52883
3.41465
3.46201
3.57921
3.51451
3.29598
3.51039
3.48979
3.56286
3.52402
3.30002
3.35896
3.65015
3.6775
3.38883
3.47113
3.31367
3.45889
3.58203
3.57776
3.32104
3.3165
3.64308
3.74154
3.2578
3.67221
3.51156
3.85085
3.8339
3.55235
3.47961
3.27315
3.50873
3.4175
3.34297
3.65776
3.60404
3.61693
3.30593
3.74395
3.69647
3.5667
4.2108
3.48501
3.3352
3.32161
3.54091
3.5117
3.56233
3.41571
3.86347
3.57623
3.62476
3.29962
3.59239
3.99113
3.57582
3.63822
3.3998
3.50408
3.56212
3.43215
3.54631
3.57861
3.62582
3.61898
3.30358
3.36308
3.41068
3.50033
3.55329
3.35795
3.41791
3.45828
3.88332
3.45142
3.90675
3.71816
3.4713
3.63709
3.55043
3.33204
3.22145
4.10371
3.55433
3.31986
3.31697
3.7012
3.44797
3.64766
3.55295
3.49273
3.24125
3.98986
3.34964
3.22186
3.67532
3.53063
3.32727
3.36825
4.2057
3.35076
3.577
3.32655
3.60702
3.53811
3.63596
3.55589
3.66057
3.75648
3.5929
3.37972
3.42539
3.36149
3.45019
3.72848
3.68399
3.34571
3.46142
3.52306
3.7114
3.36627
3.26674
3.44843
3.33045
3.718
3.70406
3.68116
3.48233
3.71927
3.60831
3.43607
3.52295
3.3763
3.498
3.606
3.55119
3.45917
3.49449
3.50891
3.3356
3.54764
3.61338
3.46225
3.53622
3.56608
3.56518
3.6308
3.49982
3.37483
3.44902
3.75198
3.59828
3.33889
3.52906
3.79672
3.19915
3.37969
3.51271
3.65469
3.5414
3.34753
3.5653
3.62718
3.36874
3.45098
3.65568
3.33309
3.91962
3.43226
3.39357
3.68878
3.47458
3.51964
3.52707
3.57677
3.49691
3.38759
3.60385
3.6045
3.42754
3.32275
3.37712
3.52648
3.6241
3.31717
3.35068
3.41185
3.43248
3.31786
3.3139
3.39029
3.43362
3.43666
3.36076
3.43087
3.33563
3.39677
3.32758
3.43728
3.377
3.37724
3.50905
3.38236
