4.54426
4.45748
4.31062
4.44014
4.20682
4.18983
4.23018
4.25917
4.21831
3.96581
4.35118
4.31874
4.08485
4.272
4.02362
4.03795
4.12682
4.10548
4.01143
3.90524
4.28139
4.03256
4.33533
4.06282
3.9238
3.88018
4.13613
4.3926
4.05271
4.08287
3.99875
4.14479
3.97053
4.09338
3.75686
4.2232
4.10194
4.44329
4.21294
3.80946
4.05122
4.30858
3.8455
4.31803
4.00655
4.19006
3.75664
4.25765
3.95092
3.90226
3.9355
4.12942
3.5983
3.65853
4.17563
4.27403
4.25859
4.14808
4.14904
4.06155
4.3254
4.3608
3.82435
4.77224
3.83619
4.51816
4.23847
4.76532
4.11522
4.22659
4.22468
4.03207
3.99012
4.32575
4.10191
4.43621
4.43941
4.67044
4.01791
4.0456
4.28187
4.04558
4.48629
4.04898
4.1082
4.35399
3.80701
4.1459
4.72575
4.42846
4.67192
4.25842
3.72964
3.91543
3.79535
4.73067
4.60252
4.23781
4.45826
4.42182
4.11002
3.9919
4.28779
3.8018
4.38876
3.83509
4.0884
4.38017
4.19581
4.65151
5.08752
3.84431
4.42111
4.24973
4.23268
4.40405
3.96689
4.09709
3.87333
4.41436
3.99457
4.60459
4.23745
4.42119
4.42048
3.96568
4.09502
4.08142
4.02327
3.83414
5.03184
3.9628
4.09028
4.39594
3.98362
4.22664
4.6162
3.96029
3.78799
4.08027
3.92009
4.63074
4.10926
3.88625
4.41379
4.05985
3.9077
3.93296
4.09814
4.66551
3.89856
4.2726
3.64743
4.65396
4.03014
3.77145
5.00441
3.91306
5.12524
3.91445
3.92366
4.48515
3.90918
3.7148
4.14786
4.03734
4.03808
4.30611
4.18608
3.82142
4.72131
3.98094
4.30974
4.06906
4.06819
4.47101
4.00098
4.24735
4.33088
3.9103
4.12879
4.12921
4.37253
4.14268
3.69337
3.8767
4.60941
4.25929
4.09329
3.96896
4.02822
4.01881
4.37311
4.18142
4.72927
4.04496
3.69132
4.20145
3.99799
4.8991
4.23392
4.10784
4.63219
4.00679
3.99238
4.48279
4.03442
4.01557
4.02709
4.27462
3.83404
3.89487
4.00413
4.07415
4.06197
4.142
4.03311
3.81989
4.32832
4.78046
4.51466
4.20308
4.32055
4.33699
4.03525
4.16551
4.45959
3.94823
3.69762
4.49204
4.4764
3.80794
4.28718
4.09372
4.65187
4.45649
4.22704
4.26314
4.23839
3.89109
3.89467
3.75143
3.88915
4.3841
4.3926
4.0422
4.33417
3.88829
3.92607
3.95906
4.3338
4.11442
3.95054
4.32329
4.62863
3.88401
5.11134
4.59872
3.93765
4.58252
3.94888
3.84647
4.07824
4.11299
3.84833
4.07762
4.32118
4.39271
4.22932
4.98812
4.408
4.17926
4.51371
3.84153
4.37053
4.86607
4.37969
4.37417
3.86633
4.05391
4.17577
4.0129
4.1025
4.56254
3.8371
4.55709
4.23399
4.19025
4.00218
4.04187
4.53603
4.59675
3.78293
4.20293
4.10056
4.37494
3.70327
4.14904
4.07845
4.55296
4.42452
3.88353
4.19006
4.0734
3.66634
4.05488
3.9716
4.62583
4.62288
4.00202
inf
4.07929
3.8987
3.97727
4.26027
4.24055
4.65881
3.77601
4.14083
5.09792
4.67518
4.37855
4.13534
5.16898
3.79714
4.17969
4.21025
5.13009
3.97881
4.13778
4.05044
3.65439
3.71079
5.17457
3.81014
3.89117
3.68858
3.63234
4.11574
4.22888
4.59272
3.94831
3.91027
4.14426
3.8206
4.09883
3.96193
4.20512
3.93605
3.7381
4.11327
3.65715
4.22747
4.46938
3.88093
4.15225
3.96645
3.95937
4.00441
3.84325
3.83853
4.0843
4.09052
4.16538
3.90626
3.81324
3.96606
4.50112
4.52921
4.01581
3.94864
4.10753
4.12839
4.2079
4.12887
4.38007
4.09614
4.45139
3.87243
4.06697
3.96722
4.01159
4.35992
4.20857
4.01807
4.02936
4.07632
4.21925
4.03645
4.21593
4.08309
3.97934
4.0327
4.23248
4.1715
4.0913
4.18199
4.06391
4.15378
4.19147
