4.61252
4.57535
4.50652
4.52405
4.56178
4.62162
4.31307
4.32835
4.46787
4.67863
4.32977
4.36363
4.31289
4.47514
4.58239
4.1989
4.41383
4.63339
4.56202
4.55575
4.32652
4.92916
4.26036
4.38019
4.69475
4.12502
4.62288
4.15719
4.18827
4.60343
4.05241
4.54277
4.53473
4.89827
4.36979
4.63827
5.33139
4.31691
4.63884
4.82261
4.10146
4.61113
4.26183
4.09043
3.89335
4.76242
4.56128
4.80745
5.16025
4.35797
4.51201
4.71653
4.50319
4.31345
4.16506
4.141
4.30993
3.79279
inf
4.29225
4.71454
4.29178
4.62434
4.10621
4.40522
4.09481
4.61651
5.06295
5.054
4.07623
5.01284
4.63148
4.61915
4.35165
4.38316
4.22586
4.65219
4.62641
4.31091
4.99492
4.18162
4.31747
4.35461
4.27282
4.53596
5.00002
3.99306
4.88615
inf
4.34482
4.9366
4.33212
3.88308
4.92119
4.00542
3.9897
inf
4.87094
4.58695
4.15642
4.33925
4.28775
4.12663
4.54693
4.89398
3.98328
4.58142
4.9749
4.13436
4.27143
4.02177
4.32351
4.52774
4.9948
4.13434
4.29817
4.59431
4.2945
4.13735
4.94566
4.29538
4.30909
4.3283
4.31114
5.06457
4.11151
4.31307
3.98581
4.93886
4.15049
3.99118
4.30867
4.12951
5.02692
4.56073
4.51459
4.1056
4.32647
4.94874
4.98995
inf
4.3245
4.20852
4.53573
4.98229
4.30458
4.06519
5.01651
4.6135
4.32421
4.36063
4.31431
4.17579
4.15407
3.97095
4.21526
4.56455
4.38011
4.61897
inf
4.22292
4.96435
4.092
4.24113
3.88272
4.37916
4.13883
4.4588
4.37923
4.26798
4.2787
4.01449
4.17708
4.15938
4.30179
4.45467
4.32665
4.2758
4.31894
4.16425
4.50729
4.33753
4.54353
4.01943
4.50946
4.70339
4.49951
4.28609
4.08225
4.27901
4.58751
4.60096
4.60471
4.14297
4.25102
4.47967
4.68766
4.98916
4.46954
5.05953
4.50104
4.64187
4.94668
4.95269
3.9347
4.22766
4.45325
4.63276
4.83193
4.01453
4.14691
4.53654
4.70706
4.22205
4.55935
3.94221
4.50525
4.02096
5.11982
4.01576
4.3166
3.67771
4.48134
4.06164
4.4652
4.305
4.72899
4.33881
3.86909
4.73026
5.00101
4.67205
4.05262
4.6612
4.00976
4.68396
4.24304
4.43701
5.0168
4.2359
4.19136
4.64489
4.37573
4.13406
4.1834
4.09121
4.35317
4.21817
4.6344
4.6335
4.62014
4.24983
4.91161
4.08751
4.99304
4.39428
4.17562
4.97951
4.35557
inf
4.06276
4.15701
4.63533
5.007
4.19322
3.80433
4.38615
4.07091
4.59377
4.21503
4.18816
4.63812
4.14347
4.2043
4.36364
4.32704
4.20816
4.39408
4.57565
4.29264
3.78823
4.17535
4.33959
inf
4.06144
4.39776
inf
4.64838
4.18017
4.18841
4.60347
4.22927
4.55922
4.60558
4.11099
4.39351
3.78325
4.69199
4.0073
4.40132
3.96468
4.39058
4.62825
3.76314
3.68462
4.59321
4.6035
4.24295
3.73402
5.10556
4.67236
4.27365
4.08301
4.24468
3.7825
4.70258
4.67323
4.25482
4.37574
inf
4.148
4.26129
3.87317
4.14972
4.67637
4.023
4.19721
3.9047
4.50462
4.6939
4.74063
4.78772
4.65441
4.34468
4.50491
4.78796
4.35741
4.02171
4.22541
4.49771
4.07007
4.13699
4.22479
4.56201
4.29445
4.10246
4.73394
4.85572
4.42433
4.21612
4.46052
4.78585
4.10264
4.47936
4.37726
4.45408
4.08036
4.3666
4.08931
4.22569
4.39965
4.01181
4.07242
4.06116
3.99838
4.05752
4.85054
4.10167
4.32998
4.15487
4.28711
4.51696
4.47669
4.71138
4.63717
4.23639
3.92813
4.31567
4.36048
4.11587
4.35627
4.16387
4.22708
4.38728
4.31426
4.36838
4.46362
4.33888
4.18478
4.10641
4.28962
4.11907
4.24609
4.19843
4.22765
4.17909
4.179
4.12794
4.17714
4.08831
