4.49352
4.56756
4.35407
4.37804
4.61292
4.36365
4.47244
4.26605
4.35916
4.32686
4.40764
4.28016
4.55035
4.45735
4.28642
4.64681
4.31643
4.17712
4.42065
4.4716
4.8984
4.35345
3.99133
4.25508
4.24365
4.09436
4.21528
4.3004
4.27744
4.24708
4.13124
4.29023
4.95133
4.5149
4.91367
4.50195
5.18084
4.57663
4.20324
3.9042
4.39594
4.24569
4.6088
4.14136
4.45756
4.30303
3.97566
4.19137
5.22396
5.16096
4.47094
4.03649
4.48851
4.7801
4.64978
4.45761
4.41028
4.25685
4.25905
inf
inf
4.39544
4.25784
4.19125
4.15999
3.96603
4.43851
inf
4.36815
4.63731
4.35575
4.35063
4.04729
4.00893
4.23585
4.32648
4.36811
4.53843
4.00043
4.34327
4.1322
inf
4.29152
4.53576
4.27707
4.23151
3.64882
4.5381
3.96529
3.78889
4.52368
4.31565
4.30115
3.92671
4.55681
4.31335
4.09965
4.55607
4.53139
4.2745
inf
4.25649
4.07542
4.08744
4.09528
4.26052
4.24106
4.56824
4.93749
inf
3.81922
4.05992
4.45129
4.25956
3.85891
4.46302
4.46276
4.44746
4.53363
4.52202
4.87164
4.46803
4.93478
4.22001
4.44643
4.47563
4.55146
4.94109
4.91284
4.21799
4.90003
4.07707
3.90507
4.84513
inf
4.48642
4.79963
4.25657
4.92411
4.50725
4.24029
4.82737
4.10472
4.47452
4.52867
4.08413
4.48147
3.90762
4.94226
4.25067
4.85241
4.2695
3.94778
5.0291
4.28148
inf
3.97532
4.91774
4.10287
4.12701
4.52061
4.30211
4.55338
3.79961
4.2858
4.28364
4.34532
4.28294
3.91841
inf
4.34696
4.93527
4.08514
4.14116
4.31487
4.53422
4.19506
4.65612
3.97877
4.18832
4.44764
4.10195
4.38803
4.21802
4.25803
4.65016
4.32307
4.32122
4.33301
4.30653
4.46891
4.51466
3.93481
4.78994
4.77937
4.61078
4.44804
4.65187
4.30658
4.33227
4.30435
4.13151
4.30631
3.87139
4.00182
4.2738
4.74077
4.52241
4.54346
4.49224
4.32095
4.72837
4.28047
4.04411
4.44321
4.68796
4.45856
4.24802
4.39441
3.85571
inf
4.10651
3.88158
4.09846
4.63436
5.04661
4.60099
4.60951
4.97562
5.02942
4.57997
4.55099
5.02149
inf
4.0786
4.35147
4.37032
4.14398
inf
4.32729
4.5991
4.3487
4.33446
5.01997
5.0167
4.02223
4.99796
4.57728
4.12776
3.81705
3.89261
4.95669
4.03047
4.31814
4.34078
5.01016
inf
4.98304
4.31901
4.56956
4.1496
4.84346
4.11423
4.00862
4.58124
4.33785
4.03398
3.89548
inf
3.80776
4.30729
4.1425
4.53898
4.0041
4.11577
4.1635
4.57097
4.12346
4.9413
4.97644
4.03708
4.567
4.01316
4.34823
4.60402
inf
4.3279
4.29347
4.31447
4.34589
4.55972
4.1617
4.14631
4.12473
3.71936
3.93043
4.99583
4.32994
4.15887
4.9748
4.05994
4.05876
4.63547
4.5431
4.21057
4.19864
4.03418
4.39503
4.20695
5.00489
3.87708
4.58915
4.37935
4.24575
4.62835
4.23932
4.39967
4.68024
4.22462
4.42986
3.92518
4.24691
4.26199
4.72733
4.02958
4.31637
4.32111
3.88588
4.69881
4.05539
4.71383
3.99031
5.18574
4.23797
inf
4.50212
4.00287
4.47342
4.12042
4.22515
4.8049
4.5578
3.98591
4.17669
5.23648
4.61307
4.44548
4.11841
4.62501
3.90022
4.47289
4.87034
4.27054
4.24184
4.67923
4.28943
3.99218
4.39076
4.41666
4.2175
4.59091
4.34115
4.15224
4.19859
4.30185
4.80684
4.84808
5.51642
4.14267
4.34239
4.75685
4.72489
4.21778
4.30905
4.3381
4.36881
4.19282
4.48556
4.30021
4.3601
4.39592
4.50527
4.49766
4.24322
4.4974
4.14624
4.22586
4.43948
4.40632
4.18519
4.23652
4.21038
4.19261
4.24282
4.19854
4.0944
4.13895
4.05208
4.11449
4.09019
