4.54111
4.46035
4.4422
4.61812
4.66503
4.78095
4.50496
4.49297
4.35022
4.60346
4.82647
4.67605
4.66606
4.67459
4.83042
4.88176
4.64984
4.5764
4.47922
4.55765
4.93518
4.3777
4.89868
4.74135
4.34978
4.12229
5.09041
4.62939
4.26654
4.76302
4.17549
4.08988
4.43903
4.96009
4.53434
4.2772
5.21575
4.50873
4.8363
4.30302
4.58936
4.29442
4.61076
4.32308
4.26273
4.76115
4.33684
4.54398
4.41922
4.19753
4.56078
4.73349
inf
inf
5.11531
4.49026
4.4771
5.19289
5.07463
4.43783
4.06991
4.42853
4.05459
5.03137
inf
4.71945
4.46692
inf
5.07394
4.66922
4.67055
4.43366
4.10844
4.38486
5.03411
4.41608
inf
4.9743
4.58979
3.87551
4.60625
5.04406
4.34025
4.34209
5.01715
5.08618
inf
5.08339
inf
4.98878
4.58724
inf
5.0263
4.17747
inf
4.59489
4.29788
5.03482
5.01832
3.94316
3.93354
5.0212
5.00635
4.57241
5.04557
4.02471
4.32092
4.55148
4.35456
4.05902
4.92387
4.59752
inf
4.58399
inf
4.57986
4.99506
4.19713
4.02456
4.34223
4.57746
4.95336
4.16805
4.6045
4.34503
5.01219
4.30802
4.15822
4.05753
inf
4.60948
4.93324
4.99339
4.60909
4.95314
inf
4.56794
5.03637
4.66513
4.57736
4.59761
5.00966
5.01903
inf
5.03584
inf
4.33094
3.93493
4.35825
4.65374
4.64412
4.215
4.63789
4.61551
4.62146
5.10714
5.07185
4.10842
inf
4.40407
inf
4.40814
4.41588
4.66456
4.04187
4.69509
4.24128
4.03923
4.67569
4.69111
inf
4.67682
4.16749
4.4556
5.13853
4.2488
4.6942
4.51248
inf
4.20447
4.75332
4.70983
4.77471
4.21254
4.75982
5.25449
4.3466
4.56185
4.42066
4.53623
4.40249
5.25804
4.32351
4.65075
4.61245
4.71344
4.55179
5.00826
4.48791
5.16242
4.72566
5.037
4.3657
4.67251
4.40752
4.71176
4.4696
4.41509
5.30551
4.88513
4.83586
4.4247
4.38652
4.5622
4.26549
5.21679
4.24058
4.54786
5.14393
4.72422
inf
4.74365
4.47815
4.31545
5.13261
4.7263
4.29602
4.70311
4.70763
5.12034
inf
4.2819
4.24445
5.07639
inf
4.74329
4.65015
4.23934
4.61069
4.6561
5.12679
4.63908
4.09016
4.40771
3.97608
4.9629
4.33939
4.22715
inf
4.63176
4.24653
4.34723
4.15895
5.03925
4.06153
4.04611
4.30564
5.03853
4.36586
5.05552
4.19324
4.61127
4.582
4.35069
4.01087
4.50237
4.34416
4.58103
inf
inf
3.85044
4.28413
4.158
inf
4.6008
4.94113
inf
4.32465
4.52974
4.53457
4.01389
4.29699
3.92959
4.95632
4.13367
inf
3.81689
4.54747
4.15715
3.91688
4.92265
4.34966
4.58699
4.30041
4.16833
4.90421
4.99539
inf
4.62083
4.99092
4.59449
4.524
4.15547
4.37653
4.19762
4.5381
4.89834
5.03912
4.62711
4.38383
4.65814
4.20651
4.5985
inf
5.06356
4.29138
3.95536
4.40207
4.60849
4.09219
4.36564
4.40244
4.62274
5.00137
4.37502
inf
4.63089
5.04286
4.63691
4.66689
5.07105
5.06235
4.23052
4.46041
5.10753
4.4595
inf
4.43753
4.4545
4.71402
inf
4.49321
5.15851
4.46442
5.13933
4.75445
4.50828
4.53739
4.3435
4.531
4.12135
4.56119
4.57071
4.07042
4.88685
4.84245
4.44348
4.44951
4.54942
4.46098
4.6294
4.23709
4.4566
4.64554
4.40575
4.93349
4.22421
4.57794
4.27473
5.01397
4.53252
4.61547
4.39808
5.05638
4.6473
4.76326
4.59187
4.20166
4.62401
4.65547
4.50951
5.05434
4.67913
4.57241
4.49721
4.53526
4.57744
4.37412
4.7309
4.6105
4.69494
4.39718
4.56643
4.62232
4.40977
4.45342
4.60493
4.55698
4.43115
4.27904
