4.473
4.43247
4.55849
4.48264
4.44379
4.72336
4.39554
4.6696
4.43841
4.22443
4.39393
4.26262
4.38025
4.249
4.01514
4.44798
4.09269
4.55829
4.69943
4.8548
4.28197
4.25068
4.74504
4.38453
4.20981
4.55738
4.25596
4.4842
4.31377
5.03516
4.56808
4.42416
4.30917
4.20108
4.72912
4.197
4.81096
4.89272
4.348
4.72758
4.30303
4.33553
4.22251
4.84777
4.53652
4.61404
5.24516
4.07836
4.76205
4.02355
4.44352
3.95738
4.56839
4.37676
4.20267
4.52955
4.18871
4.30624
4.70695
4.43814
4.97427
4.04498
5.1911
4.15599
4.22637
4.41715
3.81491
4.62434
5.10698
4.36186
4.26717
4.12271
4.38583
3.92389
4.26679
4.35785
4.69468
inf
4.24148
5.00151
4.05454
4.52758
3.91524
4.05602
inf
5.11107
4.14814
4.59458
4.96271
4.30787
4.98067
4.61504
4.25516
4.19195
4.93166
4.10288
3.64443
4.00961
4.01341
4.96282
4.94577
3.90836
5.00493
3.996
3.93921
4.21209
4.64039
5.0159
4.04762
4.06145
4.02067
5.07739
3.87969
4.31045
4.35608
4.05613
3.82565
4.1597
4.91604
3.62449
4.62797
4.13338
4.12678
4.34213
4.13874
5.03531
4.99663
3.98319
4.03973
4.53631
4.54626
4.58391
3.92539
inf
4.91133
4.61698
4.50328
3.93123
4.54179
4.36267
3.95892
4.04087
4.90995
4.31545
4.34068
4.07101
4.5129
5.0143
4.16639
4.0422
4.2988
3.9547
4.36942
4.97384
4.58445
3.96085
4.38914
5.02563
4.99978
4.65347
4.34677
4.18428
3.94805
inf
4.3884
4.08852
5.02934
4.273
4.22921
4.06235
4.74364
5.02935
4.36609
4.70852
4.68784
4.05142
4.44547
3.65287
4.11637
4.50363
4.7656
4.25973
4.75953
4.18544
4.70947
4.81094
4.18378
4.20751
5.18188
3.95598
5.16269
4.15185
5.22499
5.25878
4.03358
4.04614
4.41162
4.21795
4.48785
3.94311
4.5816
4.46562
4.24093
3.89131
3.96105
4.47017
4.60834
4.62306
4.62598
4.56625
4.0579
4.55964
4.53461
4.34178
4.301
4.29925
4.32734
5.17284
4.47496
4.18522
4.71049
4.4622
4.64745
inf
4.67936
4.71326
4.70926
3.90576
4.44372
4.68819
4.40425
5.06873
4.10466
4.38447
inf
4.60259
5.0264
4.19415
inf
4.39163
4.32624
4.18732
4.85209
4.57145
4.15582
4.34323
4.59614
4.05785
4.99214
4.95663
4.62804
4.18249
4.53583
4.15079
4.16164
5.06409
4.17271
4.13227
4.14375
4.00291
4.11736
4.90193
4.24162
4.30061
4.5129
4.04624
3.91843
5.07807
4.37445
4.93542
4.55485
4.57397
4.29617
3.99155
4.10881
4.02539
4.59508
4.14121
4.16539
4.17304
3.93816
4.54994
4.31239
4.98536
4.04233
4.03073
4.02233
4.13259
4.19332
5.07543
4.61351
4.15861
4.31569
4.13559
3.89343
4.03307
4.30095
4.55351
4.31686
5.02958
4.13698
3.93314
3.96264
4.99503
4.35789
4.2984
4.20177
4.06377
3.94558
4.15781
4.36478
5.07596
4.21034
4.37217
4.37234
4.0561
4.38494
4.62863
4.18417
4.25836
4.35589
4.63559
4.64347
4.1079
4.08985
4.42339
5.09836
4.02698
4.45128
4.42795
4.10466
4.13469
4.47849
4.73598
4.24899
4.70554
4.22208
3.96547
4.49486
4.47306
4.06922
4.49861
4.53124
3.99842
4.76553
4.51058
4.03959
4.54405
4.5251
4.81571
4.37189
4.51798
4.63159
4.09616
4.20132
4.17891
3.92306
4.63877
4.22995
4.47612
4.66351
4.01196
3.97964
4.5018
4.32566
4.20637
4.28183
4.14623
4.45706
4.23153
4.21298
4.66768
4.08811
4.15312
4.29644
4.33083
4.59082
4.40801
4.03177
4.32352
4.35433
4.20662
4.43011
4.81555
4.55879
4.67676
4.25782
4.33411
4.58092
4.18499
4.51083
4.44564
4.55557
4.3918
4.48656
4.44919
4.65697
4.50482
4.46069
4.33804
