4.39583
4.56929
4.50771
4.69265
4.36597
4.52658
4.43967
4.70231
4.70116
4.71157
4.62066
4.42334
4.5384
4.49849
4.67059
4.53451
4.88628
4.58947
4.97514
5.1423
4.47425
4.44864
4.70883
4.23103
4.84678
4.3774
4.58042
4.46929
4.71501
inf
4.39833
4.3369
4.9366
4.49149
5.28438
5.24878
4.24313
4.68046
4.26189
5.29562
4.58408
4.60361
4.60226
4.38293
4.24892
4.33876
4.32207
5.06539
4.35634
inf
4.74459
4.30524
5.06433
inf
4.01201
4.32384
5.16268
4.68409
4.27405
4.14551
4.61322
4.67665
4.33087
5.08437
3.88077
4.17986
4.90861
4.64905
4.07835
4.38098
4.65486
4.6898
4.54287
4.19403
4.32166
3.94892
4.00758
4.32794
5.00572
3.87405
4.05437
inf
4.03967
4.12046
4.62615
4.31943
4.38755
4.34152
4.62132
4.1086
4.53658
4.53413
4.28252
4.86312
4.97281
4.62326
4.23312
4.32099
4.37677
4.60209
3.7439
4.53847
4.95684
4.06151
4.59559
4.89156
inf
3.96163
4.83135
4.87896
4.52266
inf
4.12574
4.48195
4.26088
4.85964
4.57732
4.90473
inf
4.89194
4.93448
4.26541
inf
4.49924
4.29945
4.08844
4.90996
4.97315
4.8124
4.07682
inf
4.27545
4.11589
3.8785
4.84785
4.12291
4.56376
4.10575
inf
4.46757
4.5541
4.13213
4.54761
4.23755
4.33038
3.86335
3.99656
4.42651
4.2253
4.13171
4.88183
4.61919
4.84451
4.97894
4.24448
4.1151
4.49671
4.55281
4.56475
4.10591
4.94891
4.21709
4.10615
4.13466
inf
4.27058
inf
4.38622
4.93513
5.08817
4.31563
4.37974
4.21377
4.40719
4.08174
4.22058
4.66632
4.65424
5.1031
4.09635
4.67895
3.92634
4.24728
4.30364
5.14236
4.77306
4.46079
inf
4.32977
4.34171
4.73042
4.30261
inf
4.00033
4.56336
4.2526
4.83922
inf
4.5457
4.7846
4.86114
4.70672
4.95634
4.35067
4.59335
4.58139
4.8148
4.73722
4.73608
4.32708
5.11554
4.48408
4.70125
3.87102
4.52468
5.09292
4.39365
4.43346
5.08228
5.16679
4.69549
3.9781
4.26701
4.40578
4.59681
4.62584
4.38863
4.3561
4.38142
4.59615
4.65209
4.64555
4.61526
4.33443
4.97038
4.39864
5.04216
3.84386
5.02897
4.32667
4.53005
4.29949
4.54433
4.88192
4.28284
inf
4.34198
4.80531
4.00711
4.14445
3.88032
inf
inf
4.91994
4.01914
4.30583
4.28989
4.56672
4.29752
4.54187
inf
4.24778
4.89661
4.60235
inf
inf
4.22251
4.32839
4.9039
inf
4.45083
inf
inf
4.50174
4.44647
4.88788
4.1335
4.87189
4.50161
inf
4.11927
4.26495
4.45788
4.58306
4.95498
4.51091
4.47259
4.53685
5.00281
4.91208
inf
4.10021
4.92157
4.49847
4.50251
3.98742
4.2743
4.07922
4.88184
4.49013
3.97708
4.47178
3.86392
4.32153
4.04946
4.5136
4.17363
5.01524
inf
4.32487
4.38452
4.21335
4.90402
4.2575
4.55451
4.3356
4.31535
4.18084
5.02191
4.58999
4.92209
4.53016
4.39783
inf
inf
inf
4.3986
4.66052
inf
4.6184
4.12179
4.67099
inf
5.0618
4.74368
4.66699
inf
4.4613
4.70815
4.29572
4.77387
4.1988
4.14775
4.50777
4.46744
4.01426
5.14595
4.2226
4.79364
4.05579
4.78629
4.61059
4.60674
4.84458
4.89356
5.28381
4.85199
4.48745
4.65392
4.3198
4.83178
4.50932
5.38223
4.68853
4.90363
inf
5.01143
4.58344
4.29179
5.07079
4.84493
4.67921
inf
4.52886
4.33427
4.53919
4.33459
4.53453
4.56635
4.57834
5.00529
4.6176
4.5486
4.49362
4.97539
4.85617
4.35421
4.66856
4.74174
4.25073
4.53653
4.41111
4.82811
4.52545
4.46589
4.44611
4.49355
4.52986
4.42446
4.54845
