3.62074
3.59696
3.47057
3.54051
3.5113
3.42962
3.41472
3.43981
3.49929
3.43334
3.45147
3.41791
3.43613
3.47772
3.4315
3.42738
3.52659
3.39076
3.48846
3.4115
3.41129
3.37419
3.41291
3.43979
3.40009
3.33814
3.41267
3.49041
3.40386
3.34389
3.39475
3.35382
3.56934
3.41842
3.34145
3.47759
3.43964
3.40476
3.41455
3.28738
3.49294
3.33375
3.41076
3.5488
3.4307
3.35201
3.3224
3.63
3.43355
3.34681
3.37583
3.44569
3.24476
3.37491
3.43596
3.38719
3.46742
3.43985
3.50853
3.4318
3.31784
3.62055
3.49658
3.3497
3.31923
3.6115
3.54076
3.53972
3.4732
3.48838
3.3311
3.39263
3.43719
3.27453
3.25671
3.62136
3.6247
3.51287
3.22586
3.38386
3.4221
3.37212
3.55462
3.32524
3.57111
3.41763
3.40151
3.29733
3.31414
3.56819
3.38157
3.49419
3.28452
3.45897
3.31419
3.37992
3.28078
3.51115
3.35079
3.19422
3.59484
3.35367
3.41754
3.29867
3.4957
3.34308
3.35827
3.29184
3.39567
3.49456
3.46297
3.4269
3.28858
3.23557
3.4047
3.46852
3.48899
3.38583
3.40296
3.47982
3.58369
3.63966
3.3358
3.38436
3.52305
3.54079
3.3513
3.38091
3.3528
3.2283
3.37228
3.31134
3.41647
3.4663
3.50597
3.47
3.38892
3.73208
3.25796
3.49732
3.20849
3.2647
3.30794
3.29934
3.35422
3.43781
3.38204
3.53868
3.23092
3.36859
3.50077
3.49919
3.28491
3.33959
3.46089
3.37878
3.34037
3.27552
3.51221
3.18909
3.12361
3.55
3.31838
3.09554
3.39656
3.42579
3.55
3.29167
3.23561
3.40121
3.48945
3.22366
3.24543
3.4513
3.30628
3.48326
3.45136
3.28121
3.34401
3.67721
3.30839
3.31939
3.32202
3.50237
3.43957
3.63902
3.3412
3.50279
3.20127
3.2449
3.55154
3.51722
3.44636
3.37496
3.32964
3.3551
3.53819
3.42041
3.26969
3.38664
3.19015
3.36718
3.57004
3.29696
3.31697
3.65329
3.39079
3.42646
3.35955
3.7342
3.54025
3.32632
3.20542
3.36623
3.2413
3.28478
3.26596
3.29977
3.57804
3.28379
3.56017
3.22774
3.23412
3.43649
3.42601
3.27137
3.50895
3.41168
3.50848
3.33417
3.494
3.56028
3.55439
3.38241
3.40469
3.56093
3.45963
3.53315
3.24968
3.33774
3.21736
3.17877
3.71012
3.55354
3.41577
3.23848
3.32239
3.24268
3.27677
3.59918
3.31643
3.23641
3.4155
3.36592
3.4045
3.25783
3.31301
3.44075
3.57673
3.18815
3.13853
3.64501
3.233
3.20002
3.19006
3.12637
3.28434
3.21232
3.44966
3.65915
3.25627
3.17507
3.3713
3.54498
3.24293
3.60319
3.33664
3.28923
3.24246
3.20088
3.57389
3.23092
3.21048
3.37925
3.21639
3.53135
3.63525
3.14707
3.23636
3.19064
3.37731
3.33756
3.37745
3.26055
3.08225
3.53788
3.2589
3.17593
3.26403
3.42445
3.11648
3.34531
3.67219
3.39327
3.32713
3.42342
3.26106
3.32247
3.36066
3.19775
3.75604
3.62456
3.32429
3.42314
3.4345
3.27901
3.26262
3.40216
3.39422
3.49027
3.31708
3.52037
3.4063
3.40879
3.43664
3.30257
3.68485
3.25651
3.22861
3.51507
3.57754
3.08155
3.45603
3.23391
3.46722
3.25218
3.35208
3.17688
3.41203
3.28994
3.27154
3.56462
3.34235
3.39235
3.10301
3.43401
3.283
3.3782
3.30155
3.11331
3.29169
3.42601
3.37103
3.23946
3.17471
3.3305
3.13496
3.1695
3.18466
3.37171
3.58398
3.42392
3.46422
3.34128
3.24787
3.33046
3.31048
3.20676
3.27225
3.38621
3.61455
3.2518
3.14535
3.27971
3.3157
3.41237
3.27912
3.27007
3.12418
3.30218
3.12863
3.28148
3.29842
3.2551
3.45089
3.13967
3.21628
3.27109
3.29941
3.27216
3.02544
3.13242
3.19564
3.2239
3.11472
3.1889
3.28374
3.19805
3.223
3.22764
