3.40269
3.50293
3.55438
3.53785
3.56042
3.64409
3.55395
3.5781
3.56841
3.48186
3.6358
3.53552
3.70743
3.65848
3.56739
3.51539
3.59154
3.63067
3.55156
3.6999
3.74354
3.6838
3.63292
3.55541
3.55431
3.61709
3.53791
3.6296
3.59051
3.44333
3.67314
3.69035
3.59009
3.43692
3.56347
3.82862
3.58475
3.60295
3.60229
3.33248
3.70523
3.54786
3.62468
3.50116
3.5073
3.88183
3.54426
3.53003
3.77213
3.65005
3.5592
3.37644
3.66729
3.55702
3.66028
3.6284
3.58293
3.60337
3.58322
3.60348
3.64657
3.5907
3.47958
3.40802
3.55921
3.50027
3.57664
3.47374
3.5882
3.60695
3.46523
3.62615
3.94587
3.57887
3.40032
3.62873
3.70197
3.53917
3.49211
3.43505
3.48147
3.4489
3.48788
3.56247
4.10537
3.75055
3.64714
3.64871
3.64516
3.70265
3.70415
3.47919
3.64894
3.51399
3.5923
3.44857
3.43055
3.82209
3.78859
3.65683
3.5941
3.77813
3.49804
3.33932
3.5209
3.80122
3.59073
3.49349
3.55601
3.47284
3.55094
3.76105
3.67324
3.72753
3.71661
3.55578
3.51383
3.63752
3.59787
3.61379
3.32493
3.66959
3.74937
3.81234
3.49533
3.5582
3.83919
3.62325
3.4069
3.59465
3.94219
3.63765
3.74597
3.57368
3.68752
3.60445
3.6915
3.71409
3.74408
3.33484
3.54459
3.51999
3.46628
3.48132
3.54314
3.51291
3.77626
3.57213
3.60577
3.34248
3.4942
3.43913
3.33741
3.71332
3.47006
3.5362
3.60215
3.44771
3.54832
3.68874
3.55413
3.5172
3.35996
3.34263
3.57917
3.6384
3.47605
3.50505
3.46478
3.70923
3.28223
3.51409
3.42417
3.65213
3.11834
3.60946
3.51773
3.42355
3.4789
3.65874
3.50235
3.40105
3.50061
3.36086
3.94475
3.53607
3.56703
3.37899
3.52408
3.39253
3.5767
3.72481
3.78403
3.49791
3.50444
3.27978
3.43305
3.43471
3.59257
3.47933
3.5915
3.4616
3.34128
3.29078
3.59089
3.58769
3.3319
3.35667
3.48871
3.41683
3.44406
3.40321
3.5935
3.35147
3.70712
3.96013
3.66029
3.28016
3.3457
3.31318
3.23099
3.50981
3.43368
3.52915
3.34279
3.55029
3.42572
3.34787
3.52929
3.54941
3.49667
3.66486
3.74926
3.75376
3.32045
3.45436
3.53042
3.67266
3.91918
3.35252
3.33233
3.54963
3.40082
3.38025
3.74531
3.76879
3.6859
3.86629
3.41068
3.39811
3.60987
3.75736
4.02144
3.35797
3.58125
3.59547
3.42962
3.22067
3.45421
3.33318
3.68418
4.07461
3.31528
3.45852
3.77491
3.44379
3.68824
3.60752
3.42665
3.50535
3.44352
3.2595
3.4114
3.70661
3.29829
3.6346
3.46928
3.49106
3.47935
3.35952
3.53804
3.66023
3.39236
3.85751
3.39273
3.17807
3.28048
3.28557
3.6893
3.73117
3.67005
3.63236
3.58563
3.35498
3.60061
3.38154
3.25162
3.88737
3.12656
3.23268
3.43033
3.42344
3.7376
3.45524
3.50608
3.87165
3.65167
3.28785
3.14561
3.53381
3.29442
3.56244
3.81417
3.52562
3.39535
3.52005
3.412
3.3502
3.43224
3.88233
3.30804
3.65011
3.41902
3.76368
3.52154
3.47733
3.23005
3.52092
3.43701
3.70309
3.69104
3.26087
3.33101
3.26722
3.29
3.49435
3.25605
3.41782
3.20637
3.2669
3.48126
3.28213
3.32708
3.29361
3.40126
3.79632
3.29671
3.43723
3.25351
3.23739
3.30606
3.28553
3.21083
3.11957
3.46189
3.36914
3.33686
3.07052
3.53347
3.27529
3.57401
3.26099
3.34848
3.50122
3.18568
3.47128
3.27926
3.31088
3.35898
3.54256
3.355
3.43787
3.32619
3.39544
3.72066
3.32178
3.40904
3.2376
3.55803
3.41851
3.05645
3.31231
3.42096
3.45647
3.45116
3.26611
3.42307
3.41716
3.48954
3.39362
3.40207
3.35227
3.42972
3.20884
3.61096
3.38212
3.28527
3.26366
3.27884
3.49482
