3.80849
3.67983
3.62323
3.50207
3.5044
3.4682
3.33653
3.37408
3.36223
3.31344
3.31879
3.21655
3.28738
3.25061
3.29289
3.30741
3.2806
3.34465
3.24958
3.27413
3.20571
3.22708
3.09773
3.22087
3.16375
3.16828
3.17628
3.3431
3.23206
3.26433
3.14399
3.19164
3.31794
3.26137
3.16984
3.09306
3.25103
3.30519
3.15015
3.4136
3.33925
3.21794
3.37362
3.19061
3.26312
3.12049
3.21673
3.34215
3.21311
3.22248
3.20833
3.1378
3.22556
3.33839
3.22674
3.24589
3.32058
3.34189
3.19764
3.22169
3.0036
3.29569
3.09137
3.19388
3.14952
3.16665
3.41065
3.08723
3.34713
3.22282
3.26489
3.48813
3.17219
3.22114
3.27131
3.38926
3.186
3.3238
3.12506
3.27594
3.40415
3.25874
3.16302
3.25631
3.23207
3.25623
3.2149
3.35095
3.40786
3.27376
3.23358
3.25182
3.146
3.21419
3.43013
3.25211
3.39059
3.25077
3.28958
3.18937
3.20104
3.31737
3.22081
3.47715
3.29622
3.63948
3.29192
3.23254
3.18303
3.52313
3.36256
3.24028
3.13777
3.53304
3.26576
3.25289
3.34813
3.48913
3.40804
3.13372
3.34256
3.16305
3.2028
3.5717
3.1834
3.30243
3.40175
3.48912
3.27487
3.4609
3.3438
3.30776
3.38734
3.32846
3.1909
3.25468
3.20137
3.3809
3.22812
3.4044
3.31345
3.33983
3.27426
3.23434
3.29081
3.275
3.38516
3.23838
3.24388
3.32509
3.3484
3.24939
3.22478
3.26413
3.18984
3.44585
3.23557
3.43305
3.31981
3.04646
3.24987
3.284
3.26378
3.25749
3.24932
3.21134
3.33026
3.42297
3.08114
3.30752
3.17655
3.19996
3.22428
3.20335
3.21098
3.1005
3.46242
3.25207
3.31877
3.29863
3.23172
3.15731
3.20373
3.39254
3.24309
3.15726
3.40384
3.36739
3.13411
3.19288
3.36437
3.1888
3.06828
3.31569
3.31505
3.11654
3.2355
3.10995
3.2453
3.10755
3.13294
3.16066
3.18924
3.26764
3.4108
3.17726
3.33495
3.24807
3.3404
3.19233
3.08754
3.26657
3.45844
3.20853
3.25324
3.18323
3.21627
3.26518
3.28132
3.59034
3.18083
3.17547
3.09844
3.08171
3.3363
3.20005
3.34543
3.2519
3.37275
3.19596
3.20643
3.31105
3.45739
3.45166
3.24843
3.0921
3.0864
3.24612
3.49313
2.98861
3.23028
3.33435
3.27146
3.28766
3.21986
3.46706
3.33345
3.14152
3.40907
3.10455
3.10591
3.44177
3.5724
3.10458
3.23092
3.20872
3.13569
3.11986
3.33261
3.20622
3.14525
3.0157
3.12129
3.25207
3.1484
3.21961
3.09335
3.46327
3.09842
3.21299
3.04021
3.36927
3.23298
3.27922
3.2546
3.09825
3.83578
3.18517
3.43677
3.09583
3.24502
3.24535
3.16963
3.38319
3.20922
3.34112
3.34672
3.25085
3.22215
3.12069
3.3308
3.09075
3.10683
3.23242
3.38953
3.18827
3.0365
3.08056
3.23211
3.25402
3.31917
3.10256
3.32555
3.15787
3.21566
3.29602
3.47796
3.19673
3.24454
3.29609
3.23992
3.53082
3.37893
3.54523
3.14634
3.27596
3.44202
3.43165
3.10082
3.17493
3.71424
3.29418
3.12365
3.20588
3.207
3.38853
3.26201
3.1389
3.25985
3.20282
3.35232
3.09253
3.28388
3.25887
3.09876
3.10146
3.2044
3.12304
3.49538
3.27555
3.41487
3.18206
3.20058
3.3152
3.14764
3.09015
3.39638
3.31743
3.39046
3.2702
3.32617
3.21213
3.31997
3.33303
3.12669
3.3223
3.21974
3.62324
3.21231
3.22163
3.28785
3.21842
3.31604
3.27196
3.39452
3.47452
3.5098
3.35678
3.2268
3.49713
3.38253
3.04872
3.32551
3.1751
3.30261
3.36342
3.50147
3.30962
3.29294
3.22744
3.28192
3.30165
3.1249
3.43079
3.36879
3.23451
3.22169
3.05908
3.33132
3.48245
4.01936
3.31863
3.51248
3.2671
3.29981
3.39999
3.23677
3.23007
3.3321
3.25524
