3.55809
3.53597
3.47467
3.53563
3.51987
3.44402
3.38806
3.48361
3.41937
3.45079
3.36739
3.35422
3.35773
3.53432
3.38369
3.46044
3.41079
3.49998
3.4408
3.5228
3.57722
3.39292
3.39893
3.39078
3.49073
3.4944
3.4656
3.45971
3.40088
3.52345
3.32089
3.37698
3.30472
3.42879
3.31776
3.25618
3.4257
3.40133
3.29807
3.46004
3.36502
3.4703
3.34002
3.48831
3.49712
3.32791
3.39394
3.31844
3.28459
3.21771
3.28961
3.35745
3.46423
3.42491
3.27883
3.21609
3.47365
3.54663
3.45407
3.69097
3.18394
3.26478
3.28375
3.31788
3.4992
3.37389
3.3254
3.35854
3.44163
3.31975
3.39584
3.4114
3.31965
3.14208
3.23851
3.27593
3.44016
3.4525
3.26714
3.50432
3.31996
3.41461
3.38828
3.49355
3.40885
3.60926
3.39322
3.50648
3.39433
3.50871
3.46296
3.24203
3.41716
3.36516
3.34225
3.41352
3.36584
3.41032
3.70775
3.34129
3.28544
3.34459
3.36673
3.49967
3.45777
3.3308
3.44303
3.39778
3.42888
3.56459
3.31884
3.3743
3.51457
3.49231
3.31773
3.43049
3.54997
3.36646
3.49782
3.42553
3.53481
3.33882
3.55881
3.40883
3.39494
3.37222
3.66517
3.48913
3.31082
3.17949
3.25485
3.39513
3.24214
3.35913
3.46002
3.47623
3.43571
3.79408
3.41883
3.57074
3.41852
3.31745
3.44605
3.5642
3.50173
3.22977
3.46885
3.74712
3.26747
3.52742
3.35857
3.46253
3.2856
3.39937
3.42335
3.32127
3.51528
3.32593
3.40002
3.56332
3.20954
3.58341
3.19134
3.333
3.34831
3.24403
3.43821
3.65857
3.08978
3.34446
3.29869
3.52809
3.51406
3.21333
3.41117
3.33026
3.27794
3.51381
3.3289
3.57751
3.42071
3.32797
3.4101
3.32476
3.57171
3.43895
3.5321
3.22345
3.49164
3.28774
3.37605
3.26722
3.40839
3.65353
3.28357
3.42921
3.5698
3.33322
3.33965
3.58923
3.37912
3.38351
3.2921
3.3189
3.48005
3.30051
3.35989
3.19573
3.50994
3.45448
3.2043
3.37721
3.30716
3.46032
3.55804
3.55759
3.47027
3.39209
3.5716
3.31948
3.43045
3.46477
3.31004
3.54305
3.5593
3.25158
3.47733
3.76447
3.26333
3.38498
3.44359
3.4627
3.41704
3.43265
3.964
3.39313
3.38546
3.29135
3.45375
3.1828
3.23842
3.5136
3.53966
3.28031
3.66926
3.37408
3.73122
3.32538
3.13359
3.42187
3.62707
3.44863
3.29884
3.57509
3.50651
3.35601
3.27297
3.5187
3.24782
3.51396
3.25433
3.26095
3.12638
3.30303
3.37181
3.3227
3.29555
3.18195
3.33884
3.5113
3.65111
3.53002
3.27595
3.40877
3.57091
3.53817
3.39775
3.53127
3.1727
3.52913
3.5519
3.38014
3.32608
3.17955
3.40837
3.41934
3.25151
3.562
3.47854
3.09002
3.12665
3.55549
3.38182
3.39601
3.04772
3.55637
3.46268
3.46818
3.1965
3.35892
3.61872
3.45542
3.26916
3.41722
3.40977
3.51004
3.21866
3.2558
3.41258
3.29124
3.39667
3.23066
3.49167
3.28629
3.13334
3.7013
3.3397
3.62017
3.17402
3.58204
3.50956
3.28031
3.56984
3.26514
3.5308
3.23803
3.19095
3.02802
3.35768
3.11592
3.32069
3.52254
3.24101
3.24405
3.29791
3.91636
3.07471
3.50842
3.25986
3.19048
3.58907
3.37554
3.05492
3.32942
3.38402
3.35501
3.0644
3.82873
3.56881
3.79889
3.2434
3.50536
3.51575
3.5189
3.6013
3.38899
3.75028
3.39861
3.23232
3.30724
3.48652
3.58883
3.69657
3.23009
3.47632
3.5326
3.54151
3.10302
3.41016
3.52614
3.50478
3.63863
3.37186
3.43964
3.20202
3.61384
3.4717
3.248
3.60888
3.58457
3.54194
3.7873
3.44726
3.37736
3.38774
3.45076
3.55131
3.32108
3.24738
3.45422
3.36023
3.32273
3.64789
3.58903
3.53399
3.61817
3.42895
3.47703
3.42822
3.27134
