3.39374
3.42552
3.4246
3.48596
3.48842
3.53265
3.5383
3.61862
3.56996
3.53399
3.52336
3.52672
3.55396
3.48691
3.50279
3.53403
3.66462
3.57599
3.55337
3.87739
3.59807
3.54
3.46047
3.4444
3.6496
3.62828
3.69091
3.48256
3.56368
3.45226
3.45278
3.60375
3.51939
3.48631
3.59105
3.51728
3.79034
3.44621
3.53073
3.52164
3.61862
3.66666
3.55773
3.60984
3.4829
3.5809
3.59383
3.63249
3.78046
3.67199
3.62064
3.39896
3.39673
3.66158
3.43974
3.64075
3.47006
3.45787
3.5814
3.59281
3.56787
3.90219
3.60157
3.5221
3.49358
3.59521
3.48764
3.57092
3.75133
3.69952
3.61687
3.67889
3.64422
3.61571
3.76528
3.56742
3.39798
3.40687
3.77107
3.68405
3.47485
3.5794
3.92363
3.58497
3.49131
3.53649
3.56001
3.68125
3.78557
3.53416
3.43315
3.49305
3.99618
3.68227
3.47033
3.74522
3.83072
3.66013
3.95856
3.52575
3.65062
3.67447
3.41097
3.64952
3.48517
3.59463
3.59417
3.58448
3.72878
3.56748
3.42373
3.38122
3.6052
3.58238
3.75389
4.00855
3.60245
3.73505
3.47409
3.60019
3.3658
3.78433
3.59768
3.55105
3.69505
3.32227
3.69935
3.69703
3.50047
3.58382
3.66995
3.85521
3.54552
3.67114
3.53492
3.46104
3.4615
3.74252
3.50768
3.61518
3.65573
3.79745
3.33845
3.55973
3.66386
3.57107
3.57277
3.51991
3.57949
3.54959
3.64079
3.42013
3.50044
3.58231
3.32755
3.4511
3.48424
3.79165
3.62541
3.56141
3.64894
3.63292
3.65496
3.82415
3.58088
3.61203
3.61391
3.85845
3.4031
3.53713
3.55822
3.49149
3.47959
3.53839
3.57534
3.74949
3.50885
3.65309
3.54009
3.52645
3.54553
3.52128
3.52026
3.60306
3.70127
3.62965
3.56181
3.70792
3.43677
3.63604
3.97815
3.5978
3.62053
3.74188
3.49093
3.7616
3.51224
3.56898
3.62354
3.52686
3.53018
3.54947
3.47741
3.44893
3.8428
3.53499
3.60893
3.55192
3.68632
3.42616
3.59848
3.46059
3.53137
3.66873
3.55268
3.69068
3.75804
3.69054
3.50919
3.66159
3.92161
3.75826
3.71683
3.96683
3.2817
3.68336
3.68414
3.35459
3.50955
3.46019
3.77931
3.42505
3.40138
3.75382
3.41459
3.81244
3.69103
3.47091
3.46137
3.52034
3.57599
3.76038
3.72273
3.44498
3.47893
3.69294
3.5618
3.35305
3.50911
3.48167
3.44419
3.68407
3.44805
3.87781
3.75001
3.38633
3.48996
3.92494
3.41956
3.47676
3.54219
4.40495
3.16505
3.02615
3.3367
3.32317
3.92309
3.58519
3.82097
3.34702
3.57487
3.63988
4.1741
3.58127
3.38492
3.19306
3.54541
3.37539
3.61286
4.03413
3.48726
3.50951
3.8047
3.28685
3.18044
3.79967
3.51517
3.38805
3.37126
3.3285
3.40857
3.50174
3.52117
3.77883
3.64784
4.13386
3.34952
3.46416
3.52397
3.42316
3.28533
3.58961
3.1148
3.64298
3.38365
3.738
3.42221
3.57373
3.64133
3.64778
3.65078
3.46661
3.28846
3.24797
3.61395
4.3724
3.50525
3.55938
3.92172
3.14275
3.50082
3.48152
3.56374
3.54484
3.82506
3.71155
3.49579
3.34623
3.43711
3.41606
3.69749
3.36367
3.60873
3.42144
3.55628
3.4826
3.61777
4.12194
3.81544
3.75074
3.64389
3.73663
3.4145
3.4405
3.5969
3.62679
3.64058
3.27929
3.45225
3.62009
3.3645
3.31081
3.42996
3.75209
3.86193
3.65151
3.45531
4.20152
3.24734
3.56769
3.62648
3.54308
3.48117
3.62944
3.65295
3.62093
3.54345
3.40235
3.57402
3.512
3.69848
3.50422
3.5592
3.58099
3.34511
3.64969
3.22425
3.58515
4.05745
3.54369
3.63357
3.27458
3.24037
3.22591
3.28098
3.35267
3.36075
3.51021
3.49186
3.51772
3.49429
3.31421
3.39923
3.18171
3.49468
3.63593
3.50776
3.37934
3.54835
3.65639
