3.48504
3.44863
3.43965
3.48558
3.4062
3.51558
3.44448
3.42788
3.39766
3.42305
3.58371
3.4291
3.49742
3.37913
3.46846
3.64062
3.40066
3.3535
3.4643
3.48384
3.49359
3.60823
3.69213
3.38883
3.47893
3.41657
3.70864
3.36334
3.63129
3.50437
3.55582
3.57399
3.39068
3.39066
3.4283
3.50752
3.59903
3.43747
3.56391
3.40252
3.46968
3.36463
3.39653
3.59452
3.30694
3.47063
3.42708
3.4797
3.63186
3.44278
3.4203
3.36766
3.60281
3.67097
3.35232
3.49426
3.56546
3.50038
3.46837
3.60733
3.29915
3.29293
3.46382
3.47914
3.52896
3.41312
3.55053
3.32236
3.44535
3.58695
3.49253
3.31966
3.62121
3.44488
3.42274
3.47696
3.62333
3.49307
3.27229
3.487
3.47691
3.38765
3.40865
3.69681
3.41206
3.52278
3.38838
3.66523
3.3764
3.42852
3.46468
3.48552
3.35415
3.52324
3.56746
3.6103
3.39009
3.41876
3.26856
3.51847
3.54572
3.39544
3.30757
3.42964
3.56863
3.5534
3.45638
3.36466
3.38792
3.46815
3.62236
3.44645
3.50835
3.49682
3.50741
3.25547
3.5601
3.46996
3.49368
3.41358
3.80541
3.39747
3.72907
3.54358
3.50024
3.4733
3.45945
3.4295
3.54385
3.59736
3.64413
3.43807
3.59463
3.60215
3.54278
3.51257
3.53843
3.52415
3.54679
3.38769
3.47988
3.13719
3.46768
3.60177
3.53179
3.54408
3.25311
3.461
3.45489
3.46164
3.51271
3.58047
3.34935
3.61349
3.57233
3.51553
3.48978
3.40995
3.38972
3.48939
3.45044
3.64651
3.63172
3.48804
3.40958
3.41927
3.60834
3.38031
3.60571
3.53668
3.49883
3.33293
3.69304
3.51463
3.52382
3.40253
3.41281
3.27045
3.34707
3.48764
3.38254
3.49445
3.42366
3.52674
3.61564
3.41591
3.53031
3.53142
3.3585
3.57741
3.39785
3.40456
3.61811
3.47677
3.42912
3.38064
3.35391
3.3884
3.32093
3.40265
3.4248
3.43148
3.35873
3.47892
3.2102
3.26988
3.24545
3.56182
3.56724
3.41328
3.41639
3.45448
3.48458
3.28495
3.80213
3.94648
3.34681
3.61236
3.62221
3.38392
3.3737
3.58207
3.46043
3.47477
3.79631
3.39239
3.61641
3.51023
3.54394
3.51129
3.30631
3.63028
3.69316
3.25762
3.3389
3.43915
3.38564
3.30685
3.29921
3.64303
3.29748
3.70901
3.36888
3.59779
3.3688
3.62592
3.9114
3.39582
3.63816
3.7413
3.31022
3.32965
3.62788
3.52666
3.89793
3.37811
3.28906
3.64097
3.19628
3.52115
3.23974
3.61121
3.58533
3.50272
3.66509
3.42197
3.35927
3.61048
3.48153
3.39053
3.54524
3.49503
3.45908
3.21235
3.55478
3.42807
3.33599
3.63858
3.85458
3.20419
3.49437
3.20431
3.45653
3.72424
3.35619
3.39544
3.32167
3.22333
3.56333
3.61811
3.60805
3.38203
3.50843
3.17229
3.3325
3.38799
3.60187
3.73307
3.7026
3.34391
3.69841
3.49527
3.27368
3.50153
3.30242
3.27504
3.52174
3.742
3.53687
3.41804
3.25744
3.36119
3.40499
3.44439
3.32947
3.14466
3.61181
3.38504
3.73536
3.44326
3.46261
3.42916
3.9845
3.47205
3.88603
3.59255
3.64651
3.35582
3.34162
3.55125
3.54828
3.20083
3.39487
3.42947
3.29848
3.45171
3.54694
3.45454
3.76316
4.03363
3.30141
3.40057
3.35094
3.3677
3.29713
3.34643
3.22426
3.30506
3.21378
3.55892
3.47565
3.67629
3.27415
3.27782
3.59478
3.51738
3.31288
3.49027
3.44181
3.66891
3.55229
3.42028
3.50434
3.45007
3.51273
3.42344
3.39039
3.52956
3.40187
3.44333
3.67218
3.42482
3.47007
3.52214
3.40309
3.44977
3.45206
3.54617
3.40722
3.36349
3.53005
3.50415
3.66509
3.66531
3.49182
3.91483
3.34876
3.37499
3.44881
3.42589
3.75526
3.60247
3.56196
3.54849
3.68682
3.67131
3.60569
3.54267
3.5625
3.40373
