3.35064
3.40982
3.53557
3.52436
3.58634
3.65757
3.62513
3.58655
3.58692
3.73023
3.60601
3.6986
3.67694
3.74586
3.69801
3.70098
3.64415
3.74202
3.61515
3.84925
3.62778
3.56387
3.64713
3.72442
3.69987
3.58123
3.64162
3.7093
3.61084
3.65045
3.81409
3.50092
3.67569
3.6766
3.63962
3.81635
3.48684
3.75772
3.7505
3.7082
3.78064
3.5751
3.71438
3.51109
3.48092
3.66464
3.57397
3.6362
3.74886
3.67155
3.69332
3.62264
3.46402
3.55639
3.54277
3.65164
3.50728
3.65869
3.60076
3.49819
3.7715
3.9413
3.63055
3.80771
3.73415
3.52381
3.53963
3.74205
3.55655
3.72268
3.71929
3.9433
3.82202
3.69567
3.80933
3.63338
3.66856
3.74455
3.61943
3.61289
3.64251
3.66485
3.84259
3.65726
3.70073
3.63646
3.59874
3.51049
3.83322
3.64598
3.88394
3.81637
3.76536
3.55207
3.79071
3.71797
3.50027
3.62272
3.6136
3.50043
3.73832
3.68788
3.68418
3.68072
3.6002
3.63791
3.45788
3.58415
3.86341
3.59356
3.64879
3.47549
3.57171
3.80748
3.80146
3.45926
3.618
3.53053
3.84446
3.47621
3.69576
3.68322
3.72606
3.65469
3.88731
3.66577
3.86214
3.56156
3.63868
3.7325
3.58654
3.73206
3.69429
3.67769
3.53507
3.74611
3.74858
3.68462
3.5862
3.63517
3.48939
3.59101
3.70879
3.40803
3.39821
3.7941
3.59136
3.64384
3.7749
3.78984
3.56032
3.71891
3.52852
3.60423
3.36124
3.55787
3.74196
3.69304
3.5154
3.67651
3.92147
3.67776
3.57929
3.78601
3.54544
3.68593
3.55966
3.49111
3.43035
3.33071
3.65593
3.69941
3.76055
3.7425
3.6592
3.49771
3.74777
3.60219
3.52436
3.4635
3.62058
3.75314
4.16228
3.61974
3.57914
3.80108
3.50007
3.5062
3.52026
3.55851
3.52305
3.8343
3.69567
3.54727
3.6371
3.66098
3.97018
3.53791
3.64518
3.68848
3.84409
3.79689
3.38663
3.47175
3.87841
3.34932
3.65631
3.55513
3.64428
3.41979
3.47553
3.69556
3.4499
3.71812
3.62272
3.49835
3.33159
3.38344
3.58211
3.60781
3.68573
3.48836
3.82543
3.50685
3.60312
3.72098
3.73421
3.55267
3.73668
3.72189
3.22771
3.36372
3.6671
3.49378
3.90679
3.49843
3.72022
3.50769
3.65114
3.24773
3.75335
3.55977
3.61824
3.68531
4.03801
3.38701
3.49523
3.86942
3.86262
3.38931
3.59262
3.79082
3.67289
3.87414
3.88609
3.46326
3.38884
3.48939
3.43461
3.60107
3.80978
3.88002
3.82961
3.13006
3.75809
3.52616
3.75559
3.59644
3.42994
3.34644
3.38836
3.7347
3.54268
3.56891
3.70481
3.84998
3.61291
3.97552
3.9104
3.58659
3.54818
3.69778
3.29804
3.51382
3.42172
3.86606
3.53247
3.35775
3.31409
3.35484
3.9661
3.43529
3.65922
3.45114
3.58821
3.54926
3.37502
3.6432
3.60633
3.36252
3.85283
3.60794
3.26435
3.6421
3.5882
3.24029
3.69538
3.22139
3.52015
3.44416
3.26217
3.68932
3.56714
3.41987
3.82051
3.20066
3.29204
3.38341
3.3321
3.88291
3.68672
3.65937
3.71321
3.98091
3.53241
3.47456
3.69924
3.93622
3.67205
3.4118
3.34384
3.34098
3.71143
3.78184
3.48248
3.65772
3.13018
3.15581
3.20103
3.42078
3.81083
3.72894
3.27417
3.26351
3.54384
3.41474
3.57603
3.75546
3.56457
3.43775
3.90578
3.43467
3.50719
3.55712
3.53187
3.73428
3.36567
3.63229
3.36483
3.55948
3.93938
3.51167
3.40519
3.48499
3.54639
3.24458
3.84095
3.97378
3.61121
3.57565
3.22086
3.53312
3.29894
3.27683
3.5075
3.37922
3.59502
3.86828
3.4949
3.51887
3.36289
3.3854
3.19782
3.22927
3.56652
3.12926
3.37179
3.22295
3.44204
3.31027
3.32722
3.48889
3.44629
3.17624
3.242
3.13831
3.16066
3.31608
3.36153
3.74956
