3.29626
3.34144
3.40628
3.43458
3.4927
3.46239
3.65911
3.58062
3.58588
3.63836
3.54127
3.62188
3.60363
3.70462
3.68878
3.63012
3.63983
3.77213
3.72087
3.69607
3.68563
3.73549
3.72528
3.90788
3.9445
3.7237
3.67929
3.76438
3.68008
3.75716
3.8072
3.69995
3.56193
3.84754
3.64576
3.62338
4.17017
3.56658
3.78138
3.73576
3.68317
3.50961
3.83193
3.62518
3.63067
3.69889
3.66545
3.93564
3.74292
3.90632
3.51168
3.6338
3.93716
3.89227
3.75653
3.63215
3.48744
3.72115
3.47021
4.11113
3.73376
3.71965
3.61257
3.75514
3.65772
3.81932
3.5692
3.81496
3.77745
3.86995
4.00903
3.93014
3.74373
3.68822
3.52911
3.78078
3.80152
3.74397
3.53049
3.7607
3.62459
3.68475
3.55224
3.72321
3.77025
3.67232
3.57937
3.6581
3.4417
3.81848
3.78565
3.66333
3.78066
3.84187
3.9629
3.84477
3.92243
3.59999
3.71526
3.6285
3.50318
3.52588
3.61203
3.61861
3.67109
4.24325
3.85815
3.64271
4.00896
3.64235
3.61262
4.03213
3.80237
3.89159
3.62949
3.68515
3.75375
3.65749
3.51799
3.98655
3.78386
3.83835
3.71456
4.04626
3.55471
3.73303
3.87327
3.72253
3.68904
4.07699
3.7799
3.65105
3.57063
3.9861
3.68476
3.72257
3.69341
3.80363
3.62896
3.59464
3.8623
3.64797
3.86229
3.64515
3.9324
3.68912
3.60511
3.84019
3.8837
3.85202
4.13818
3.71242
3.68646
3.59247
3.91842
3.48063
3.68917
3.88665
3.74617
3.87555
3.69408
3.63209
3.74815
3.87222
3.59108
3.84654
3.95538
4.08943
3.99173
3.84299
3.96546
3.95447
3.73024
3.69244
3.94454
3.48077
3.75304
3.84139
4.08898
3.8913
3.78757
3.90569
3.87045
3.99747
3.67724
4.00057
3.97102
3.85001
4.13198
3.66873
3.65948
3.75922
3.71403
3.66134
3.8211
3.73175
3.56111
3.57011
3.77505
3.76097
3.56771
4.05146
3.75199
3.63344
3.97403
3.54227
3.55416
3.6906
3.43655
3.71
3.58202
4.00457
3.8909
3.69849
4.24296
3.84115
3.78702
3.4812
3.58566
3.92029
3.84409
3.78273
3.67467
3.7462
3.37644
3.52269
3.41239
3.95962
3.92748
3.7294
3.79152
4.01519
4.05325
4.1832
3.6962
3.66881
3.7228
4.04745
3.60028
3.71689
3.81482
3.64217
3.57192
3.55417
3.92489
3.96501
4.0344
3.67001
4.09028
3.6427
4.09825
3.66748
4.23758
3.6089
3.67993
3.81688
3.72534
4.25024
3.69812
3.91891
3.61512
3.72552
3.91307
3.86718
4.01241
3.46151
4.0214
3.33659
3.67412
4.26373
3.77867
3.83269
3.51028
3.76022
3.95355
3.80577
3.48542
3.98625
3.55646
3.70943
3.83762
3.63062
4.16594
3.8423
3.80043
4.15679
3.86975
3.51457
3.41279
3.95412
3.76511
4.32117
4.14902
4.3157
3.98326
3.50516
3.84282
3.97949
3.51237
3.97328
3.96536
4.16248
3.96699
3.40159
3.4635
3.68008
3.60999
3.50868
3.66321
4.35335
3.74278
4.0352
3.55261
3.84106
3.86458
3.87684
3.98032
4.16523
3.93165
4.3882
3.95475
3.91768
3.63005
3.9944
3.60698
3.46061
4.13028
3.59442
3.38934
4.17408
3.68732
3.91418
3.9055
3.75727
3.42745
3.58474
3.95955
3.83528
3.49005
3.95654
3.96769
3.65417
3.93906
3.8415
3.55513
inf
3.70624
3.9272
3.80398
3.38797
3.47298
3.49882
3.77985
4.02777
3.2933
3.51723
3.76942
3.70434
3.85775
3.51263
4.18167
3.61692
3.36942
3.91628
3.60647
4.1313
3.4431
3.66363
4.09419
4.4608
3.59024
3.37623
4.11944
3.49791
3.65054
3.42402
3.59299
3.87813
3.64257
3.72213
3.96137
3.60884
4.31706
3.5376
3.71688
4.1228
3.7358
3.78639
3.70004
3.90993
3.71871
3.65192
3.63445
3.57421
3.51172
3.65351
4.15329
3.71063
3.90227
3.60825
