4.36866
4.43969
4.62082
4.43074
4.46001
4.77734
4.58014
4.51793
4.34136
4.53349
4.36032
4.25213
4.6375
4.59633
4.36191
4.4069
4.25968
4.46058
4.23441
4.91267
4.18694
4.19511
4.35186
4.61728
4.74701
4.57411
4.65896
4.42237
4.14414
4.3841
4.58291
4.59903
4.48816
4.25371
4.6751
4.39136
4.47886
4.54351
4.67546
4.66159
4.52142
4.48688
4.47305
inf
4.31962
4.32663
4.40737
4.79854
5.22659
4.59194
5.23813
4.50339
5.32955
4.83309
4.35021
inf
5.2204
4.79476
4.445
4.44017
4.17757
4.43711
4.22611
inf
4.74868
4.14239
4.17041
4.67375
4.36809
4.46522
4.47544
5.07372
5.15413
4.45109
4.6764
4.47201
5.07112
4.32906
5.048
5.07815
4.22377
4.65283
4.46973
4.09734
4.26579
4.64746
inf
4.43152
5.13606
4.4386
5.02465
4.10888
5.06075
4.08358
inf
4.6536
4.26519
4.63176
4.95583
5.00326
5.07516
inf
4.18138
4.3876
4.24295
4.36403
4.23406
4.4653
4.96081
5.03618
4.66815
5.00314
4.6193
4.06695
4.65813
5.06052
4.66975
4.61282
4.40598
4.5905
4.3832
4.57233
4.70898
5.09621
4.42655
4.27314
4.22641
4.22557
4.0872
4.91817
4.39434
4.22121
4.64566
4.21487
4.2181
5.01401
4.20358
4.4455
4.61764
4.42014
4.64148
4.71535
4.44227
4.63781
5.08538
4.17339
5.04649
4.63247
4.16144
4.11701
4.48767
4.3699
4.41111
4.44477
4.65563
4.09977
4.25327
4.74001
4.2417
4.1603
4.39624
4.46748
4.13888
5.06327
5.11212
4.45776
4.18288
4.09329
inf
4.12212
4.36867
4.01018
4.18542
4.38983
4.34039
4.23349
4.38167
5.11946
4.37628
4.76606
5.29414
4.06517
4.5164
4.4799
4.22438
4.30878
4.18958
4.21451
5.29553
4.25626
4.72423
4.1102
4.56244
5.03036
4.60487
4.48346
4.22257
4.27626
4.31097
4.094
4.09825
4.3337
4.12876
4.27475
4.10618
4.60078
4.15268
4.54743
4.37919
4.30617
4.31894
4.31247
4.38975
4.41795
4.21477
4.40322
4.10732
4.6316
4.50127
4.02295
4.59488
4.45104
4.78935
4.53053
4.12453
4.07047
5.23003
4.27963
3.96168
5.18461
4.24972
4.21418
4.52063
4.71423
5.09637
4.49617
4.29684
inf
inf
5.0943
3.91612
4.4292
4.2045
4.47294
3.87172
5.07685
4.49306
4.43969
5.12168
4.70519
4.27513
4.37249
inf
4.63256
5.054
4.61974
4.67103
4.73715
4.4707
4.38124
5.16292
4.57997
4.41772
4.11732
4.70223
5.07968
4.18872
5.03313
4.97929
4.02578
4.25324
4.20569
5.10146
4.37128
4.63815
4.08411
4.62413
4.52182
4.60499
3.90293
4.07406
4.60718
4.36779
4.22333
4.67138
4.42425
4.62722
4.44782
4.35651
inf
4.22282
4.60747
4.40694
4.25485
4.39293
5.08608
4.08727
4.18714
5.09623
4.21744
4.19024
4.22211
4.60608
3.99908
4.25495
4.25388
4.9303
3.82555
4.33636
4.65814
4.07444
4.40017
4.14884
4.23869
4.44562
inf
4.11921
4.27207
4.90601
4.40865
4.05089
4.68375
4.47762
4.69719
5.18726
5.12427
4.16089
4.31234
4.77321
4.21955
4.4765
4.45518
4.51499
4.64866
4.37458
4.0841
4.24212
4.35051
4.37956
4.12133
4.55085
4.02107
4.77498
4.02286
4.30727
4.81782
4.25766
4.31215
4.40941
3.86313
4.18806
5.14447
4.41158
4.17893
4.31039
4.18393
4.24032
4.64449
4.05932
4.42312
4.56425
3.95457
4.23616
4.55126
4.22671
4.25247
4.33809
4.45829
4.19406
4.15091
4.73239
4.57405
4.44671
4.41269
4.20041
4.49518
4.5729
4.22279
4.62596
4.35129
4.08764
4.18101
4.22712
4.4047
4.36296
4.21517
4.16045
4.273
4.47879
4.47958
4.45644
4.39824
4.1724
4.31032
4.41186
4.38938
4.45113
4.52651
4.55551
4.5759
