4.50536
4.76365
4.5433
4.69645
4.70842
4.62126
4.66937
4.57439
4.52761
4.80052
4.90536
4.83816
4.2548
4.98936
4.3657
4.80677
4.35251
4.22791
4.32376
4.68306
4.25289
4.42927
4.75541
4.47363
4.6884
4.31344
4.58076
4.35785
4.77809
4.29851
4.31778
4.33534
4.74268
4.69335
4.95985
4.2737
5.38292
4.36704
4.49782
4.16804
4.46486
4.44488
5.22216
4.33251
4.55173
4.31907
4.58107
4.07989
4.41476
4.55342
4.44758
4.15834
4.09625
4.58888
4.17893
4.75543
4.34694
4.35216
4.37788
4.75016
4.4637
4.48285
4.7399
4.29001
4.25758
4.35117
4.20197
4.51979
4.32133
4.15387
4.49384
4.46895
4.48276
4.30794
4.47284
4.06764
4.27146
4.21757
4.69404
4.46921
5.06316
4.26324
4.47689
4.27009
4.68596
4.45967
5.06096
4.67736
inf
4.57724
4.40338
4.21601
4.2354
4.37592
4.62235
4.44294
4.6563
4.19943
4.41429
4.36339
4.11026
4.22835
inf
4.64571
3.83971
4.63697
4.5839
4.41434
4.16068
4.25991
5.03505
4.16683
4.37542
4.61603
4.37057
4.59994
4.99422
4.43057
4.42502
4.07826
5.00963
4.37242
5.09236
4.57864
4.1893
4.56399
4.97061
4.23019
4.19129
4.64486
4.58575
5.06051
4.65361
5.02886
4.54944
4.20203
5.0297
4.39867
4.99945
4.62892
4.64079
4.63955
4.23809
4.60857
4.08453
4.62636
4.35024
4.66582
4.39583
4.71689
4.38673
4.67
4.61259
5.12143
4.72373
4.65853
4.28507
5.14974
4.2802
5.13315
4.68119
4.4316
3.88304
4.44632
4.42624
5.07559
4.34818
4.29605
inf
4.52656
4.78408
4.30445
4.68898
4.53794
4.32735
4.32282
4.51711
4.37052
4.74571
4.34987
4.04758
4.74838
4.53157
4.52509
5.18677
4.26886
4.83894
4.21486
4.52104
4.14867
4.52248
4.91987
4.27346
4.55183
4.66236
4.99705
4.48714
4.83055
4.26431
4.80929
4.83226
4.5165
4.50504
4.37508
4.23943
4.57129
4.97295
5.33105
4.51646
4.73502
4.39846
4.31101
3.89274
4.26411
4.80732
4.2834
4.54647
4.73356
4.5221
5.15037
4.29971
4.30643
4.30249
4.70753
4.48947
4.38054
4.07343
5.18819
4.97027
4.19725
4.69567
4.28773
4.43966
4.29995
4.30881
4.24636
4.09957
4.24948
4.66693
4.44078
4.41966
5.06535
4.72268
4.57304
4.39998
4.35859
4.33518
3.97995
4.21208
3.97096
4.59088
5.02264
4.91239
4.04605
3.89762
5.12724
4.91449
4.2303
4.0532
5.15331
4.35739
4.99487
3.741
4.01861
4.41294
5.0635
4.05751
inf
4.5903
4.95249
4.45201
3.94956
4.65725
4.60661
4.96956
4.5441
4.58788
inf
4.22292
4.28826
4.38464
4.02079
4.57747
4.18307
4.08937
4.29518
4.19665
4.93906
4.43429
4.59549
4.04137
4.19878
4.99717
4.36291
4.56708
inf
4.37405
4.17234
4.05536
4.19118
3.8986
4.6487
3.69757
5.00329
4.1911
4.11548
4.34961
4.36878
4.61827
4.24276
5.04302
4.39312
4.6376
4.72648
4.23497
4.33007
4.44825
4.23692
4.46171
4.05073
4.3673
4.01961
4.65912
4.1425
4.2983
4.39583
4.28605
4.43467
4.13639
4.2846
5.09833
4.07528
4.32567
4.22105
4.28156
4.7741
3.802
4.00707
4.42459
3.87329
4.44654
4.1951
4.36761
4.0392
3.97172
4.34516
4.36802
4.3551
4.28085
4.44341
4.85297
4.29822
4.85998
3.92275
4.64531
4.83323
4.47226
4.2565
4.49733
4.19747
4.27296
4.22306
4.03491
4.25539
4.33845
4.15882
4.25867
4.75766
4.21684
4.68807
4.43487
4.32162
4.5329
4.21676
4.06666
4.42703
4.94398
4.3065
4.66427
4.67708
4.3688
4.13724
4.66593
4.48773
4.34471
4.52284
4.55303
4.18605
4.77123
4.43448
4.35755
4.29135
4.27226
4.49908
4.58272
4.41089
4.43762
4.47209
4.28086
4.59617
