4.52938
4.54913
4.77478
4.78544
4.67549
4.5446
4.98496
4.7464
4.80894
5.04095
4.8771
4.87266
5.23119
5.37877
4.81338
4.63925
5.11639
4.63571
4.81487
4.91188
4.52409
5.12366
5.03726
4.90702
5.5569
5.08988
4.85056
4.82919
5.03651
inf
4.5771
4.96416
5.26318
5.40268
inf
4.91262
4.47756
5.26981
4.9124
4.91421
5.32147
4.81752
4.38137
5.11389
5.19315
5.17664
4.81757
4.52177
5.08798
5.13205
4.41146
5.18404
4.27592
inf
4.54924
4.47994
4.75873
inf
5.22528
inf
5.04698
5.07476
5.11395
inf
4.67559
4.65651
5.05643
inf
inf
inf
5.038
5.06732
5.07602
inf
5.11207
5.10361
4.35776
4.23975
4.57348
5.07189
4.62686
5.12814
5.08056
4.34951
5.01475
4.30923
4.35467
4.05791
4.55437
4.51363
4.53245
inf
inf
4.89481
4.56316
4.27945
4.98742
inf
4.95747
5.09409
4.9327
inf
4.97796
inf
4.95864
inf
4.35097
5.0564
5.06758
4.34698
inf
5.02949
4.60939
4.27398
4.13297
4.99606
4.99298
inf
4.27464
4.31946
5.01023
4.37232
5.04203
inf
4.85206
inf
5.02621
4.60025
4.99242
4.96501
4.61528
4.52619
inf
4.30937
4.94674
4.9741
4.36053
inf
inf
4.90063
4.88175
4.52718
4.14484
4.35423
4.63913
5.02361
4.63324
4.92398
4.522
4.57956
inf
inf
4.18188
4.58295
4.3309
4.65467
5.02485
5.00911
inf
5.07876
4.63243
4.64924
4.66127
4.66045
5.07709
5.03233
4.46078
4.07402
4.27482
4.40204
inf
5.18233
5.1618
4.68051
4.29094
inf
4.7089
5.12415
4.74859
4.77954
5.16634
4.72113
5.15681
4.77835
5.22213
5.26105
5.28866
4.63772
4.59885
4.82105
4.92737
4.36369
5.29823
4.91226
4.68663
4.94882
4.65172
5.04091
4.67106
4.62471
5.18503
5.5638
5.02713
4.74403
4.71595
5.35199
4.48192
5.24378
4.88443
4.48117
5.25907
4.75294
4.72978
4.80218
4.55753
5.20108
4.49633
4.51894
4.79824
4.49188
4.46276
4.34968
5.13525
inf
4.47417
4.47512
4.66901
4.73997
4.26635
4.2984
4.61188
4.41959
inf
5.044
4.37481
5.10835
5.11266
5.0599
4.53743
4.5736
4.44406
4.65547
4.1809
5.06368
inf
4.20885
4.58696
4.58523
4.15011
5.09316
4.33262
4.99211
5.0085
4.36209
4.96964
4.57992
4.94274
4.57515
4.35225
4.58778
4.33968
4.92856
4.49766
inf
inf
4.91968
4.56565
inf
inf
4.32557
4.31894
inf
4.32842
4.57936
inf
inf
inf
inf
5.02567
4.627
4.98771
5.03372
4.50626
5.03766
4.58277
5.01434
4.56485
inf
inf
4.98529
5.04548
4.94017
4.54083
4.32188
4.53841
5.05224
4.97327
inf
4.80213
4.99079
4.5784
inf
4.96985
4.58206
4.30251
4.54222
4.53827
4.60113
4.34578
4.17321
4.26413
4.38721
4.32735
inf
inf
4.63424
4.98738
4.37022
inf
5.02876
4.65351
5.12808
inf
5.01445
inf
inf
5.00923
4.4627
4.66692
5.02124
inf
5.16675
inf
4.43187
4.37725
5.11415
inf
4.45961
5.06718
4.31846
5.1707
5.23374
4.45625
4.48081
4.74192
4.05494
inf
4.82158
4.8082
4.71313
4.73994
4.49094
4.81115
4.81241
5.29185
4.84362
4.58739
4.44002
4.43751
4.68881
4.63552
4.86968
4.31017
4.97001
5.30264
4.19353
4.44273
4.96291
4.24152
4.51084
4.81915
4.6103
4.43637
4.27488
4.71049
4.37672
4.38642
5.09107
4.79723
4.54468
4.61003
4.46676
4.7965
4.48652
4.77177
4.54133
4.54822
4.34478
4.53316
4.43702
4.5408
4.79333
4.83457
4.7709
4.74034
4.6666
4.73465
4.62508
4.39278
4.43054
