4.49334
4.83025
4.49871
4.69081
4.69056
4.99637
4.76743
4.9425
4.76769
4.80028
4.80308
4.64767
4.43936
4.8814
4.88168
4.42386
4.26617
4.54069
4.36761
4.86938
5.63502
4.4482
4.89321
4.79391
4.89099
4.80244
4.83029
4.65157
4.52905
4.79548
5.48774
4.75923
4.36867
4.45134
4.25721
4.94446
4.35492
4.97784
4.40129
4.41383
4.82478
4.18434
4.11634
4.4045
4.90172
4.56057
5.28709
4.01613
4.53428
5.17529
4.78362
4.68455
4.73122
4.4971
4.30998
4.7743
4.55213
5.10845
4.70958
4.48205
4.74713
4.45447
5.1282
4.52177
4.753
5.15003
4.12769
4.16055
4.27002
4.58695
4.60341
5.10347
4.42307
4.46641
5.16627
4.42711
4.27031
5.00428
4.2736
4.62022
4.08459
4.39164
4.34822
4.60785
5.0027
5.01903
inf
4.60119
4.35771
4.57113
inf
4.18738
inf
4.97933
inf
inf
4.95762
4.62978
inf
4.30789
5.02207
4.4941
4.35152
4.97579
4.6384
5.14285
5.06513
4.93184
5.00277
4.63244
4.92837
4.031
5.0525
4.97593
inf
4.66328
5.04425
4.96612
inf
4.19164
inf
4.33432
inf
inf
5.01496
4.29271
4.5362
4.95936
4.3002
4.90407
4.92727
4.9775
inf
4.9195
4.94954
4.2809
inf
5.05127
5.03765
4.00261
4.99001
4.9868
4.63764
4.5886
4.22558
4.33969
inf
4.55021
5.11524
4.65516
4.61097
4.60169
5.00001
4.59629
inf
5.06045
5.05002
4.67275
4.56605
4.64892
4.30627
5.06635
5.08829
inf
4.40339
4.66868
4.41057
4.70885
inf
4.40964
5.15225
4.66062
4.44397
4.74468
4.69526
4.67898
inf
4.7184
5.09302
5.16015
4.99992
4.78555
4.09877
4.36785
inf
4.57481
4.76538
5.23978
4.28053
5.26831
4.31789
5.38424
inf
4.42951
4.48976
5.00547
4.70546
4.20031
4.66571
4.4889
4.36504
5.00128
4.34891
4.91969
4.42082
4.68528
4.61393
4.69953
4.70046
4.43737
4.53395
4.57597
4.82736
4.55477
inf
4.6265
4.52197
4.51671
4.33464
4.4545
4.48932
4.70883
4.48476
4.70281
4.73455
4.06752
4.53395
4.67527
4.64797
4.08784
4.26161
4.08237
4.67106
4.22711
inf
4.68914
4.64962
4.70072
4.6543
4.28244
4.6511
4.41546
inf
3.95617
4.17617
inf
5.011
4.93973
5.0036
inf
4.38276
4.63033
5.05217
4.54357
4.20223
4.2559
4.33571
4.6784
5.01462
4.36485
4.55766
inf
5.06415
4.57132
4.59896
5.00815
inf
4.9548
4.93892
4.29036
4.60979
4.95406
inf
4.97767
5.04963
4.54742
4.6222
4.97232
4.58623
4.61818
4.31467
4.94972
4.21106
4.84315
4.32998
inf
inf
4.32284
4.63772
4.34917
4.88062
4.9329
inf
4.95018
inf
5.0395
5.03688
5.07977
4.9528
5.00907
inf
4.97893
4.38743
inf
inf
inf
inf
4.41924
inf
4.36859
inf
4.6799
4.51769
inf
4.86384
4.96062
inf
4.61396
4.34189
inf
4.93024
4.65108
5.0758
4.61525
5.06896
4.6807
4.28378
4.67189
4.21325
5.09833
5.15352
5.11063
4.44997
4.63559
4.756
inf
4.16047
4.99473
5.09314
5.04924
5.19767
4.7007
4.73691
5.16824
4.76842
4.84571
inf
4.13512
4.24656
5.25091
4.53226
4.39791
4.31965
4.32605
4.6083
4.46587
inf
4.32917
4.22767
4.6842
4.71301
4.67392
4.95791
4.24101
4.73272
4.65017
4.4681
4.99283
4.04877
4.62219
4.27903
5.00695
4.80477
4.16449
5.41245
4.88609
4.64647
4.7213
4.27707
4.56751
4.6224
4.54369
4.34274
4.96009
4.32628
4.24786
4.80169
4.81133
4.73337
4.38643
4.59534
4.43926
4.48963
4.5361
4.69153
4.67963
4.49508
4.60449
4.49296
4.45234
