4.65778
5.07122
5.06196
5.58896
4.92238
5.09061
5.10692
5.42398
5.17772
4.99175
5.73722
5.37564
5.29879
4.95374
inf
5.67685
5.61114
5.45683
inf
4.9067
inf
5.4001
inf
5.49124
inf
inf
5.33101
5.28678
5.41764
inf
inf
5.26801
5.15708
inf
5.19807
5.21643
5.18722
inf
4.74787
inf
5.16299
inf
5.17876
inf
inf
inf
5.09381
5.00986
5.17548
inf
inf
inf
5.09194
4.63915
inf
inf
inf
inf
inf
inf
inf
inf
inf
inf
4.55675
inf
inf
inf
inf
inf
inf
inf
inf
inf
inf
4.90222
4.86666
4.90903
4.52662
inf
4.5675
inf
inf
inf
4.94919
inf
inf
4.88938
inf
inf
inf
inf
inf
inf
4.93916
inf
4.79643
inf
inf
4.84703
4.74766
inf
inf
4.78903
4.1839
4.73824
inf
4.9118
4.80834
inf
inf
4.41894
4.88536
inf
4.98058
inf
4.5544
4.98207
inf
inf
inf
inf
4.97566
inf
inf
4.83852
inf
4.96753
4.46779
inf
inf
inf
4.94164
4.98192
inf
4.91608
inf
4.84825
inf
inf
4.90876
inf
inf
inf
4.96666
inf
4.56474
inf
inf
inf
inf
inf
5.01074
inf
5.10217
inf
inf
4.20439
inf
inf
inf
inf
4.5983
4.61578
4.42342
4.6239
inf
inf
4.67247
inf
5.07578
4.70747
inf
5.07254
5.2114
inf
4.48309
4.67543
inf
inf
4.74949
4.7033
4.51799
inf
inf
4.77121
5.31462
inf
5.25541
5.30789
inf
5.27798
inf
5.33104
4.47215
inf
5.31004
4.81901
5.43712
5.20255
5.18535
5.40706
5.29762
5.25287
5.36421
5.31298
4.94277
5.24351
inf
inf
inf
4.56402
5.28782
4.37306
inf
4.78235
5.15397
5.07032
inf
inf
5.15372
4.71407
5.09837
5.10142
inf
inf
inf
5.09635
inf
4.64816
inf
5.10245
inf
inf
4.39305
5.12382
5.00854
5.0329
4.91757
5.00619
inf
5.07852
inf
4.5074
inf
inf
inf
4.98303
inf
4.98487
inf
5.08219
inf
inf
4.60242
4.58449
5.02665
4.29716
4.55934
4.60094
inf
4.97456
4.59092
4.32186
4.81624
4.90953
4.97465
5.01102
inf
inf
inf
4.56491
4.96414
inf
4.54786
inf
4.78122
4.51087
4.45184
4.30209
5.01051
4.95513
inf
inf
4.94665
4.80729
inf
inf
4.97488
inf
4.96395
inf
4.54185
4.981
inf
inf
4.95101
inf
4.96895
4.94635
4.94627
inf
inf
inf
4.57271
4.96575
inf
4.90165
4.57333
inf
4.9172
4.16243
4.98655
4.86485
4.56754
4.99949
5.00646
4.87542
4.9662
4.83239
4.58069
inf
4.53823
inf
4.65416
5.02216
5.05713
4.9896
4.60602
4.64379
inf
5.03908
inf
4.91496
inf
5.03563
4.40111
4.67622
4.6077
5.11353
inf
4.45735
4.44458
inf
4.69155
inf
4.66445
4.74166
4.74817
4.79679
inf
inf
4.72684
4.67667
4.39581
4.72509
inf
5.30466
4.76104
5.28122
4.65924
4.81686
5.26497
4.934
4.4142
inf
4.50162
inf
4.26672
inf
4.71242
5.47538
5.07763
inf
inf
5.07386
4.71497
4.70527
4.8426
inf
4.66822
4.62483
4.97703
5.31312
4.77894
4.49394
4.65743
4.54744
4.65799
4.66594
4.73639
4.60262
4.55515
4.4987
4.54484
4.52605
4.60948
4.38572
4.52666
4.40734
