4.821
4.63859
4.42612
4.43587
4.38209
4.52554
4.43443
4.2016
4.21067
4.17776
4.14184
4.07551
3.98632
4.09772
4.03107
4.13289
4.34428
4.03398
4.28275
4.38571
4.25724
3.87033
3.8571
3.93553
3.96727
3.99297
3.91586
4.12461
4.04725
4.03201
4.03108
4.13268
4.1679
4.04661
4.23367
4.442
4.13879
3.98025
4.19453
3.94291
3.82702
4.28856
4.14099
4.23151
4.34546
4.46581
4.32995
4.29534
4.58908
4.01529
4.10582
3.68931
3.70145
4.16658
3.65098
4.23589
4.15511
4.02778
4.11457
4.20149
4.09499
4.29497
4.29625
4.53141
3.92937
4.17905
3.79259
4.02804
4.46226
5.21557
inf
4.16381
3.5249
3.81278
4.29963
4.25751
4.23995
4.06073
4.2507
4.12689
3.80699
4.2848
3.78202
4.31806
4.2762
4.25108
4.03712
4.1171
4.3972
3.9449
4.12666
5.03047
3.91376
4.44648
4.02487
4.41182
4.73999
4.12015
3.93081
4.25698
4.42066
4.68119
4.43777
3.99524
4.13849
4.4391
5.01761
3.96584
4.39836
4.10492
3.73023
4.61096
4.66082
4.13034
3.7653
4.40029
4.26635
3.89191
4.62312
4.59843
5.05498
3.6261
4.01269
4.64758
3.79926
4.06668
4.23759
4.2059
4.43746
4.21887
4.97808
3.72364
4.09882
3.87004
3.81512
4.37273
5.03909
4.25663
4.18194
4.01604
4.66196
4.01536
4.27502
4.3001
4.37044
4.02712
3.99636
4.22367
4.28383
3.89308
4.05037
4.10582
4.13119
4.444
4.71663
4.12042
3.84662
4.44477
4.16376
3.99416
3.98731
4.44371
4.32788
3.75683
4.29634
3.85863
4.29849
4.10593
4.09217
4.18007
4.26498
4.42843
4.74252
3.84972
4.21284
4.25193
4.37312
4.35329
4.16149
4.14965
4.36044
4.14995
3.9177
4.35515
4.16253
4.0848
4.1121
3.98652
4.30606
4.34281
3.87179
4.09573
4.39878
3.81172
4.15443
4.02014
4.21697
4.72158
4.19709
4.62295
4.21898
4.1179
3.94945
4.17374
4.06906
4.08927
3.85453
3.98766
4.17051
4.65976
4.32233
4.10496
3.98758
4.15819
4.13252
4.11458
4.46308
4.37626
4.14013
5.22496
4.1323
4.58295
4.14441
4.58181
4.34045
4.21818
4.35419
3.80443
3.9608
3.95418
3.68956
4.04939
3.70035
3.96228
4.03141
4.28975
4.09631
3.95019
3.95179
3.91921
3.90829
4.0274
4.01666
3.86809
3.87811
3.99101
5.02749
4.37269
4.40134
4.23233
4.10361
3.89966
4.19482
4.61639
5.06847
4.22535
3.88665
4.17875
4.0792
5.06363
4.34892
3.83739
3.94702
4.03839
4.07211
3.86457
4.06545
3.93145
4.16966
4.0382
3.94736
4.62395
4.63376
4.65817
4.33124
3.94783
3.88632
3.91663
4.64611
4.62914
4.02046
4.56781
4.06718
4.19094
4.36968
4.07979
4.00696
3.95461
3.93385
5.08929
3.95341
4.31213
4.20046
4.37391
4.06452
4.00657
4.1923
4.16487
4.32818
4.62416
4.60492
4.17727
3.77099
4.21574
4.9633
4.36888
4.11807
4.31468
3.97324
4.20927
4.95123
4.54925
3.95921
5.05927
4.05943
4.08654
4.2172
4.29716
3.93053
4.38949
4.42138
4.18125
4.11635
4.09561
3.82408
3.62648
4.2597
inf
4.1016
4.20065
4.02383
4.41497
4.12729
4.60913
3.89621
4.31321
4.52463
4.32378
3.67198
4.14243
4.1689
3.96228
3.8504
4.337
4.01433
4.57855
4.51992
4.02111
3.87558
4.12398
4.2509
4.56194
4.40648
4.03427
4.44184
3.93769
4.0935
4.45445
4.60541
3.87625
4.13726
4.38593
4.03191
4.12373
4.11302
4.94239
4.71559
4.04013
4.43272
4.0926
4.27413
4.05644
4.06095
3.99401
4.56829
3.98224
4.27616
4.21322
4.32941
4.15832
4.23582
3.9764
4.11196
4.32595
4.50652
3.84713
4.20053
4.05391
4.21992
4.24324
4.47644
4.50027
4.45357
4.50145
4.4343
4.3427
4.22812
4.33324
4.5024
4.52924
