4.76218
4.75709
4.74662
4.48021
4.54527
4.6125
4.32365
4.47651
4.41423
4.51424
4.18283
4.32385
4.5136
4.22635
4.24168
4.65987
4.22649
4.69629
4.50169
4.38097
4.51172
4.61862
4.31172
4.17751
4.67876
4.28057
4.16785
4.52836
4.19324
4.27667
4.39977
4.60125
4.38251
3.97272
4.27867
4.25471
4.27392
4.22078
4.3284
4.90897
5.24974
4.64362
4.43213
4.10781
4.16491
4.28736
3.94073
3.8935
3.83522
4.7739
4.25016
4.58077
4.09765
5.19373
4.28702
4.21677
4.46015
inf
4.08083
4.43337
4.29894
3.96016
4.6807
4.13505
4.26638
4.42383
4.02517
3.88165
4.69203
4.41839
4.70177
4.4573
3.82092
4.43903
3.90189
4.26139
4.13394
4.41835
4.01544
4.4071
3.86071
5.00388
4.13024
3.98013
3.90808
4.22712
3.95169
4.07148
4.08106
inf
4.26932
4.37724
4.20183
4.06333
4.06747
3.89197
4.08849
4.21745
4.02437
4.17221
3.98074
4.40882
4.08018
4.35408
4.18256
4.08414
4.34717
4.11155
4.42918
4.09738
4.1888
3.98512
5.03016
5.05606
4.28057
5.09869
4.22506
4.24932
4.58502
4.3547
5.03333
4.11126
4.08615
4.19502
3.92568
3.88043
4.17824
4.08936
inf
4.98765
3.89413
4.27123
4.21906
3.85873
4.11454
4.67813
4.04522
4.69123
4.10791
3.87532
3.97256
4.41481
4.4132
4.37614
4.91599
4.3828
4.64045
inf
4.01823
5.0512
4.11164
4.43649
4.28112
4.64385
4.06189
4.1553
4.29638
inf
4.43299
5.07573
4.07246
5.12242
4.45305
4.07154
3.98779
4.79332
4.29645
4.9953
4.50507
4.48509
4.47845
4.00884
4.56167
4.21722
4.54277
4.26933
4.55462
4.11163
4.58362
4.08162
4.39876
4.83878
4.47666
4.28678
4.3213
4.26385
4.30778
4.49542
4.54294
4.04035
4.31895
4.884
4.19743
4.54885
4.48977
4.20651
4.29779
4.36465
4.48129
4.61171
4.42367
4.63329
4.12461
4.41762
4.18478
4.42039
4.74202
4.69296
4.31115
4.54074
5.39949
4.21088
4.26134
4.66718
4.20486
4.47652
4.12221
4.86593
4.1204
4.81124
4.49253
4.28676
4.33209
4.77414
4.21985
4.37246
4.79007
4.78149
4.32172
4.21409
4.18784
4.44793
4.10002
4.50116
4.15103
4.43912
4.67694
4.17702
5.14894
4.46833
4.14872
4.39989
4.68908
4.68216
4.44007
4.67294
4.66475
4.12027
4.40576
4.02804
4.5672
5.0982
4.25076
4.57803
5.08884
4.24313
3.87969
4.58503
5.00461
4.20098
3.89064
3.9296
4.63241
4.35146
4.39312
4.59343
4.23236
3.73741
4.38475
3.7473
4.55927
4.61228
4.35425
4.3388
4.35975
4.22026
4.98691
4.56862
3.93293
4.14686
4.08577
4.98396
4.31545
inf
4.99025
3.7758
4.03423
4.15052
4.57314
4.01011
4.33025
4.29227
3.88633
5.01418
4.24224
4.55344
3.90044
4.30713
4.29672
5.01647
4.59599
4.31577
4.15272
4.3719
4.03029
4.56069
4.20096
4.04827
4.141
4.17968
4.36948
4.14247
4.33702
4.98573
4.60373
4.63553
4.98236
4.21337
5.04838
4.60823
4.59207
4.24605
4.21918
4.61673
4.23376
4.37638
4.13201
5.06431
4.62093
4.34828
3.99459
4.24659
5.11866
4.64786
4.11209
4.36597
4.06182
4.72554
4.28149
4.75355
4.29353
3.78574
4.66671
3.86885
4.78424
4.22904
4.53711
4.16385
4.35742
5.2647
4.01484
4.21676
4.60423
4.80665
4.5205
4.00843
4.87932
4.45617
4.86896
4.57606
3.87011
3.92484
4.43472
4.43999
4.67569
4.07572
4.08758
4.31251
4.46536
4.44538
4.59234
4.06005
4.30071
4.61918
4.44509
4.52077
4.47459
4.57153
4.4547
4.81138
4.94991
5.05959
4.86414
4.38802
4.51262
4.50899
4.26312
4.60343
4.28031
4.63078
4.72571
4.76375
4.48063
4.47969
4.62025
4.54421
4.48473
4.63817
4.50055
4.37065
