4.75289
4.49223
4.46654
4.28989
4.39882
4.23512
4.21704
4.34242
4.28294
4.49598
4.40543
4.35097
4.16809
4.21646
4.13633
4.23213
4.15824
4.14881
4.6406
4.05964
4.09363
4.02468
4.36919
4.36469
4.38267
4.07456
4.05537
4.01065
4.15589
4.13846
5.00974
4.27544
5.37585
4.02374
4.58032
4.72881
4.87726
4.48468
3.95203
4.65557
5.29715
4.41953
4.08373
4.83314
4.24043
4.13127
5.28447
4.49569
4.77293
4.76388
4.73374
4.07241
4.01825
4.32656
4.57652
5.09831
4.23862
4.74886
4.55241
4.34741
3.87384
3.89456
3.9104
4.51741
4.22577
4.54404
4.40668
3.97247
4.50243
4.46159
4.67319
5.13918
5.09894
4.4379
3.95879
4.0375
4.249
3.9926
4.40234
4.43214
4.22706
4.3937
4.12129
4.59121
4.36308
4.38868
4.9897
4.34894
4.41984
4.12069
4.2714
4.37722
4.24024
4.11664
4.64546
4.14976
4.26791
4.65962
3.92279
3.97885
4.35666
4.34798
4.18401
inf
4.65709
4.14565
5.08783
4.66393
4.66557
4.48653
4.98728
4.11654
4.33487
4.08792
4.05868
4.05449
4.08877
4.37856
4.94133
4.36682
4.979
4.68081
5.08862
4.51248
4.33747
4.02226
5.02309
5.02185
4.19203
3.88675
inf
4.33522
4.28165
5.02546
5.10609
4.2275
4.33905
inf
4.65788
4.23334
4.40088
4.639
4.47717
4.43909
5.08173
4.09047
5.11779
4.62003
4.71835
4.4394
5.05089
4.6948
4.44334
4.03683
4.31059
4.18416
4.51908
4.42401
4.42623
4.38893
4.35446
5.03114
4.13557
4.1642
4.19856
4.32337
4.4815
4.77034
4.28382
4.37573
4.30521
4.31737
4.52207
4.07838
4.76327
4.77985
4.19365
4.36965
4.36437
4.06581
4.84834
4.29462
4.10899
4.27737
4.14151
4.84136
4.4706
4.11637
4.08735
4.31281
4.6682
4.55454
4.93938
4.53317
4.57566
4.11276
4.21892
4.5489
4.39507
4.8414
5.20609
4.71548
4.38478
4.19224
4.35851
4.7243
4.4217
4.39395
4.9698
4.28125
4.9385
4.46614
4.22676
4.21278
4.45738
4.23153
4.71986
inf
inf
4.8025
4.10531
4.27498
4.24194
4.52167
4.65325
4.74421
4.51682
4.36576
4.75154
4.53113
5.13871
inf
inf
5.17301
4.15743
5.19873
4.34715
4.72534
4.36256
4.24868
4.31712
4.15927
3.9585
4.63485
4.28692
4.59201
4.45374
5.08571
4.69662
4.62916
4.0548
4.0194
3.9518
4.57508
3.90797
4.37532
4.61335
5.04861
5.07535
inf
5.04404
3.89444
4.87866
4.31901
4.63207
5.04306
4.21226
inf
5.01359
4.07466
4.94001
4.89746
4.58919
4.99934
inf
4.15566
4.09054
4.37498
5.02405
5.05217
4.35774
4.91272
4.25374
4.19054
inf
5.1304
5.07061
4.30826
4.64307
4.62289
4.6819
4.94885
4.07528
4.41106
inf
4.86933
4.56026
4.42805
4.62114
4.15935
5.1003
4.97263
3.92894
4.23209
4.13204
inf
4.37619
4.63861
4.5752
inf
4.64041
4.38807
4.05181
4.40037
4.60254
4.97403
4.32429
4.05547
4.40755
3.80765
inf
4.98833
4.44833
4.45844
4.40583
inf
4.72805
4.69661
4.45728
4.99123
5.11965
5.19301
inf
4.32344
4.5038
5.14449
5.10991
inf
4.74852
4.37303
4.08499
4.09681
4.78202
4.80429
5.20564
5.23885
4.24608
4.56302
4.52587
4.27237
4.42864
5.27823
4.40369
4.43973
4.18939
4.11686
5.27075
4.6825
4.66965
4.32133
5.37965
3.99279
4.57067
4.01252
4.96068
4.59715
4.71657
5.00368
4.36192
4.62522
4.77597
4.16745
4.88442
4.45033
4.88375
4.43233
4.15778
4.46333
4.78824
4.37684
4.3452
4.37359
4.84836
4.42313
4.4157
4.73466
4.3571
4.68687
4.79252
4.30565
4.37415
4.72883
4.50285
4.59386
4.54486
4.63183
4.55317
4.70741
4.49382
4.33718
