3.36057
3.43336
3.47718
3.45109
3.49266
3.44567
3.55
3.51552
3.57204
3.62375
3.46829
3.65228
3.59076
3.58908
3.68433
3.69449
3.65939
3.60694
3.52371
3.44356
3.64142
3.55934
3.59116
3.66866
3.56841
3.53704
3.72303
3.58014
3.66856
3.53217
3.27783
3.46208
3.64109
3.62955
3.65292
3.43717
3.5029
3.58043
3.5232
3.70479
3.60134
3.53995
3.53525
3.50195
3.62967
3.38679
3.53909
3.49137
3.73599
3.92776
3.69914
3.60365
3.60837
3.69611
3.47469
3.65605
3.74353
3.5143
3.55464
3.98491
3.62389
3.5372
3.71003
3.31826
3.55309
3.59356
3.38154
3.51877
3.57388
3.57679
3.64616
3.3975
3.75148
3.4388
3.50447
3.67112
3.44706
3.57447
3.39484
3.52024
3.37146
3.51069
3.44916
3.61364
3.72391
3.65719
3.50916
3.34917
3.74955
3.6283
3.42596
3.33546
3.84139
3.50914
3.43018
3.33086
3.57741
3.70875
3.24574
3.59471
3.68961
3.5791
3.94865
3.40654
3.79544
3.50739
3.46938
3.45269
3.57421
3.39893
3.30956
3.59398
3.42904
3.66936
3.49743
3.48686
3.51461
3.48483
3.44362
3.35153
3.51057
3.41397
3.40091
3.80388
3.51367
3.71206
3.39917
3.60546
3.54662
3.47994
3.7402
3.73773
3.58311
3.5827
3.6679
3.43253
3.46701
3.55973
3.57594
3.45416
3.63233
3.91158
3.30356
3.31726
3.34574
3.53242
3.87735
3.95198
3.66157
3.57047
3.64449
3.5395
3.80033
3.57085
3.60774
3.43292
3.64706
3.41559
3.51077
3.96856
3.48003
3.77909
3.52665
3.87945
3.60392
3.47592
3.47734
3.45201
3.61689
3.47712
3.50963
3.56142
3.49152
3.48457
3.71917
3.45076
3.7063
3.57801
3.55137
3.41424
3.63275
3.56436
3.44825
3.35008
3.71095
3.44401
3.59305
3.7501
3.42384
3.42295
3.5503
3.69032
3.57592
3.31322
3.60555
3.57176
3.6966
3.72689
3.84674
3.6634
3.66329
3.6386
3.55476
3.67177
3.67634
3.44645
3.53847
3.72321
3.5154
3.85116
3.43198
3.71559
3.40447
3.6045
3.70987
3.62359
3.52159
3.96437
3.80653
3.73682
3.3475
3.40521
3.66995
3.43805
3.57853
3.60564
3.56153
3.40493
3.55196
3.531
3.53578
3.16709
3.62269
3.63275
3.65297
3.91716
3.39587
3.27382
3.71084
3.54113
3.87414
3.70194
3.8312
3.62556
3.6815
3.55827
3.42637
3.34158
3.47493
3.6642
3.39089
3.45475
3.85165
3.4476
3.56312
3.64031
4.09987
3.58528
3.81078
3.55364
3.37171
3.8299
3.68996
3.60432
4.29092
3.34181
3.72596
3.54084
3.4036
3.77972
3.4503
3.30739
3.50618
3.51592
3.7064
3.37875
3.32942
3.45039
3.63522
3.58306
3.65727
3.77028
3.58717
3.98097
3.84109
3.98966
3.66094
3.49801
3.48827
3.95994
3.28788
3.75155
3.49416
3.65369
3.32772
3.41016
4.10265
3.70465
3.52086
4.07168
3.61818
4.0354
3.47248
3.93881
3.7977
4.05018
inf
3.30629
3.74753
3.68309
3.57756
3.72891
3.81722
3.54502
4.00329
3.59875
3.58092
3.66868
3.85659
3.93317
3.7357
3.47729
3.72661
3.83918
3.97259
4.13286
3.60822
3.92562
4.48176
3.6029
3.68814
3.84314
3.4822
3.9262
3.65481
3.86274
3.65986
3.34478
3.41177
3.5777
3.96283
3.80554
3.6262
3.65787
3.89812
3.55665
3.79957
3.5216
3.41957
3.67446
3.78419
3.96878
3.67649
3.69096
3.65627
3.57447
3.73019
3.44504
3.55667
3.45249
3.72938
3.71177
3.56089
3.47029
3.82073
3.67611
3.67397
3.37218
3.37959
4.16803
3.5239
3.56821
3.36356
3.62546
3.78152
3.80733
3.51663
3.47559
3.30122
3.87511
4.00364
3.6689
3.68011
3.45934
3.5493
3.70934
3.55695
3.70573
3.65271
3.52374
3.54471
3.5916
3.74813
4.08725
4.06399
3.69487
3.86597
3.79961
3.66024
3.59995
