5.21659
5.16189
5.14187
5.08648
4.61513
4.70494
4.52998
4.7693
4.48512
4.58231
4.88182
4.37179
4.53384
4.3388
4.40467
4.37291
4.36347
4.46485
4.50352
4.29972
4.02762
3.97966
4.47833
4.28997
4.38142
4.09802
4.33062
4.21506
4.36882
4.39892
4.13459
4.16967
4.21463
4.48795
4.48034
3.9985
4.12913
4.08346
4.21222
4.57427
4.45101
4.26914
5.28214
4.61553
4.11141
4.02318
3.89669
3.96196
4.22147
4.3029
4.22088
4.72158
4.12255
4.32616
3.71485
4.49213
5.19908
5.0324
4.15787
4.4119
4.16022
4.20889
4.47522
4.39978
4.16734
4.49676
4.074
3.99751
4.58698
3.70253
4.27367
4.47185
4.74878
4.36443
4.66173
4.04891
4.68873
4.64284
4.45073
4.55775
4.26268
3.81327
4.43463
4.90964
4.39947
4.84505
3.90933
5.09557
3.97594
4.39879
4.22837
4.65388
4.41506
5.07677
4.32339
3.87811
4.16992
inf
4.56261
4.39026
5.00648
4.23379
4.35586
4.07778
4.33324
4.61458
4.54653
4.31408
inf
3.82357
4.376
3.9862
inf
4.60713
4.34078
4.67003
4.64109
5.05261
4.69454
4.24627
4.44337
4.40722
3.99995
4.02178
4.48252
3.923
4.68097
4.09901
4.21125
4.3758
4.94297
4.25451
4.97859
4.20812
4.44427
inf
4.5831
4.58107
4.29514
inf
3.85025
5.17687
4.00783
4.3756
4.54297
5.07993
4.19086
4.46191
4.7053
4.64458
4.36275
4.144
3.98842
4.73957
4.1454
4.78836
4.03596
4.69648
4.13296
4.16243
4.35624
4.732
4.32968
4.01067
5.13613
4.03082
4.33822
4.37098
4.7406
4.35186
5.19638
4.81871
4.16436
4.45421
4.15698
4.60309
4.55629
inf
4.0776
4.59411
4.89395
4.59579
4.86574
4.48367
4.52007
4.33563
4.86841
4.83811
4.18223
4.38052
4.58113
3.90585
4.65315
4.2883
4.56088
4.6404
4.42587
4.92069
4.14474
4.32708
4.31004
4.13648
4.4739
4.42502
4.3332
4.45882
4.4452
4.07797
4.97011
4.58178
5.0086
4.15388
4.47105
4.84347
4.14097
4.95052
4.60174
4.13509
4.05898
4.09604
4.5521
4.64771
4.56122
4.83982
4.78861
4.30181
4.54821
5.12616
inf
4.30845
4.36032
4.19392
4.8556
4.3595
4.35305
4.50396
4.4887
4.33561
4.49341
4.54178
4.77507
4.0551
4.32388
4.27675
4.32773
5.0944
5.10893
5.10063
4.42202
4.59884
4.02615
4.66236
4.24537
4.40384
4.61955
4.25004
4.69971
4.11934
4.75399
3.93202
4.23655
4.68224
4.66679
3.85674
5.06134
4.61207
4.73088
5.0379
4.63446
5.02378
4.9578
5.01972
4.65136
4.61315
3.92394
4.63988
4.06335
inf
4.21576
4.60647
4.22309
4.12481
inf
4.05571
4.10708
4.39113
5.09607
4.24289
4.0539
4.54915
inf
4.95597
4.61723
4.37225
4.56905
4.23001
5.04888
4.05258
4.0092
4.26138
4.33911
4.67221
4.42526
4.93885
4.41095
3.99174
4.08585
4.25967
4.20159
4.69474
4.2357
4.38273
4.26765
4.35327
4.61025
4.18092
4.01659
4.24305
5.02673
4.69323
4.1444
4.31143
4.66679
4.67258
4.28907
4.27945
inf
4.11772
4.2798
4.3078
4.1103
4.70512
4.10684
4.15528
4.14571
4.3114
4.36272
4.4761
5.06774
4.33777
4.74509
4.01002
4.19873
4.54072
4.37864
4.72432
4.14252
4.77119
4.52604
4.8429
4.56245
4.44926
inf
4.56465
4.43258
4.59297
4.3472
4.44556
4.00515
4.62318
4.40058
4.14081
4.49659
4.48277
4.16351
4.93978
4.73616
5.00227
4.09622
4.27403
4.34088
4.44504
4.18625
4.41584
4.53723
4.86507
4.62562
4.73094
4.77144
4.52674
4.79542
4.56975
4.44096
4.76456
4.33402
4.69988
4.96559
4.38404
4.29176
4.56887
4.42643
4.57319
4.44914
4.43949
4.46762
4.66425
4.65192
4.39471
4.55811
4.35479
