4.67126
4.73969
4.77484
4.62623
4.50178
4.51383
4.24991
4.46871
4.22315
4.37873
4.24129
4.11978
4.26944
4.65839
4.83095
4.58742
4.4972
4.84161
4.71819
4.58608
4.50037
5.03601
4.55315
4.76451
4.43287
4.86146
5.41319
4.81834
4.3486
4.61378
4.329
4.72276
inf
4.68706
4.25001
4.21775
4.64088
4.32398
4.26812
inf
4.9074
4.78743
4.86278
4.77869
inf
4.8299
4.77996
4.79277
4.2165
3.96738
5.20198
4.20277
5.20225
4.51345
inf
4.73541
4.72967
4.13267
4.62791
5.10745
5.12639
inf
4.11881
5.00852
4.40702
4.68815
4.49008
4.50033
4.61678
4.27814
3.92423
5.10877
4.00149
4.11064
5.20097
4.40614
4.20745
4.39939
4.65544
4.65417
3.96453
5.04395
4.33851
4.31788
4.5647
inf
4.62466
4.35236
4.1878
4.54464
4.17066
inf
4.60113
4.97966
4.39295
4.87262
5.04385
inf
5.0576
4.99768
inf
4.3141
4.5761
inf
4.95062
4.98242
4.92078
4.33742
3.91682
4.19382
4.3679
4.62036
4.35201
inf
4.56205
inf
4.98006
inf
inf
4.59811
5.01607
5.04474
4.52982
5.0148
inf
4.30196
inf
inf
4.57937
4.39216
4.61047
4.55743
5.02752
4.19253
4.39602
inf
inf
5.01973
5.15661
4.20035
4.66585
4.58233
4.38511
4.61373
4.93712
4.36903
5.07911
4.21735
4.21561
4.18537
4.72244
4.67395
5.15835
4.62267
5.05642
5.06557
5.17963
5.00205
4.68701
5.05467
4.58184
inf
4.69182
4.31871
4.71292
4.71347
4.6575
4.65778
inf
4.28739
inf
4.72998
4.72579
4.35192
5.16615
4.72625
5.18209
4.52203
4.36134
4.5258
4.80895
4.42098
4.28098
4.77202
4.59262
4.83941
inf
4.91053
4.67113
4.65372
4.9155
4.91788
4.67764
4.53879
4.76162
4.48079
4.65475
4.6762
5.0931
4.60022
4.62737
4.48977
4.31956
4.20074
4.21721
4.53892
4.93365
4.57511
4.71806
4.4075
4.87723
4.31323
4.59972
4.84566
3.91001
4.19627
5.16409
4.5601
5.16739
4.74767
5.20746
4.36535
4.24737
4.102
4.73379
4.36514
4.51895
inf
4.32092
4.51634
4.45371
inf
5.14194
4.66529
inf
4.65666
inf
4.4852
5.11238
4.67278
4.73453
inf
4.1226
4.99491
5.12605
4.7067
4.61034
4.37237
4.69824
4.28104
4.6327
4.23652
4.71017
4.64922
inf
5.06376
5.09026
4.63766
inf
5.10215
5.02551
5.07481
4.21794
4.65238
4.2331
4.20877
4.63517
4.57856
4.55033
4.64265
4.67206
4.62933
5.03903
5.07311
4.24984
5.00423
5.07164
4.64005
5.11244
4.44044
4.2282
4.96385
5.0194
4.69659
4.31335
4.41351
4.19742
4.96188
inf
4.62921
4.6718
4.62544
4.55012
4.61347
4.58574
5.02021
4.93198
inf
inf
4.20361
inf
inf
inf
4.36694
4.56813
inf
5.07573
4.40288
4.60835
4.09961
5.07036
inf
4.38382
4.35446
5.04798
4.24971
inf
4.69162
5.0586
4.71795
4.11484
inf
4.70123
4.69104
inf
4.05365
4.9799
4.46168
4.63742
4.46496
4.29901
4.6372
4.48694
5.08263
4.74733
4.33612
5.14457
4.45924
inf
4.33453
4.46224
5.07329
5.19239
inf
4.78753
4.56816
4.53085
4.57389
4.75979
4.8374
4.52571
inf
inf
4.91455
4.30009
5.21757
4.62455
4.65811
5.33503
4.49787
4.64277
5.32832
4.27534
4.64902
4.73213
4.71541
4.91292
5.32607
4.36356
5.41881
5.08263
4.29026
5.14149
4.43814
4.44524
4.56913
4.77521
4.79914
4.80771
5.22766
4.30818
4.73768
5.23447
4.7173
4.71699
4.98119
4.74674
4.61538
4.57973
4.9214
4.8229
4.72687
4.38171
4.80622
4.60854
4.60549
4.64294
4.46071
4.69173
4.45249
