4.50617
4.54891
4.54042
4.70892
4.7584
4.4432
4.47695
4.94518
4.73954
4.76644
4.49024
4.8929
4.3049
5.08147
4.85035
5.24066
4.38211
5.22931
4.63004
4.60114
5.22722
5.61515
4.50694
4.87972
4.50088
4.86393
4.73489
5.10531
4.63287
4.92978
4.48928
4.56267
4.96718
4.5019
4.69358
4.39852
4.54941
4.51211
4.35542
4.49567
4.65111
4.77726
5.25024
4.95974
4.30299
4.90145
4.85799
4.61509
4.60785
4.08426
4.35327
4.59587
5.12097
4.25997
5.18953
5.15795
4.68456
4.22306
4.70832
4.69312
4.44175
4.21216
4.05439
4.43283
4.67876
inf
4.76355
4.47977
inf
4.67856
5.16125
4.44167
4.44745
5.1506
5.04959
4.21993
4.49959
4.43717
4.58662
4.46035
4.98027
4.6034
4.44329
4.34828
4.20711
4.3901
inf
5.05381
4.64025
4.12293
4.38557
5.12056
4.54769
4.62266
4.56573
5.12671
5.06252
inf
4.89643
4.65076
inf
5.16566
4.98457
4.60222
5.08371
4.92658
4.38977
inf
4.409
5.18252
4.35976
4.6451
4.67483
4.91588
5.04076
inf
4.92601
4.36631
inf
5.05749
4.36385
inf
inf
5.09745
5.18566
4.24873
4.60141
4.22247
4.93512
3.97612
4.67948
4.43365
inf
4.60499
4.62548
4.6039
4.73643
inf
5.097
4.22428
4.23646
4.2573
inf
4.23499
5.09405
4.42219
4.98425
4.75717
5.10322
5.02263
4.44816
4.75184
4.67128
4.09868
4.71011
4.91868
4.31215
4.61311
4.02838
4.77036
4.49873
4.4792
4.44208
4.2336
4.75089
inf
4.70431
5.28667
4.26412
4.74265
5.11744
5.26046
4.28775
4.84098
4.53594
inf
4.42873
4.29264
4.13589
5.28622
5.25406
4.8164
4.34086
4.45915
5.39092
4.49636
4.35192
4.94285
4.19425
4.52721
4.62874
4.71567
4.42314
5.07808
4.59974
4.52594
4.34743
5.07395
4.36701
4.6416
4.31289
4.93551
4.73781
5.45358
4.84189
4.83851
4.82632
4.73573
4.74959
4.30155
4.12209
4.48879
4.29406
4.63356
4.6742
4.68519
5.31951
4.43377
4.63057
4.29851
4.43918
4.26925
4.55645
inf
inf
5.27664
4.573
4.39079
4.04352
4.38014
4.54232
5.19109
4.76957
4.71499
4.52237
4.48017
4.52609
4.75917
5.10392
4.75546
inf
4.19756
5.07511
5.20784
4.68166
4.70371
4.61378
4.34652
inf
4.66911
4.46093
4.65195
4.43552
4.75908
4.30848
4.24569
5.12416
4.67624
4.6441
4.72052
4.65365
inf
inf
5.07449
inf
4.34332
4.62696
4.40612
4.41046
5.00743
4.44858
5.13526
5.10164
inf
4.63221
4.67114
4.60081
4.38166
4.25484
4.46336
4.89998
4.3502
4.44656
4.92799
5.12239
4.41583
4.57664
4.38908
4.62032
5.09663
4.17516
4.6414
4.67305
4.60499
4.59509
5.07708
4.67437
4.2248
4.67204
4.2405
5.12054
inf
4.61442
4.5953
inf
4.67522
inf
4.40644
4.68287
4.36695
4.23827
5.10016
5.08288
5.11325
4.26783
4.00774
4.38114
5.10797
4.28649
5.16409
5.06463
5.09459
4.2314
inf
4.58178
5.11413
inf
5.03991
4.49251
4.49272
4.73622
4.76185
4.51787
4.44692
4.20054
4.566
4.29162
4.52451
5.19584
4.50324
4.0052
4.76499
5.21639
4.53615
4.48768
inf
4.58462
4.4196
4.60219
4.84751
4.7426
inf
4.21907
4.63923
4.47523
4.61847
4.46864
4.39755
4.49433
4.94116
5.36744
4.53666
4.44601
4.93054
5.36241
4.96573
4.32769
4.4753
4.72767
5.3887
4.48267
4.6381
4.85813
5.0934
4.88803
4.54203
5.13601
4.81742
5.13598
4.79178
5.26935
4.8996
5.10032
4.92122
inf
5.18212
5.02214
5.08014
4.96817
4.78503
4.6903
4.74857
4.70318
4.8671
4.86716
4.58404
4.77194
4.65759
4.37657
4.44422
