4.88406
4.88146
4.59014
4.8922
4.89868
4.85253
4.62435
4.9115
4.33579
5.10001
4.50584
4.70467
4.45608
4.77621
4.52165
4.7392
4.79475
5.19451
5.65891
4.72911
5.07371
5.37684
4.65403
5.01538
4.70545
4.75894
inf
4.58311
5.0295
5.2448
4.273
4.93565
4.1916
5.29145
4.65661
4.81439
4.955
5.06253
4.8339
5.23127
5.2213
4.79316
4.51258
4.52608
4.78727
4.43886
4.72901
5.05618
4.72189
4.49152
5.08544
4.45838
4.5978
4.61929
5.14548
4.73878
4.70015
4.44403
4.42914
inf
4.30107
4.69428
inf
inf
inf
inf
4.28831
inf
4.62809
5.13003
4.70678
5.11244
inf
4.15298
4.38009
4.62949
inf
5.00427
4.64511
4.70086
5.03581
4.52575
4.56691
4.37451
5.03174
5.02539
5.13955
4.34913
4.89408
4.20417
inf
inf
5.09425
4.44049
inf
4.57155
inf
inf
inf
5.0176
4.4085
inf
5
inf
inf
5.04737
4.58356
inf
4.94612
inf
4.31973
4.53761
4.57956
5.05139
inf
4.96827
4.99906
inf
4.55936
4.34803
4.97296
5.01586
inf
inf
5.12779
4.65218
4.96971
4.55116
4.43298
4.64407
4.6009
5.14462
4.62499
4.6137
inf
5.04081
4.38801
5.05033
5.11644
4.35324
inf
4.6542
5.03573
5.06821
5.16953
5.05075
inf
inf
5.14713
5.06563
4.75553
4.45112
5.12521
4.31459
4.46082
inf
inf
4.5013
4.75842
4.28004
4.3106
4.72463
inf
4.69684
4.41959
4.39073
4.63809
4.45822
4.05398
inf
inf
4.50784
4.6415
4.46166
5.158
4.86778
4.5575
5.18789
5.09501
5.2003
4.56665
4.85979
4.8962
inf
5.19023
inf
4.77225
inf
inf
5.2365
4.44737
5.37147
5.29228
5.40984
4.77739
5.33008
5.07362
5.49143
5.17851
5.25685
4.99205
4.77718
5.10293
4.98389
4.79258
4.97975
4.97416
4.995
4.37393
5.33903
4.94782
4.68989
4.60034
inf
4.59276
5.18274
5.19902
4.70509
4.43455
4.34993
4.35869
4.76907
4.72326
4.78371
inf
5.11759
inf
inf
5.13526
4.46628
4.5311
5.17055
4.74406
4.79872
4.08959
4.80989
5.15368
inf
inf
4.70398
4.19703
inf
5.18668
inf
4.42977
5.15622
inf
inf
inf
5.11805
4.30285
5.08021
4.41836
inf
4.66186
inf
4.63391
inf
5.03816
4.97414
5.16376
5.11144
5.11857
5.01742
4.38766
4.99808
inf
5.07435
inf
inf
5.04617
4.38473
inf
4.39552
inf
5.08325
5.05286
4.57911
5.0662
5.07168
4.65146
4.99529
4.26863
4.57761
5.15264
4.40014
4.34617
4.88304
4.64919
4.62783
4.69224
4.6758
5.02505
4.55181
4.61274
4.61296
5.02303
inf
4.35508
5.12757
5.00793
inf
4.4396
4.98557
4.24209
inf
4.57077
inf
5.07241
4.60134
4.86874
5.14527
inf
4.62355
5.16597
5.14529
inf
4.59371
4.37066
5.00528
inf
4.70471
inf
4.67534
4.73213
inf
5.04283
5.0876
5.06388
inf
4.25636
5.11017
4.74121
5.15913
4.06605
4.10799
4.53713
4.52991
5.19382
4.53864
4.7677
4.77533
5.1466
4.7843
4.76528
inf
4.84893
4.79169
5.2531
4.56521
4.92198
5.26427
4.63443
4.89413
4.88549
inf
5.29961
5.31696
4.67677
5.35789
5.38271
inf
5.27288
inf
4.95336
4.15851
5.01129
4.46262
4.79304
4.30421
4.82247
4.4591
4.71291
4.68591
4.68897
4.78169
4.74466
5.14455
4.68052
4.71414
4.81283
5.68056
4.69493
4.70452
4.51243
4.76159
4.72952
4.61094
4.81103
4.25153
4.83194
4.47862
4.70203
4.50213
4.64946
4.92353
4.70624
4.69079
4.54885
4.43643
