4.50627
4.44684
4.41707
4.55913
4.74687
4.68283
4.51112
4.53006
4.57287
5.1376
4.84557
4.70113
4.70967
4.34908
4.99102
4.90945
4.73069
4.69572
4.80011
5.6026
4.42093
5.13125
4.71046
4.27744
5.02475
4.40953
4.82783
4.62004
5.4162
4.54581
4.73268
4.46982
4.3513
4.62945
4.65719
5.33055
4.62291
4.51857
4.293
4.46779
inf
5.27806
4.77666
4.81001
4.54786
4.72869
4.56224
4.36066
inf
4.81
4.49761
4.6945
inf
4.49056
4.60782
4.50283
inf
4.67565
4.6872
4.44222
4.24923
4.45896
5.01928
4.92802
4.71803
inf
5.10271
4.17244
inf
5.00256
4.36151
5.06525
5.10629
5.17081
4.64641
4.35371
4.98693
4.30504
5.11545
5.08587
4.95512
inf
4.17502
4.28756
4.63051
4.95568
inf
4.63435
4.93875
5.069
5.06197
4.37656
5.03508
4.55486
4.60935
4.37119
inf
4.55537
inf
4.51632
inf
4.30922
5.01672
4.53429
4.92884
4.96994
4.54116
4.9985
inf
4.55042
inf
5.02912
4.31448
inf
5.02297
inf
inf
inf
inf
4.66768
inf
4.66226
4.98086
4.60698
4.9724
5.01807
inf
4.39202
4.96719
4.38653
4.60728
inf
4.08516
4.95681
5.14173
inf
4.37443
5.03081
5.03075
4.35267
4.42095
5.09977
4.95105
5.11776
4.22895
4.28634
inf
5.11532
5.05346
5.01797
5.00046
inf
4.51458
5.14568
5.16559
5.05481
4.6718
5.17231
4.41245
3.95275
4.33953
inf
4.51682
4.75468
4.49462
4.79159
inf
inf
4.13284
4.54358
5.21455
5.01404
4.77905
4.25825
4.50804
5.1244
5.3095
4.84863
5.22444
4.25326
4.67114
5.33011
5.09719
4.66715
4.8608
5.32707
4.84707
4.93624
5.43871
4.50461
5.34679
4.28095
4.89794
5.0327
4.76032
inf
4.87461
4.49263
4.93935
5.31304
4.53215
inf
5.61351
4.65206
5.51806
4.49805
4.43554
4.20312
5.03178
5.34985
5.40718
inf
5.39887
4.67074
5.35294
4.67954
4.65936
4.91512
4.2996
5.29272
4.84767
4.88992
inf
4.86328
4.43605
5.24394
4.48889
4.44481
4.22632
4.8121
4.38331
4.33979
4.84731
4.33912
4.75439
5.18909
4.35773
4.55887
4.55294
4.75713
4.76784
inf
inf
5.20035
inf
4.5146
4.73284
5.12519
4.77348
4.4776
5.1215
4.72437
inf
5.10594
4.46036
4.76693
inf
inf
5.12715
inf
inf
5.11181
5.1615
4.75833
5.1325
4.26123
5.0575
4.6902
4.675
5.07437
4.99102
5.19114
4.61738
5.07672
4.94449
4.26647
inf
5.09048
4.42407
5.05419
4.67487
4.6229
4.96094
4.68936
5.11505
4.68312
inf
4.26733
4.06648
inf
4.65166
4.63969
5.04178
5.05004
4.44428
inf
inf
5.03654
5.08973
inf
4.6101
4.61033
4.42739
inf
inf
4.95488
4.6695
4.61722
4.60925
5.02822
4.39897
4.46757
4.66892
4.68849
4.95172
inf
4.23232
inf
5.1123
4.62669
5.11433
inf
5.10687
4.46214
4.64502
inf
5.10163
5.10475
4.29769
4.64556
5.01663
inf
4.40785
3.8281
5.157
5.19239
4.70908
4.70492
5.16855
5.15963
inf
4.76417
4.30856
5.18178
inf
4.5439
5.21248
4.73658
4.75608
4.28852
4.74607
5.2244
5.21447
4.19377
4.72184
4.82978
5.1169
5.29386
4.80513
inf
4.88806
4.64866
4.88428
inf
4.92808
4.65083
5.36771
4.65695
4.93801
4.7052
5.39056
4.52834
4.95919
4.59936
4.99003
4.99158
4.63953
5.53794
5.10355
5.52135
5.15017
4.95091
4.56197
5.29033
4.89536
5.10726
5.34468
4.74798
4.54487
5.29878
5.02316
4.56151
4.66623
4.94344
4.81463
4.83535
4.52834
4.57437
4.65119
4.54664
