4.74069
4.65612
4.7449
4.92123
5.07602
5.23771
5.82867
5.41155
5.37131
5.05185
4.7119
5.08565
4.64105
5.40342
5.33741
5.77932
5.00303
5.74035
5.13989
4.63146
5.19686
inf
5.2299
4.86571
5.58304
4.71917
5.13617
5.11409
5.31827
4.45895
inf
4.99451
5.41177
5.43069
5.24146
4.79465
inf
4.94983
inf
4.92121
inf
5.27662
inf
inf
5.2396
inf
inf
5.18365
5.17947
5.1954
5.20251
inf
5.13163
5.16456
inf
4.74727
inf
inf
4.65997
4.71693
inf
4.63209
5.04213
inf
inf
4.97464
inf
4.92548
4.83341
4.89567
4.89304
4.65499
5.13013
4.99586
5.02588
4.89268
inf
inf
4.55631
inf
inf
5.06837
5.11149
4.89371
5.00156
inf
5.05927
4.95516
inf
5.03098
inf
inf
4.96874
5.04183
inf
inf
4.83736
inf
inf
4.54674
4.87246
inf
inf
4.33542
inf
inf
4.80516
inf
inf
5.05513
4.56186
inf
4.9914
inf
4.93528
inf
inf
4.88574
4.47288
4.50297
inf
5.02873
inf
4.4833
inf
4.92432
4.86222
4.32102
inf
4.56062
inf
inf
inf
4.88331
5.02559
inf
inf
4.31465
5.06073
5.00587
inf
inf
4.97412
inf
inf
inf
inf
4.39935
inf
4.86399
4.98493
4.55821
inf
4.9596
5.02981
inf
inf
5.0156
5.04878
5.00212
5.11796
5.11562
5.05864
5.08101
4.4017
inf
4.63674
5.04459
4.69974
4.99362
inf
4.69204
inf
5.09911
4.66135
4.47954
inf
inf
inf
5.09905
4.98567
inf
5.04702
inf
5.15859
4.99987
4.58133
inf
5.17643
5.17943
4.87457
inf
4.83058
inf
inf
5.31502
4.89824
4.98566
5.38948
inf
inf
5.54749
inf
5.4043
4.90334
5.42249
5.37089
4.87327
5.24938
5.17702
4.82965
4.8778
4.61555
5.20035
inf
inf
4.49103
5.08303
4.62623
5.13009
inf
inf
inf
5.10408
4.64616
inf
4.71408
5.09217
inf
5.17652
5.07849
inf
4.68796
4.68619
4.60753
inf
4.9935
inf
5.08134
5.04422
inf
inf
4.37749
4.17249
inf
5.04776
4.56088
inf
4.97025
4.48705
inf
5.03227
4.64729
inf
4.64927
4.9795
inf
inf
4.54341
4.95609
inf
inf
4.57495
inf
4.49092
inf
4.91068
inf
4.7994
inf
4.24135
5.0014
inf
inf
inf
4.52977
inf
4.85995
inf
4.81069
5.01831
5.01046
inf
inf
inf
inf
4.51663
5.0454
inf
4.47992
4.88483
inf
4.97505
inf
inf
4.98857
4.48347
4.49002
4.56282
inf
5.0315
4.91309
4.53405
inf
4.5473
4.30681
4.48245
4.91843
inf
4.95181
inf
inf
4.83349
4.61588
4.56213
inf
4.55755
4.89205
5.05058
4.3912
4.58095
5.03406
5.07218
4.62586
5.11339
4.64054
inf
inf
5.07991
inf
4.64517
4.62693
4.9981
4.64154
4.23162
5.11253
inf
inf
5.11514
4.7103
5.05385
5.16181
4.65843
inf
inf
5.16423
5.02842
4.76776
5.12597
4.80526
5.15116
5.13784
5.20491
5.25753
4.59848
4.3938
5.13523
5.24149
inf
5.28096
4.91015
inf
4.64583
5.27857
4.89815
5.35123
4.68375
4.53181
5.3116
inf
5.38224
4.57665
5.01816
4.6629
4.66362
5.08064
4.54769
5.14762
5.51871
5.19986
5.20277
4.82068
4.89936
4.61868
5.26051
5.12268
4.98085
4.92328
4.9306
4.45883
4.81982
4.81266
5.47844
4.90752
4.69653
4.69654
4.44887
4.51732
4.41361
4.5696
