4.71005
4.79048
5.02652
4.78794
5.01272
5.28238
5.11873
4.64823
inf
5.20856
5.2244
4.98593
5.12244
5.30017
5.71468
inf
5.21777
inf
5.16838
inf
5.3226
4.99977
4.93758
inf
5.32474
4.94346
4.89021
inf
4.84693
inf
5.34615
4.74296
5.23881
5.24442
4.52179
5.19385
inf
5.27287
inf
inf
inf
inf
4.5194
inf
5.2096
inf
inf
4.39872
inf
5.14716
5.07608
inf
inf
5.02601
5.09886
4.98826
inf
5.1048
inf
inf
inf
inf
inf
5.05595
4.62624
5.05542
4.93791
inf
4.91112
inf
inf
5.01521
5.00138
inf
inf
4.54014
4.99054
inf
inf
inf
4.9382
inf
inf
inf
inf
4.57718
4.97663
inf
4.92932
inf
inf
4.91323
inf
inf
inf
inf
4.48793
inf
inf
inf
inf
inf
inf
inf
inf
4.52812
inf
inf
inf
inf
inf
4.97155
4.8143
4.85635
inf
inf
inf
4.94977
inf
inf
4.28783
inf
4.96052
4.9844
inf
5.0054
inf
inf
4.84215
inf
4.95401
4.52372
inf
inf
inf
inf
4.91139
inf
inf
4.53798
inf
inf
4.9176
inf
inf
inf
inf
inf
inf
4.89436
inf
inf
inf
4.59644
4.99687
4.99799
inf
inf
inf
inf
4.98088
inf
inf
inf
inf
inf
inf
4.98744
inf
inf
inf
4.99982
5.06279
inf
inf
inf
5.12862
5.15715
inf
5.07857
4.69046
4.43316
inf
inf
5.11653
inf
5.24717
5.18749
inf
5.18034
inf
4.89951
inf
4.89988
5.24603
5.27504
inf
5.49771
5.39319
5.08652
inf
5.35405
4.99361
inf
4.89503
5.37832
inf
5.32028
4.78046
4.55921
inf
5.27849
inf
5.15295
4.75209
5.1191
5.2318
inf
inf
inf
5.17602
inf
inf
inf
5.04143
inf
inf
4.70923
inf
4.57174
5.04307
5.11566
inf
5.06313
inf
4.38494
inf
5.00245
5.06064
5.08804
inf
inf
inf
inf
5.00387
4.91229
4.56826
5.02084
inf
4.89562
5.00116
4.95863
5.05189
inf
5.00854
inf
inf
inf
inf
inf
4.99192
inf
inf
inf
inf
4.29146
4.93021
4.89097
inf
inf
4.07965
4.54674
4.89514
4.52874
4.9583
4.98149
4.89622
inf
4.94196
inf
inf
5.01315
4.59273
4.54925
inf
4.56342
inf
4.58054
inf
inf
4.94777
4.55766
4.54766
inf
4.28896
4.91926
4.56766
4.90159
4.85513
4.8771
inf
4.56956
inf
inf
inf
4.90419
inf
4.97506
inf
4.30352
4.94707
5.01075
5.02481
inf
inf
5.05071
4.63117
inf
4.98444
4.32815
inf
4.93505
inf
inf
4.55295
4.92962
5.0906
inf
inf
4.58605
inf
inf
inf
5.0858
inf
inf
5.1176
4.9986
5.02626
5.00466
5.13361
4.71368
inf
5.00421
inf
inf
inf
4.52736
inf
5.09378
inf
4.73735
5.13834
5.11657
inf
4.81768
4.73043
4.77433
5.18739
5.27861
4.77034
4.54968
5.17853
inf
4.80744
4.85334
inf
5.39471
5.305
inf
5.28758
4.9214
inf
5.56331
5.42488
5.07681
inf
5.46217
4.6838
5.59608
5.14698
inf
5.55726
4.71342
5.08398
5.12004
4.79854
4.90277
4.68272
5.23962
4.90333
5.09705
4.89818
5.36958
4.57519
4.7227
4.45315
4.48737
4.48732
4.43729
