3.42477
3.44724
3.47361
3.51566
3.45423
3.47496
3.50863
3.52011
3.49722
3.49778
3.41783
3.54159
3.48274
3.48962
3.52907
3.47999
3.55009
3.51725
3.54345
3.50762
3.51501
3.60647
3.66234
3.61852
3.45033
3.50222
3.64748
3.66836
3.62132
3.36918
3.54561
3.5617
3.60536
3.63123
3.45771
3.65467
3.4985
3.4859
3.49257
3.60011
3.48788
3.60178
3.46699
3.37809
3.70268
3.34999
3.6132
3.72025
3.52371
3.61981
3.34678
3.40036
3.53861
3.39973
3.47144
3.42038
3.56071
3.53041
3.56718
3.50894
3.79401
3.33352
3.56837
3.55515
3.57048
3.60177
3.51749
3.44934
3.52108
3.37661
3.56972
3.48558
3.5267
3.15799
3.58763
3.38158
3.46425
3.37897
3.45353
3.39407
3.41018
3.65665
3.68295
3.46467
3.45501
3.57043
3.25791
3.26972
3.82573
3.54421
3.56145
3.28361
3.39355
3.47349
3.45859
3.54595
3.36571
3.31311
3.33544
3.50333
3.68181
3.71858
3.47786
3.58293
3.20886
3.42207
3.43938
3.50884
3.5845
3.37761
3.50014
3.66163
3.46166
3.77558
3.48495
3.45094
3.54558
3.35737
3.29086
3.57409
3.60783
3.84952
3.67096
3.31657
3.58967
3.60688
3.72424
3.63153
3.41502
4.00904
3.6029
3.49916
3.6135
3.36101
3.72514
3.45002
3.90566
3.36302
3.6543
3.75483
3.43928
3.60438
3.57753
3.55739
3.74195
3.51479
3.67331
3.85794
3.33682
3.61494
3.54361
3.59367
3.60592
3.73514
3.45825
3.6927
3.4677
4.02843
3.49932
3.50171
3.3878
3.53278
3.57758
3.60574
3.48694
3.72546
3.48215
3.72253
3.39703
3.63108
3.39738
3.70662
3.61997
3.54871
3.59592
3.52849
3.63503
3.91212
3.43918
3.32798
3.51535
3.70883
3.66172
3.56813
3.97356
3.64128
3.42497
3.55871
3.50962
3.61307
3.48741
3.37819
4.0365
3.44397
3.37956
3.36293
3.47082
3.46595
3.59535
3.60126
3.46015
3.58986
3.85803
3.31723
3.61494
3.47062
3.58236
3.28301
3.4381
3.65772
3.03232
3.54133
3.47769
3.46732
3.28937
3.45518
3.43887
3.44283
3.27712
3.35541
3.63126
3.40129
3.52145
3.75781
3.70677
3.53299
3.29024
3.52111
3.36694
3.40758
3.49583
3.57022
3.42752
3.50291
3.29966
3.44865
3.27512
3.46559
3.2558
3.35428
3.45742
3.26621
3.62581
3.61776
3.39001
3.54697
3.49764
3.34631
3.26099
4.09499
3.3855
3.2711
3.8602
3.16186
3.52621
3.51751
3.5826
3.48885
3.4288
3.56933
3.32864
3.53352
3.34302
3.24367
3.73864
4.05862
3.17592
3.1997
4.01044
3.25668
3.44956
3.11254
3.32463
3.35703
3.40582
3.49401
3.59359
3.23301
3.69234
3.58474
3.53806
3.42406
3.51505
3.28995
3.42264
3.29477
3.41954
3.24959
3.40802
3.7958
3.37732
3.21682
3.62214
3.68808
3.64928
3.13697
3.34533
3.39591
3.48358
3.65702
3.34919
3.30617
3.35458
3.50373
3.40668
3.25863
3.47278
3.49492
3.88455
3.59102
3.09694
3.3478
3.57846
3.24975
3.57843
3.33835
3.43294
3.65032
3.78076
3.29802
3.92083
3.71941
3.63959
3.60847
3.4419
3.25281
3.26907
3.54859
3.34192
3.3188
3.40827
3.44207
3.5353
3.45275
3.56528
3.65302
3.40924
3.35567
3.64755
3.8402
3.65543
3.67796
3.788
3.37037
3.44103
3.77943
3.68238
3.39439
3.72306
4.29225
3.70578
3.59366
3.52468
3.54457
3.39053
3.37997
3.43983
3.59898
3.37758
3.96722
3.5839
3.57364
3.57982
3.58343
3.77091
3.52251
3.61376
3.34821
3.362
3.54654
3.74868
3.32963
3.33911
3.57678
3.50687
3.61267
3.42039
3.6696
3.5643
3.52562
3.46044
3.49566
3.39635
3.67039
3.35988
3.54979
3.43831
3.40201
3.7329
3.76442
3.62339
3.63688
3.66822
3.8847
3.60159
3.6563
3.60595
3.80947
3.76381
3.57426
