4.11893
4.07956
4.09521
4.08134
4.25344
4.40208
4.21702
4.17533
4.00317
4.04269
4.38895
4.32533
4.23482
4.12911
4.40877
4.12552
4.23366
4.21988
4.18102
4.24484
4.0748
4.09798
4.28496
4.33849
4.20797
4.90911
4.49525
4.18445
4.03272
4.17643
4.18324
4.28984
4.50623
3.8788
4.19508
4.75628
4.17515
4.56057
4.56276
4.19311
4.39336
4.18694
4.92836
4.34963
4.05742
4.19252
4.41405
4.57438
4.22265
4.05305
4.16951
4.44305
3.84476
4.26898
4.60072
4.34749
3.87881
3.88608
4.1113
4.34042
4.49324
3.97989
inf
4.3262
4.46048
4.31264
4.0676
4.45661
4.24384
4.68816
4.02063
4.47888
5.11195
4.10068
3.94595
3.9366
4.11774
4.39241
4.24309
4.41987
4.41288
3.97585
4.56504
3.88035
4.37903
3.99096
4.22284
3.9624
4.99978
4.8898
4.17511
4.40573
4.37697
3.92361
4.01921
4.60761
5.03824
4.05323
4.19106
3.95783
4.56847
3.81314
4.01691
4.31782
4.31497
3.92806
4.00918
5.03079
4.54159
4.01789
4.60452
4.57361
4.34872
4.1769
3.89747
4.30016
4.16054
4.58003
4.00582
4.16211
4.61509
4.00394
3.92714
4.58633
3.66778
4.48628
4.19372
3.90449
3.99487
3.7409
4.15785
3.82759
4.32442
3.67555
4.1266
3.90865
4.12238
4.04033
4.32182
4.33432
4.18085
3.92232
4.96081
4.34315
4.40572
5.0194
4.16125
4.36807
4.65334
4.9883
4.33339
4.16634
4.03052
3.95303
inf
inf
4.3954
5.04918
inf
4.59827
4.22271
4.55482
4.9889
4.38293
4.34954
4.36504
4.44615
4.41438
4.21859
3.92341
5.10256
4.14901
5.06213
4.48592
4.1523
4.23801
4.27836
4.15884
4.29174
4.07684
4.06255
3.99602
4.52196
4.11129
4.56751
3.79008
4.53976
4.12413
4.13523
5.2618
4.55792
4.17227
4.3201
3.85595
4.08647
4.10256
4.06028
4.12297
4.47459
4.03946
3.99774
4.62691
4.40928
4.10344
4.37857
4.07089
4.36277
4.46983
4.02398
3.85192
3.79562
4.08223
4.52791
4.09903
4.3968
4.20483
4.2182
4.35697
4.09085
4.3416
4.21141
4.52278
4.75485
4.52483
inf
3.67829
4.03356
5.1129
4.46275
4.18348
4.15163
4.27056
3.83956
4.00229
3.98455
4.28995
4.44808
5.04581
4.69352
3.81906
4.08582
4.36092
3.85561
3.98043
4.22867
4.6082
4.41537
4.06506
4.19468
3.61949
4.59467
3.65042
3.94319
4.40101
4.05299
4.0585
4.36698
3.88882
4.58196
4.07362
3.94849
inf
4.61673
3.58586
inf
4.57561
3.9297
4.3693
4.36119
4.15489
4.36551
4.40544
4.18912
4.50785
4.05559
4.16337
4.06212
4.23458
4.16384
3.95853
3.99159
4.62103
4.36878
4.03194
3.93112
4.07445
4.63958
4.19897
3.64611
4.63457
inf
3.87841
4.39711
4.03743
4.30236
4.2235
4.15133
3.98152
3.7962
3.87903
4.25943
4.07535
4.08393
4.36448
4.19775
4.23868
3.98663
3.98125
4.22842
4.26414
4.66834
4.08676
4.23982
4.63037
4.28036
3.98725
4.12231
3.90053
4.0047
4.6796
4.2452
4.24707
5.16859
4.28468
4.99475
4.02471
4.66789
4.11076
3.96729
4.02127
4.50593
4.47392
3.80576
5.08546
4.346
3.99052
4.34058
3.91119
4.51031
4.22949
4.54724
5.26008
4.84942
4.15874
4.38322
4.39563
3.99086
4.49896
4.4263
4.17111
4.16662
4.08688
4.63211
4.21367
4.4412
4.36142
4.64928
4.08936
4.08734
3.91411
4.70394
4.92867
4.09422
4.11876
4.44011
4.10607
4.18432
4.37672
4.20621
4.4544
4.47934
4.54643
4.61418
4.70826
4.08445
4.40455
4.37151
4.48287
3.99706
4.0949
4.30951
4.26311
4.22724
4.58215
4.24011
4.11219
4.18921
4.24468
4.55224
4.32556
4.41281
4.31067
4.27955
4.19315
4.3549
4.36545
4.37733
4.30329
4.35652
4.34194
