4.31375
4.22029
4.40395
4.46373
4.44139
4.50466
4.54896
4.40248
4.75865
4.48176
4.68779
4.44303
4.35663
4.89628
5.00846
4.54608
4.79683
4.65155
5.04803
4.61063
5.21815
4.45639
4.53496
4.85692
4.72119
4.47505
5.08814
4.08692
4.60818
4.52104
4.61695
4.45877
4.94402
5.00419
5.34437
4.39213
4.36269
4.06403
4.89951
4.3179
4.6648
5.24442
4.63361
4.43791
4.15236
4.14067
4.58845
4.21963
4.79471
4.15425
4.3377
4.54942
4.75716
4.55212
4.79304
5.16543
4.22925
4.41137
4.49094
4.18378
5.03569
4.2588
4.04274
4.16824
3.92319
4.45103
4.48248
5.07248
4.65402
5.06685
5.07238
4.6697
4.68928
4.22935
4.4045
4.58025
5.12347
5.04808
4.58822
4.39366
4.42482
4.21864
5.00623
5.02467
4.19786
4.36093
5.0519
inf
4.63118
4.57067
4.3888
inf
4.07716
inf
4.97063
4.18103
4.02756
4.96903
4.27407
inf
4.02213
4.58575
4.93585
4.60801
4.59907
4.87588
5.04623
5.01814
4.02327
4.17821
4.35631
4.56944
4.3866
4.99217
4.31984
4.19499
inf
5.00604
5.04445
4.59865
4.53054
4.98603
4.33407
4.62764
4.96155
4.97698
5.01346
4.99995
4.54957
4.41153
4.51568
4.57943
5.03828
4.5879
4.31947
4.62921
4.60418
4.19474
4.34298
5.11693
5.03814
4.38338
5.0657
4.33124
4.34022
4.54417
4.36314
inf
5.04614
4.07815
5.03398
4.57759
4.65446
4.61462
4.96896
4.20057
4.37083
4.36993
4.21472
inf
4.13573
4.23356
4.43297
4.4327
4.00435
4.41992
4.06712
4.68591
4.70152
4.33713
4.71131
4.69463
4.478
4.34711
4.19781
4.68632
4.21246
4.72002
4.51749
4.18983
4.74094
4.53995
5.26803
4.34789
4.81315
5.13263
4.39323
4.85753
4.45857
4.01401
4.92152
4.51584
4.25902
3.971
4.69611
4.38108
5.38076
4.45313
4.32815
4.65592
4.7897
3.97561
4.68647
4.71601
4.29621
4.03278
4.12494
4.65219
4.89369
4.49287
4.68926
4.46376
4.62647
4.32248
4.62025
4.26339
4.30224
3.94326
4.51886
4.80831
4.22984
4.26317
4.51925
5.13438
4.74849
5.16512
inf
4.31732
4.69804
4.82873
3.97621
4.4831
4.09662
4.68868
4.65669
4.16411
inf
4.176
4.67534
4.55852
4.32226
4.65905
inf
4.42628
4.26514
4.4002
inf
4.48927
4.23489
4.30548
5.03341
4.00222
4.39474
5.15375
4.71432
4.672
4.40979
4.66371
4.24974
4.64828
4.63296
5.10305
4.24375
4.20764
4.3972
4.99912
5.06899
4.42965
4.4443
4.19666
4.5779
inf
4.39116
4.60537
4.2307
4.19383
4.96934
4.98373
5.13582
5.09089
inf
4.64895
4.05193
4.70348
4.40447
4.63735
4.22632
4.6011
4.60212
5.09355
4.25263
3.98685
4.12079
5.09023
3.78734
inf
4.19598
4.60761
4.71193
4.63157
4.38476
4.40127
4.57344
4.03886
4.00314
5.08904
4.20607
4.42506
4.62894
4.43963
5.02386
3.80044
4.52404
5.04928
4.47928
4.42931
4.42653
4.41901
4.42262
4.25187
4.34251
4.48801
4.71624
4.69268
4.74803
4.69812
4.45846
4.16793
4.47793
4.23923
5.11733
4.71968
3.85283
4.55796
4.34367
4.36731
4.55548
3.94639
5.14942
4.81738
4.32342
4.40246
4.22726
4.38624
4.57559
4.84962
4.56178
4.38486
4.06554
3.97189
4.23529
5.19326
5.24126
3.94788
5.2269
4.1995
4.31362
3.9176
4.91867
4.4012
4.50297
4.50129
4.27649
4.89359
4.31137
4.98136
4.35561
4.91818
4.33126
5.04016
4.61332
4.30446
4.50305
4.79572
4.65375
4.14223
4.3086
4.19519
4.25708
4.22126
4.39299
4.38337
4.23437
4.17614
4.42294
4.53972
4.59638
4.46371
4.29452
4.24989
4.40527
4.19787
4.42482
4.35701
4.45865
4.33673
4.39637
4.24935
4.35172
4.31127
