4.51342
4.56492
4.50668
4.47418
4.43339
4.86913
4.42159
4.62762
4.50248
4.64275
4.5347
4.61598
4.89838
4.40928
4.81105
4.91192
4.35214
5.29473
4.26821
4.38743
4.5527
4.35127
4.60812
4.89528
4.66155
4.63952
4.63039
4.46634
4.78687
4.97403
4.9708
4.4314
4.36183
5.00362
5.32453
4.48901
4.89383
inf
4.65188
inf
5.24191
4.81115
4.83069
4.39078
4.14177
5.20077
5.16837
4.50874
5.17364
4.48783
4.53222
4.76956
4.53412
4.75567
4.80551
4.12057
4.16802
4.45054
5.13653
4.43822
4.73881
4.41085
4.76389
4.46701
5.04914
5.18122
inf
4.65195
4.43828
5.12134
4.38439
5.11731
5.03996
4.35779
4.65088
4.13642
4.22748
5.09862
5.08191
5.07649
4.43965
5.01415
4.2253
4.64796
5.08142
4.36737
inf
4.01631
4.65853
4.63718
4.38178
4.3817
5.02508
4.34267
inf
4.62912
4.5088
inf
4.20771
4.64448
4.61159
4.58368
4.39837
4.62575
4.08798
4.41077
4.31099
inf
4.05208
4.55695
4.93975
inf
4.59351
4.125
4.58923
4.56663
inf
4.59947
4.20843
4.23415
4.5877
4.36976
4.62136
4.07503
4.1873
4.39347
5.04389
4.38402
4.05623
4.35188
4.09628
inf
4.6272
4.10853
4.40175
4.04089
inf
4.22478
5.01827
5.0518
4.24163
5.08108
4.62341
5.03939
4.7327
4.64256
4.4456
4.12733
4.71157
4.7195
4.6206
4.26107
4.26477
4.40818
4.29245
4.68162
4.0169
4.27014
5.15643
4.19614
4.44526
4.37504
4.48378
4.4722
4.12059
4.74328
4.00019
4.12689
4.5047
4.5525
4.33871
5.18434
5.1656
4.52772
4.37068
4.7766
5.07679
4.57523
4.53828
5.22419
4.21246
4.8463
4.76314
4.15715
4.89038
4.63552
4.93623
5.2596
4.49674
4.35657
5.27227
4.37581
4.34924
4.54203
4.56263
4.57528
4.77714
4.39687
4.20002
4.56792
4.70844
5.46162
4.48832
4.16833
4.66082
4.72191
4.55292
4.05871
4.51705
4.50754
4.68019
4.44467
4.84604
4.48829
4.18487
4.33101
4.85611
4.62497
4.61152
4.80615
4.26657
4.15363
4.85057
4.52016
inf
5.21872
4.334
4.79597
4.22561
4.33464
4.18728
3.99356
4.12231
4.72118
4.30542
4.72072
4.14459
4.34447
5.0887
4.67944
5.08968
inf
4.47349
5.12733
4.21418
3.84632
4.61763
5.01308
5.05769
3.96738
4.66572
4.69608
4.68357
5.10169
4.09625
4.28881
inf
4.0238
4.25892
3.98232
4.6974
4.59344
4.96403
4.59174
4.6495
4.35047
5.14702
4.42214
4.13174
inf
4.6436
4.65429
4.18041
4.63879
inf
4.07948
4.38159
4.38465
4.24644
4.34613
4.1122
4.36478
4.61061
4.60454
4.38362
4.36981
4.61542
4.56336
inf
4.58065
5.02125
4.62427
5.09024
4.59656
5.01184
4.41871
inf
4.36715
4.05272
4.93004
4.97781
4.32988
4.56771
4.3875
4.62793
5.10557
4.38414
4.36552
4.65668
4.32809
inf
4.3874
4.94538
inf
4.6826
inf
inf
4.24987
4.36112
4.2927
4.42859
4.61865
4.39497
5.12517
4.46414
4.67184
inf
3.93826
inf
4.4547
5.03371
4.1873
5.10904
4.4151
4.45011
4.46969
4.74382
4.28329
4.27234
4.17185
4.51884
4.30933
4.76413
4.20313
4.16224
5.19937
4.75308
5.13854
4.8354
inf
4.56135
5.14553
4.40094
4.43441
4.05068
4.16086
5.29165
4.85584
4.8789
4.914
4.45404
4.47794
4.28031
4.16489
4.37951
4.40779
4.17745
4.44552
4.34896
4.132
4.36308
4.84006
4.81498
4.24618
4.47437
4.58547
4.47867
4.26692
4.3132
4.77777
4.30757
4.31654
4.67683
4.64254
4.72762
4.40286
4.56229
4.38564
4.56289
4.39834
4.33638
4.60623
4.38392
4.41035
4.52723
4.43364
4.31574
4.28527
4.21772
4.2853
