4.48005
4.39584
4.46597
4.52678
4.31857
4.41836
4.26663
4.75442
4.52496
4.5714
4.68582
4.39503
4.42321
4.3566
4.30675
4.46709
4.53486
4.31228
4.28377
4.20598
4.39786
4.72697
4.2501
4.2925
4.78638
4.75337
4.55076
4.32763
4.30298
4.34793
4.15837
4.30679
4.32059
4.04891
4.42205
5.21397
4.55788
4.76816
4.02813
4.23431
4.54246
4.34653
5.21767
4.47458
5.16601
4.49085
4.483
5.16421
4.44554
4.68107
4.40539
3.99337
4.66912
5.12733
4.00036
4.61385
3.99602
4.2285
4.37749
4.35194
4.23715
3.9942
4.03072
3.94453
5.04687
4.3199
4.37796
4.97896
3.83536
4.55378
4.3364
inf
4.15495
4.89948
4.49416
3.8206
4.57509
4.56094
4.91914
4.28179
4.28997
4.88908
4.11346
3.94935
4.94793
3.96382
4.22121
4.45735
4.57502
4.49773
4.52005
3.95878
4.90123
4.98861
4.47508
4.47245
4.43805
4.88647
4.02912
3.87874
3.84312
4.96609
4.09691
4.05639
4.11314
4.09103
4.25902
3.82042
4.08844
4.26584
inf
4.02788
4.92185
4.22725
4.24807
3.89549
4.19177
4.28962
4.83331
4.47746
4.2671
4.84906
4.05857
4.9457
4.97536
3.82304
4.40761
3.8273
3.89343
3.84136
4.53655
4.50317
4.53817
4.21012
4.5229
4.26468
3.8393
3.955
3.84536
4.82347
4.49794
4.28321
4.8626
4.29663
4.25437
3.94991
4.25554
4.26772
4.4925
4.27816
4.25784
4.34507
4.53456
4.49213
4.28339
inf
4.02953
4.23446
4.15446
4.15383
4.9901
4.13933
4.95006
5.01589
4.58556
4.33106
inf
4.35346
4.35759
3.95191
5.01308
4.34745
5.01649
4.19423
4.58671
4.05566
4.19556
4.34604
4.1355
4.25091
4.11913
4.08938
4.12056
4.05951
4.4287
4.0224
4.16169
3.6701
4.19523
4.35717
4.38641
4.13721
4.33811
4.35755
4.28441
inf
5.34015
4.08991
4.58977
4.07535
5.13834
4.35504
4.51742
4.87017
4.328
4.86581
4.5331
4.19797
4.39784
4.82093
4.36101
3.87365
4.47059
4.47021
4.76651
5.07152
4.46659
4.76436
4.24669
4.45931
4.13286
4.11267
5.08064
4.96538
4.17315
5.00668
4.20901
4.18411
4.37508
4.18302
4.5636
4.14974
4.19404
4.58536
4.06796
inf
4.92518
4.56874
inf
4.99126
4.36833
4.18956
4.59798
5.08333
inf
4.59357
4.56185
4.57389
4.27604
inf
4.82971
inf
4.51353
4.25963
4.95571
4.52754
4.13103
4.30182
4.10839
4.5278
inf
4.58019
4.197
4.5385
4.14546
4.97131
4.50152
4.16964
4.35683
4.60114
4.6146
4.33889
4.54586
4.31867
4.03997
inf
4.25909
4.91626
4.27299
4.53711
inf
4.94425
4.99479
4.10396
4.91845
4.28019
4.9621
4.10462
4.29765
4.15448
4.92235
4.34881
4.59524
4.14138
4.12155
4.56832
4.95174
4.97338
4.56614
4.94959
4.15741
4.99474
4.5491
inf
4.18394
4.95935
4.91018
4.63063
4.36128
4.10358
4.19519
4.20633
4.15569
4.97325
4.69327
4.03154
4.6352
4.20834
4.24378
5.04839
5.00733
4.97206
4.22587
4.0403
4.02932
4.36178
4.3817
4.65614
4.21898
4.46729
5.04702
4.6947
5.10603
4.32484
4.49508
4.14568
4.27567
4.70657
4.48835
4.75293
4.16739
4.21991
5.20609
4.11312
4.72319
4.24597
4.05759
4.51682
4.17028
4.42655
4.80422
4.82382
4.30615
4.34163
4.18705
4.22835
4.3387
4.12708
4.46264
4.50446
4.22744
4.2133
4.40749
4.71817
4.52546
4.33224
4.6043
4.56709
4.40752
4.58037
4.38985
4.60502
4.3528
4.59259
4.46906
4.25894
4.76966
4.33717
4.45542
4.43938
4.7392
4.42758
4.35113
4.28864
4.35895
4.25347
4.1814
4.29962
4.50799
4.28926
4.40091
4.29184
4.42868
4.41897
4.23882
4.48055
4.35198
4.43597
4.40921
4.28684
