 9113.279470
 10793.657192
 9065.228934
 7915.439245
 8546.966635
 987.551265
 770.653622
 698.644578
 788.197551
 1077.404652
 869.041303
 816.841021
 704.721524
 824.846218
 720.140725
 2401.092063
 1875.706584
 1730.297030
 1958.023035
 2426.837801
 2642.062399
 2107.869914
 2039.263066
 1954.935034
 2617.447936
 1758.669552
 2040.461935
 1739.967258
 2202.721508
 1743.720485
 1782.281799
 1940.206697
 2058.583779
 2033.778888
 1798.539075
 3934.570695
 3123.629074
 2893.620461
 3254.888745
 3870.343742
 4255.335991
 3458.758526
 3444.585046
 3318.909530
 4304.459970
 2971.247066
 3393.736939
 2968.127818
 3719.693742
 2895.739138
 2913.354521
 3259.869854
 3555.170042
 3357.048465
 2976.616252
 7439.281592
 9776.884724
 8346.820698
 7217.436964
 6925.879221
 5728.268596
 776.004507
 731.464966
 508.037824
 527.085841
 328.845770
 1036.989079
 854.650248
 729.394638
 792.639744
 609.323948
 586.105488
 506.785563
 470.343916
 372.758894
 275.590108
 1932.881431
 1804.236053
 1266.623680
 1318.431217
 820.763331
 2037.113292
 2672.722682
 2222.501950
 1921.623728
 2062.309308
 1885.499221
 2594.646002
 1616.832975
 1481.823996
 1321.395022
 1334.356232
 2091.094613
 1518.748640
 1208.677911
 943.993612
 1317.460530
 1789.722314
 1468.642420
 1164.244573
 701.304823
 894.581986
 1902.052497
 1298.872170
 990.042737
 743.530325
 3232.530435
 2938.731989
 2132.483485
 2193.158527
 1454.639327
 3433.384903
 4443.221698
 3665.469286
 3286.644636
 3341.120210
 3124.593536
 4215.195028
 2820.216353
 2475.629848
 2236.827063
 2405.940462
 3381.174376
 2579.148457
 2161.358333
 1630.395235
 2261.393696
 2981.207197
 2446.896588
 1994.778749
 1280.882509
 1710.648885
 3127.550652
 2276.175172
 1837.116616
 1418.320709
 1742.382391
 1669.889481
 1728.831035
 1796.340493
 1762.136844
 837.473234
 874.332275
 854.036087
 854.617886
 832.007504
 858.255876
 839.763624
 838.063972
 864.917229
 824.444397
 360.929037
 375.155610
 379.643852
 374.015490
 357.514969
 365.344291
 364.810275
 379.092944
 369.309614
 376.192496
 1752.849381
 1632.118415
 1687.674795
 1790.982554
 1810.205560
 1858.415325
 693.981469
 704.557214
 655.769009
 661.579874
 464.248279
 670.287706
 691.943343
 685.864820
 690.572749
 659.195202
 689.731100
 631.751834
 657.304948
 537.862889
 432.319557
 281.864922
 287.391827
 305.190065
 306.050382
 323.868456
 269.202559
 280.661504
 286.783125
 291.236637
 295.715923
 298.541793
 308.536570
 313.196783
 324.733172
 322.881055
